
 TSEMO log file created on 20-Feb-2020 

 This file shows the initial specifications of TSEMO and logs the output.
 ¯¯¯¯¯¯¯¯¯¯¯¯¯¯¯¯¯¯¯¯¯¯¯¯¯¯¯¯¯¯¯¯¯¯¯¯¯¯¯¯¯¯¯¯¯¯¯¯¯¯¯¯¯¯¯¯¯¯¯¯¯¯¯¯¯¯¯¯¯¯¯¯¯¯¯¯¯¯¯¯¯¯¯¯¯¯¯¯¯¯¯¯¯¯¯¯¯¯¯¯¯¯
 License information 

 BSD 2-Clause License 

 Copyright (c) 2017, Eric Bradford, Artur M. Schweidtmann and Alexei Lapkin
 All rights reserved. 

 Redistribution and use in source and binary forms, with or without
 modification, are permitted provided that the following conditions are met: 

 *Redistributions of source code must retain the above copyright notice, this   
  list of conditions and the following disclaimer. 

 *Redistributions in binary form must reproduce the above copyright notice,   
  this list of conditions and the following disclaimer in the documentation   
  and/or other materials provided with the distribution. 

 Modified by Mina Konakovic Lukovic 2019. 

 ¯¯¯¯¯¯¯¯¯¯¯¯¯¯¯¯¯¯¯¯¯¯¯¯¯¯¯¯¯¯¯¯¯¯¯¯¯¯¯¯¯¯¯¯¯¯¯¯¯¯¯¯¯¯¯¯¯¯¯¯¯¯¯¯¯¯¯¯¯¯¯¯¯¯¯¯¯¯¯¯¯¯¯¯¯¯¯¯¯¯¯¯¯¯¯¯¯¯¯¯¯¯
 Problem specifications 

 Function used:   consta 

 Number of inputs:   6
 Number of outputs:  3 

 Lower bounds of decision variables:
      x1      x2      x3      x4      x5      x6
  0.0000  0.0000  0.0000  0.0000  0.0000  0.0000
 
 Upper bounds of decision variables:
      x1      x2      x3      x4      x5      x6
  1.0000  1.0000  0.5000  1.0000  1.0000  1.0000
 ¯¯¯¯¯¯¯¯¯¯¯¯¯¯¯¯¯¯¯¯¯¯¯¯¯¯¯¯¯¯¯¯¯¯¯¯¯¯¯¯¯¯¯¯¯¯¯¯¯¯¯¯¯¯¯¯¯¯¯¯¯¯¯¯¯¯¯¯¯¯¯¯¯¯¯¯¯¯¯¯¯¯¯¯¯¯¯¯¯¯¯¯¯¯¯¯¯¯¯¯¯¯
 Algorithm options 

 Maximum number of function evaluations:  4
 Sample batch size:                       4
 Number of algorithm iterations:          1 

 Genetic algorithm population size:        200
 Genetic algorithm number of generations:  200 

                                               f1      f2      f3
 Number of spectral sampling points:         4000    4000    4000
 Type of matern function:                       5       5       5
 Direct evaluations per input dimension:      200     200     200
 ¯¯¯¯¯¯¯¯¯¯¯¯¯¯¯¯¯¯¯¯¯¯¯¯¯¯¯¯¯¯¯¯¯¯¯¯¯¯¯¯¯¯¯¯¯¯¯¯¯¯¯¯¯¯¯¯¯¯¯¯¯¯¯¯¯¯¯¯¯¯¯¯¯¯¯¯¯¯¯¯¯¯¯¯¯¯¯¯¯¯¯¯¯¯¯¯¯¯¯¯¯¯
 Initial data set 

 Number of initial data points:  103 

 Initial input data matrix:
      x1      x2      x3      x4      x5      x6
  0.3200  0.1300  0.0500  0.2100  0.0400  0.2500
  0.0000  0.1800  0.2100  0.2800  0.2000  0.1300
  0.0000  0.0200  0.3800  0.0400  0.2900  0.2700
  0.1900  0.3000  0.1000  0.0600  0.0700  0.2800
  0.0800  0.1600  0.1400  0.0400  0.1900  0.3900
  0.3400  0.0600  0.2300  0.1600  0.1900  0.0200
  0.1400  0.1000  0.0700  0.2000  0.2700  0.2200
  0.0700  0.0700  0.3200  0.2100  0.0300  0.3000
  0.0200  0.0100  0.2700  0.1300  0.4900  0.0800
  0.0900  0.3200  0.0300  0.1300  0.3700  0.0600
  0.0800  0.2100  0.0200  0.0000  0.6100  0.0800
  0.0900  0.3200  0.0400  0.2100  0.1700  0.1700
  0.1400  0.3000  0.0700  0.1000  0.2500  0.1400
  0.0400  0.1700  0.0700  0.2200  0.2400  0.2600
  0.1700  0.1500  0.2800  0.2900  0.0000  0.1100
  0.1000  0.1400  0.1400  0.2600  0.2700  0.0900
  1.0000  0.0000  0.0000  0.0000  0.0000  0.0000
  0.0000  1.0000  0.0000  0.0000  0.0000  0.0000
  0.0000  0.0000  0.0000  1.0000  0.0000  0.0000
  0.6000  0.4000  0.0000  0.0000  0.0000  0.0000
  0.5500  0.4500  0.0000  0.0000  0.0000  0.0000
  0.5000  0.5000  0.0000  0.0000  0.0000  0.0000
  0.4500  0.5500  0.0000  0.0000  0.0000  0.0000
  0.4000  0.6000  0.0000  0.0000  0.0000  0.0000
  0.2700  0.4400  0.0900  0.0400  0.0800  0.0800
  0.0400  0.1900  0.3600  0.2000  0.1200  0.0900
  0.0000  0.5900  0.0000  0.0800  0.0800  0.2500
  0.0000  0.3900  0.1300  0.0700  0.0300  0.3800
  0.0100  0.5100  0.0000  0.1000  0.0200  0.3600
  0.0100  0.6200  0.0100  0.0300  0.1000  0.2300
  0.0600  0.3000  0.4100  0.0100  0.0100  0.2100
  0.0800  0.3200  0.5000  0.0700  0.0200  0.0100
  0.1500  0.2800  0.2500  0.0100  0.0600  0.2500
  0.0000  0.0000  0.0000  0.0000  0.0000  1.0000
  0.0000  0.0000  0.0000  0.0000  1.0000  0.0000
  0.0200  0.1100  0.0000  0.5000  0.0300  0.3400
  0.0100  0.1900  0.0000  0.0000  0.0000  0.8000
  0.0100  0.3900  0.0000  0.0200  0.0100  0.5700
  0.1800  0.1200  0.0000  0.3600  0.0000  0.3400
  0.0100  0.0000  0.1300  0.2500  0.0000  0.6100
  0.3200  0.0000  0.1200  0.0100  0.0000  0.5500
  0.0100  0.1500  0.1000  0.2100  0.0000  0.5300
  0.0100  0.0000  0.1500  0.2500  0.0000  0.5900
  0.1500  0.4500  0.0400  0.0300  0.0100  0.3200
  0.0500  0.3200  0.0000  0.5700  0.0600  0.0000
  0.3100  0.5200  0.0000  0.0800  0.0200  0.0700
  0.1500  0.0400  0.1300  0.6700  0.0100  0.0000
  0.0000  0.2100  0.2000  0.5800  0.0100  0.0000
  0.0000  0.0100  0.2800  0.6700  0.0100  0.0300
  0.0100  0.2800  0.1100  0.4600  0.1100  0.0300
  0.4900  0.0600  0.0000  0.1400  0.0200  0.2900
  0.1400  0.0000  0.0700  0.0100  0.0100  0.7700
  0.0300  0.5800  0.1800  0.0400  0.1000  0.0700
  0.0000  0.3100  0.0100  0.0200  0.1500  0.5100
  0.2500  0.0100  0.0100  0.0400  0.1300  0.5600
  0.2900  0.4500  0.0600  0.0800  0.1200  0.0000
  0.0200  0.0100  0.1600  0.0100  0.5000  0.3000
  0.0200  0.2400  0.0000  0.0300  0.2600  0.4500
  0.0000  0.0100  0.0000  0.0100  0.2700  0.7100
  0.0900  0.0200  0.0000  0.0600  0.4000  0.4300
  0.0000  0.1600  0.0000  0.0000  0.2500  0.5900
  0.3200  0.0900  0.0200  0.0100  0.0100  0.5500
  0.0000  0.0800  0.1300  0.0000  0.1100  0.6800
  0.3900  0.0100  0.0300  0.0000  0.0000  0.5700
  0.2600  0.1800  0.0200  0.0100  0.0100  0.5200
  0.2000  0.1600  0.0000  0.0000  0.0000  0.6400
  0.5100  0.3100  0.0700  0.0100  0.0100  0.0900
  0.1400  0.1700  0.0200  0.0000  0.0000  0.6700
  0.0000  0.0300  0.0200  0.2100  0.3200  0.4200
  0.5700  0.0000  0.1100  0.0100  0.1000  0.2100
  0.5100  0.2500  0.1000  0.0200  0.1200  0.0000
  0.5100  0.0100  0.0700  0.0200  0.1100  0.2800
  0.0000  0.0000  0.0000  0.0200  0.0000  0.9800
  0.6000  0.0000  0.0300  0.0000  0.0200  0.3500
  0.3400  0.0000  0.1100  0.0100  0.0600  0.4800
  0.4400  0.1100  0.1100  0.0000  0.0600  0.2800
  0.6600  0.0000  0.0800  0.0000  0.0000  0.2600
  0.3700  0.4700  0.1000  0.0000  0.0600  0.0000
  0.4400  0.3000  0.0900  0.0400  0.1300  0.0000
  0.2700  0.6100  0.1200  0.0000  0.0000  0.0000
  0.0100  0.0000  0.0000  0.0200  0.0800  0.8900
  0.2100  0.1100  0.0600  0.0000  0.1400  0.4800
  0.5200  0.0100  0.0100  0.0000  0.0000  0.4600
  0.0000  0.3800  0.0100  0.0000  0.0000  0.6100
  0.0000  0.3100  0.0100  0.0000  0.0000  0.6800
  0.3200  0.3400  0.0200  0.0000  0.0100  0.3100
  0.0100  0.4100  0.0000  0.0000  0.0100  0.5700
  0.0000  0.4100  0.0000  0.1300  0.0000  0.4600
  0.0000  0.1800  0.0000  0.2600  0.0100  0.5500
  0.0400  0.4500  0.0000  0.0700  0.0100  0.4300
  0.0000  0.2500  0.0000  0.2500  0.0000  0.5000
  0.3600  0.2000  0.0200  0.0800  0.0000  0.3400
  0.2100  0.0000  0.0000  0.3300  0.0100  0.4500
  0.2500  0.0000  0.0000  0.3100  0.0100  0.4300
  0.1900  0.0000  0.0000  0.3200  0.0100  0.4800
  0.0000  0.6300  0.1000  0.0000  0.0000  0.2700
  0.0000  0.6600  0.0900  0.0000  0.0000  0.2500
  0.0000  0.3300  0.1100  0.0100  0.0000  0.5500
  0.0000  0.6800  0.0900  0.0000  0.0100  0.2200
  0.3500  0.0000  0.0000  0.0100  0.0000  0.6400
  0.0100  0.0000  0.0000  0.3600  0.0000  0.6300
  0.4800  0.0000  0.0100  0.0000  0.1200  0.3900
  0.3900  0.0000  0.0000  0.0200  0.0100  0.5800

 Initial output data matrix:
      f1      f2      f3
-477.3645 -1.2974-78049.1925
-454.7535 -1.3662-68112.8155
-279.9044 -2.1133-51731.0693
-469.5247 -1.7578-77876.9026
-440.0426 -1.9634-76654.9118
-365.6047 -1.2303-62118.0243
-410.9856 -1.1190-66049.6554
-136.1656 -0.8962-22268.5639
-369.0088 -1.3142-61644.3643
-533.9811 -0.8968-68784.7611
-442.6768 -0.7257-59416.2131
-507.4257 -0.9822-66650.9629
-443.6008 -1.1184-65323.0907
-489.5899 -1.3294-72483.9913
-359.3333 -1.7335-60280.1487
-485.2462 -0.8865-66192.4108
-228.9585 -0.7284-49588.2084
-435.6576 -1.1748-60782.1527
-368.0328 -0.0378-29839.9581
-558.3333 -1.0147-72324.3305
-545.1107 -1.0090-76481.1353
-595.9865 -1.0313-80252.0073
-577.5167 -1.0272-78299.5278
-603.0115 -1.0486-79494.8772
-536.4679 -1.3385-83057.1828
-380.6202 -1.5761-63939.3838
-487.9964 -1.6929-74452.7693
-492.2164 -2.0354-77476.1977
-483.0457 -1.7036-74331.8675
-461.0062 -1.5331-68683.9650
-428.6732 -1.9582-73565.0149
-420.3458 -1.7501-70958.0370
-185.7397 -1.9998-39188.2443
-307.5914 -2.9333-68673.8814
-248.0791 -0.3369-41639.4837
-330.4220 -1.6093-58954.7196
-261.1897 -2.5356-54113.5267
-374.3907 -2.1313-72005.0906
-442.1932 -1.6426-73645.0393
-325.5454 -2.2577-65492.6760
-407.4563 -1.7142-79298.8675
-280.7768 -2.0890-55835.4428
-345.4445 -2.2639-66935.4850
-337.8766 -1.7123-65225.4544
-380.5099 -0.6146-47362.4095
-423.7886 -1.3121-68132.9194
-412.9137 -0.7221-59055.9302
-389.7163 -1.2975-60315.7332
-243.9299 -1.5816-43427.1956
-418.8166 -1.1219-61444.5239
-463.1094 -1.4660-81856.9346
-260.4919 -1.9421-59060.6871
-461.1271 -1.5697-75813.0466
-434.9195 -1.9723-80545.7853
-411.2741 -1.7072-85333.3874
-593.8157 -1.0758-82484.6477
-331.6431 -1.2261-62332.4475
-461.8788 -1.5726-80820.6379
-386.3988 -1.9098-76223.9832
-458.6168 -1.3865-78606.8274
-386.1546 -1.7969-73308.3934
-420.6757 -1.8963-83069.8760
-256.3444 -2.2542-53258.3199
-343.7864 -1.8975-72697.8828
-317.0968 -1.9236-66141.3310
-405.5608 -1.9380-81223.2023
-579.2708 -1.0437-87100.5169
-297.2664 -2.2664-61771.9743
-230.0024 -1.7750-53153.7094
-296.3126 -0.8946-60049.3899
-625.1337 -1.1253-94708.7918
-559.4404 -1.5604-98460.5528
-350.2734 -2.6724-74202.1381
-483.8073 -1.5770-91455.1658
-333.6048 -1.8340-67470.0844
-401.3639 -1.5176-75081.6898
-339.8147 -1.1731-68370.6235
-619.8270 -1.3159-92324.8900
-456.6095 -1.0320-73399.8497
-527.1160 -1.2052-80673.3135
-182.0132 -2.1459-33836.3245
-299.4935 -1.9115-62779.5207
-342.4831 -1.8084-73190.6083
-292.5484 -2.1003-64376.6034
-284.1961 -2.0337-60695.8700
-418.6794 -1.5121-75788.0791
-272.5130 -1.9527-60034.6655
-324.9663 -1.9969-65021.8788
-361.4059 -2.0913-69395.5054
-310.1195 -1.9192-61302.0228
-321.0298 -2.0199-62665.9535
-408.2643 -1.5818-76317.7672
-398.2560 -1.9114-74552.8783
-437.9660 -1.8110-79745.2693
-402.9772 -1.8842-75747.1961
-367.7646 -1.7661-65605.9795
-392.9406 -1.8913-69484.2021
-317.1051 -2.1952-63761.7220
-355.6015 -1.8014-64450.3268
-438.2688 -2.1205-87348.6010
-334.7339 -2.0407-65124.3183
-514.0293 -1.5443-93643.6527
-526.1093 -1.9176-98663.7705

 ¯¯¯¯¯¯¯¯¯¯¯¯¯¯¯¯¯¯¯¯¯¯¯¯¯¯¯¯¯¯¯¯¯¯¯¯¯¯¯¯¯¯¯¯¯¯¯¯¯¯¯¯¯¯¯¯¯¯¯¯¯¯¯¯¯¯¯¯¯¯¯¯¯¯¯¯¯¯¯¯¯¯¯¯¯¯¯¯¯¯¯¯¯¯¯¯¯¯¯¯¯¯
 Algorithm iteration 1 

 Predicted hypervolume improvement:    0.0950
 Time taken:   52.0946 

 Proposed evaluation point(s): 
      x1      x2      x3      x4      x5      x6
  0.3000  0.0900  0.0000  0.0100  0.0000  0.6000
  0.2000  0.1000  0.0000  0.0000  0.0000  0.7000
  0.1900  0.0600  0.0000  0.0000  0.0000  0.7500
  0.3000  0.0700  0.0000  0.0000  0.0400  0.5900

 Corresponding observation(s): 
      f1      f2      f3
-400.8360 -2.0384-88956.1100
-367.8466 -2.1500-76080.5636
-356.0442 -2.2122-65615.1556
-416.9213 -1.9763-89667.4862

 ¯¯¯¯¯¯¯¯¯¯¯¯¯¯¯¯¯¯¯¯¯¯¯¯¯¯¯¯¯¯¯¯¯¯¯¯¯¯¯¯¯¯¯¯¯¯¯¯¯¯¯¯¯¯¯¯¯¯¯¯¯¯¯¯¯¯¯¯¯¯¯¯¯¯¯¯¯¯¯¯¯¯¯¯¯¯¯¯¯¯¯¯¯¯¯¯¯¯¯¯¯¯
 Final algorithm output 

 Final input data matrix:
        x1        x2        x3        x4        x5        x6
    0.3200    0.1300    0.0500    0.2100    0.0400    0.2500
    0.0000    0.1800    0.2100    0.2800    0.2000    0.1300
    0.0000    0.0200    0.3800    0.0400    0.2900    0.2700
    0.1900    0.3000    0.1000    0.0600    0.0700    0.2800
    0.0800    0.1600    0.1400    0.0400    0.1900    0.3900
    0.3400    0.0600    0.2300    0.1600    0.1900    0.0200
    0.1400    0.1000    0.0700    0.2000    0.2700    0.2200
    0.0700    0.0700    0.3200    0.2100    0.0300    0.3000
    0.0200    0.0100    0.2700    0.1300    0.4900    0.0800
    0.0900    0.3200    0.0300    0.1300    0.3700    0.0600
    0.0800    0.2100    0.0200    0.0000    0.6100    0.0800
    0.0900    0.3200    0.0400    0.2100    0.1700    0.1700
    0.1400    0.3000    0.0700    0.1000    0.2500    0.1400
    0.0400    0.1700    0.0700    0.2200    0.2400    0.2600
    0.1700    0.1500    0.2800    0.2900    0.0000    0.1100
    0.1000    0.1400    0.1400    0.2600    0.2700    0.0900
    1.0000    0.0000    0.0000    0.0000    0.0000    0.0000
    0.0000    1.0000    0.0000    0.0000    0.0000    0.0000
    0.0000    0.0000    0.0000    1.0000    0.0000    0.0000
    0.6000    0.4000    0.0000    0.0000    0.0000    0.0000
    0.5500    0.4500    0.0000    0.0000    0.0000    0.0000
    0.5000    0.5000    0.0000    0.0000    0.0000    0.0000
    0.4500    0.5500    0.0000    0.0000    0.0000    0.0000
    0.4000    0.6000    0.0000    0.0000    0.0000    0.0000
    0.2700    0.4400    0.0900    0.0400    0.0800    0.0800
    0.0400    0.1900    0.3600    0.2000    0.1200    0.0900
    0.0000    0.5900    0.0000    0.0800    0.0800    0.2500
    0.0000    0.3900    0.1300    0.0700    0.0300    0.3800
    0.0100    0.5100    0.0000    0.1000    0.0200    0.3600
    0.0100    0.6200    0.0100    0.0300    0.1000    0.2300
    0.0600    0.3000    0.4100    0.0100    0.0100    0.2100
    0.0800    0.3200    0.5000    0.0700    0.0200    0.0100
    0.1500    0.2800    0.2500    0.0100    0.0600    0.2500
    0.0000    0.0000    0.0000    0.0000    0.0000    1.0000
    0.0000    0.0000    0.0000    0.0000    1.0000    0.0000
    0.0200    0.1100    0.0000    0.5000    0.0300    0.3400
    0.0100    0.1900    0.0000    0.0000    0.0000    0.8000
    0.0100    0.3900    0.0000    0.0200    0.0100    0.5700
    0.1800    0.1200    0.0000    0.3600    0.0000    0.3400
    0.0100    0.0000    0.1300    0.2500    0.0000    0.6100
    0.3200    0.0000    0.1200    0.0100    0.0000    0.5500
    0.0100    0.1500    0.1000    0.2100    0.0000    0.5300
    0.0100    0.0000    0.1500    0.2500    0.0000    0.5900
    0.1500    0.4500    0.0400    0.0300    0.0100    0.3200
    0.0500    0.3200    0.0000    0.5700    0.0600    0.0000
    0.3100    0.5200    0.0000    0.0800    0.0200    0.0700
    0.1500    0.0400    0.1300    0.6700    0.0100    0.0000
    0.0000    0.2100    0.2000    0.5800    0.0100    0.0000
    0.0000    0.0100    0.2800    0.6700    0.0100    0.0300
    0.0100    0.2800    0.1100    0.4600    0.1100    0.0300
    0.4900    0.0600    0.0000    0.1400    0.0200    0.2900
    0.1400    0.0000    0.0700    0.0100    0.0100    0.7700
    0.0300    0.5800    0.1800    0.0400    0.1000    0.0700
    0.0000    0.3100    0.0100    0.0200    0.1500    0.5100
    0.2500    0.0100    0.0100    0.0400    0.1300    0.5600
    0.2900    0.4500    0.0600    0.0800    0.1200    0.0000
    0.0200    0.0100    0.1600    0.0100    0.5000    0.3000
    0.0200    0.2400    0.0000    0.0300    0.2600    0.4500
    0.0000    0.0100    0.0000    0.0100    0.2700    0.7100
    0.0900    0.0200    0.0000    0.0600    0.4000    0.4300
    0.0000    0.1600    0.0000    0.0000    0.2500    0.5900
    0.3200    0.0900    0.0200    0.0100    0.0100    0.5500
    0.0000    0.0800    0.1300    0.0000    0.1100    0.6800
    0.3900    0.0100    0.0300    0.0000    0.0000    0.5700
    0.2600    0.1800    0.0200    0.0100    0.0100    0.5200
    0.2000    0.1600    0.0000    0.0000    0.0000    0.6400
    0.5100    0.3100    0.0700    0.0100    0.0100    0.0900
    0.1400    0.1700    0.0200    0.0000    0.0000    0.6700
    0.0000    0.0300    0.0200    0.2100    0.3200    0.4200
    0.5700    0.0000    0.1100    0.0100    0.1000    0.2100
    0.5100    0.2500    0.1000    0.0200    0.1200    0.0000
    0.5100    0.0100    0.0700    0.0200    0.1100    0.2800
    0.0000    0.0000    0.0000    0.0200    0.0000    0.9800
    0.6000    0.0000    0.0300    0.0000    0.0200    0.3500
    0.3400    0.0000    0.1100    0.0100    0.0600    0.4800
    0.4400    0.1100    0.1100    0.0000    0.0600    0.2800
    0.6600    0.0000    0.0800    0.0000    0.0000    0.2600
    0.3700    0.4700    0.1000    0.0000    0.0600    0.0000
    0.4400    0.3000    0.0900    0.0400    0.1300    0.0000
    0.2700    0.6100    0.1200    0.0000    0.0000    0.0000
    0.0100    0.0000    0.0000    0.0200    0.0800    0.8900
    0.2100    0.1100    0.0600    0.0000    0.1400    0.4800
    0.5200    0.0100    0.0100    0.0000    0.0000    0.4600
    0.0000    0.3800    0.0100    0.0000    0.0000    0.6100
    0.0000    0.3100    0.0100    0.0000    0.0000    0.6800
    0.3200    0.3400    0.0200    0.0000    0.0100    0.3100
    0.0100    0.4100    0.0000    0.0000    0.0100    0.5700
    0.0000    0.4100    0.0000    0.1300    0.0000    0.4600
    0.0000    0.1800    0.0000    0.2600    0.0100    0.5500
    0.0400    0.4500    0.0000    0.0700    0.0100    0.4300
    0.0000    0.2500    0.0000    0.2500    0.0000    0.5000
    0.3600    0.2000    0.0200    0.0800    0.0000    0.3400
    0.2100    0.0000    0.0000    0.3300    0.0100    0.4500
    0.2500    0.0000    0.0000    0.3100    0.0100    0.4300
    0.1900    0.0000    0.0000    0.3200    0.0100    0.4800
    0.0000    0.6300    0.1000    0.0000    0.0000    0.2700
    0.0000    0.6600    0.0900    0.0000    0.0000    0.2500
    0.0000    0.3300    0.1100    0.0100    0.0000    0.5500
    0.0000    0.6800    0.0900    0.0000    0.0100    0.2200
    0.3500    0.0000    0.0000    0.0100    0.0000    0.6400
    0.0100    0.0000    0.0000    0.3600    0.0000    0.6300
    0.4800    0.0000    0.0100    0.0000    0.1200    0.3900
    0.3900    0.0000    0.0000    0.0200    0.0100    0.5800
    0.3000    0.0900    0.0000    0.0100    0.0000    0.6000
    0.2000    0.1000    0.0000    0.0000    0.0000    0.7000
    0.1900    0.0600    0.0000    0.0000    0.0000    0.7500
    0.3000    0.0700    0.0000    0.0000    0.0400    0.5900

 Final output data matrix:
        f1        f2        f3
 -477.3645   -1.2974-78049.1925
 -454.7535   -1.3662-68112.8155
 -279.9044   -2.1133-51731.0693
 -469.5247   -1.7578-77876.9026
 -440.0426   -1.9634-76654.9118
 -365.6047   -1.2303-62118.0243
 -410.9856   -1.1190-66049.6554
 -136.1656   -0.8962-22268.5639
 -369.0088   -1.3142-61644.3643
 -533.9811   -0.8968-68784.7611
 -442.6768   -0.7257-59416.2131
 -507.4257   -0.9822-66650.9629
 -443.6008   -1.1184-65323.0907
 -489.5899   -1.3294-72483.9913
 -359.3333   -1.7335-60280.1487
 -485.2462   -0.8865-66192.4108
 -228.9585   -0.7284-49588.2084
 -435.6576   -1.1748-60782.1527
 -368.0328   -0.0378-29839.9581
 -558.3333   -1.0147-72324.3305
 -545.1107   -1.0090-76481.1353
 -595.9865   -1.0313-80252.0073
 -577.5167   -1.0272-78299.5278
 -603.0115   -1.0486-79494.8772
 -536.4679   -1.3385-83057.1828
 -380.6202   -1.5761-63939.3838
 -487.9964   -1.6929-74452.7693
 -492.2164   -2.0354-77476.1977
 -483.0457   -1.7036-74331.8675
 -461.0062   -1.5331-68683.9650
 -428.6732   -1.9582-73565.0149
 -420.3458   -1.7501-70958.0370
 -185.7397   -1.9998-39188.2443
 -307.5914   -2.9333-68673.8814
 -248.0791   -0.3369-41639.4837
 -330.4220   -1.6093-58954.7196
 -261.1897   -2.5356-54113.5267
 -374.3907   -2.1313-72005.0906
 -442.1932   -1.6426-73645.0393
 -325.5454   -2.2577-65492.6760
 -407.4563   -1.7142-79298.8675
 -280.7768   -2.0890-55835.4428
 -345.4445   -2.2639-66935.4850
 -337.8766   -1.7123-65225.4544
 -380.5099   -0.6146-47362.4095
 -423.7886   -1.3121-68132.9194
 -412.9137   -0.7221-59055.9302
 -389.7163   -1.2975-60315.7332
 -243.9299   -1.5816-43427.1956
 -418.8166   -1.1219-61444.5239
 -463.1094   -1.4660-81856.9346
 -260.4919   -1.9421-59060.6871
 -461.1271   -1.5697-75813.0466
 -434.9195   -1.9723-80545.7853
 -411.2741   -1.7072-85333.3874
 -593.8157   -1.0758-82484.6477
 -331.6431   -1.2261-62332.4475
 -461.8788   -1.5726-80820.6379
 -386.3988   -1.9098-76223.9832
 -458.6168   -1.3865-78606.8274
 -386.1546   -1.7969-73308.3934
 -420.6757   -1.8963-83069.8760
 -256.3444   -2.2542-53258.3199
 -343.7864   -1.8975-72697.8828
 -317.0968   -1.9236-66141.3310
 -405.5608   -1.9380-81223.2023
 -579.2708   -1.0437-87100.5169
 -297.2664   -2.2664-61771.9743
 -230.0024   -1.7750-53153.7094
 -296.3126   -0.8946-60049.3899
 -625.1337   -1.1253-94708.7918
 -559.4404   -1.5604-98460.5528
 -350.2734   -2.6724-74202.1381
 -483.8073   -1.5770-91455.1658
 -333.6048   -1.8340-67470.0844
 -401.3639   -1.5176-75081.6898
 -339.8147   -1.1731-68370.6235
 -619.8270   -1.3159-92324.8900
 -456.6095   -1.0320-73399.8497
 -527.1160   -1.2052-80673.3135
 -182.0132   -2.1459-33836.3245
 -299.4935   -1.9115-62779.5207
 -342.4831   -1.8084-73190.6083
 -292.5484   -2.1003-64376.6034
 -284.1961   -2.0337-60695.8700
 -418.6794   -1.5121-75788.0791
 -272.5130   -1.9527-60034.6655
 -324.9663   -1.9969-65021.8788
 -361.4059   -2.0913-69395.5054
 -310.1195   -1.9192-61302.0228
 -321.0298   -2.0199-62665.9535
 -408.2643   -1.5818-76317.7672
 -398.2560   -1.9114-74552.8783
 -437.9660   -1.8110-79745.2693
 -402.9772   -1.8842-75747.1961
 -367.7646   -1.7661-65605.9795
 -392.9406   -1.8913-69484.2021
 -317.1051   -2.1952-63761.7220
 -355.6015   -1.8014-64450.3268
 -438.2688   -2.1205-87348.6010
 -334.7339   -2.0407-65124.3183
 -514.0293   -1.5443-93643.6527
 -526.1093   -1.9176-98663.7705
 -400.8360   -2.0384-88956.1100
 -367.8466   -2.1500-76080.5636
 -356.0442   -2.2122-65615.1556
 -416.9213   -1.9763-89667.4862

 Input data matrix of corresponding Pareto front:
        x1        x2        x3        x4        x5        x6
    0.0000    0.3900    0.1300    0.0700    0.0300    0.3800
    0.0000    0.0000    0.0000    0.0000    0.0000    1.0000
    0.0100    0.3900    0.0000    0.0200    0.0100    0.5700
    0.5100    0.2500    0.1000    0.0200    0.1200    0.0000
    0.5100    0.0100    0.0700    0.0200    0.1100    0.2800
    0.0000    0.0000    0.0000    0.0200    0.0000    0.9800
    0.3700    0.4700    0.1000    0.0000    0.0600    0.0000
    0.3500    0.0000    0.0000    0.0100    0.0000    0.6400
    0.3900    0.0000    0.0000    0.0200    0.0100    0.5800

 Output data matrix of corresponding Pareto front:
        f1        f2        f3
 -492.2164   -2.0354-77476.1977
 -307.5914   -2.9333-68673.8814
 -374.3907   -2.1313-72005.0906
 -625.1337   -1.1253-94708.7918
 -559.4404   -1.5604-98460.5528
 -350.2734   -2.6724-74202.1381
 -619.8270   -1.3159-92324.8900
 -438.2688   -2.1205-87348.6010
 -526.1093   -1.9176-98663.7705

 Input data matrix of Pareto front of final Gaussian process model:
        x1        x2        x3        x4        x5        x6
    0.0000    0.0000    0.0000    0.0000    0.0000    1.0000
    0.4527    0.3376    0.0127    0.0002    0.1666    0.0175
    0.4353    0.4012    0.0000    0.0002    0.1614    0.0019
    0.4157    0.0000    0.0000    0.0000    0.0000    0.5843
    0.1261    0.0000    0.0000    0.0000    0.0000    0.8739
    0.0000    0.0000    0.0000    0.0000    0.0000    1.0000
    0.2759    0.0000    0.0000    0.0000    0.0000    0.7240
    0.0648    0.0000    0.0000    0.0000    0.0000    0.9352
    0.0544    0.0000    0.0000    0.0000    0.0000    0.9456
    0.2457    0.0000    0.0000    0.0000    0.0013    0.7530
    0.0887    0.0000    0.0000    0.0000    0.0000    0.9112
    0.4039    0.1484    0.0002    0.0000    0.1484    0.2989
    0.0498    0.0000    0.0000    0.0000    0.0001    0.9500
    0.1926    0.0001    0.0000    0.0000    0.0000    0.8073
    0.2257    0.0108    0.0001    0.0000    0.0002    0.7630
    0.2619    0.0110    0.0000    0.0000    0.0011    0.7258
    0.3468    0.4572    0.0011    0.0010    0.0961    0.0968
    0.0985    0.0000    0.0000    0.0000    0.0000    0.9015
    0.4096    0.0071    0.0000    0.0000    0.0185    0.5648
    0.3243    0.0000    0.0001    0.0000    0.0000    0.6755
    0.1793    0.0114    0.0000    0.0000    0.0002    0.8090
    0.3849    0.4517    0.0211    0.0012    0.0844    0.0356
    0.1587    0.0280    0.0000    0.0000    0.0001    0.8132
    0.3914    0.2210    0.0000    0.0000    0.1708    0.2168
    0.3771    0.1725    0.0001    0.0001    0.2046    0.2454
    0.3665    0.2437    0.0000    0.0009    0.1096    0.2793
    0.3328    0.0000    0.0000    0.0000    0.0003    0.6670
    0.3503    0.1632    0.0000    0.0004    0.1701    0.3160
    0.0260    0.0000    0.0000    0.0000    0.0000    0.9740
    0.3971    0.3764    0.0112    0.0001    0.1104    0.0936
    0.4286    0.3761    0.0000    0.0010    0.0968    0.0975
    0.3714    0.4023    0.0020    0.0011    0.1102    0.1110
    0.4201    0.3983    0.0118    0.0001    0.1560    0.0018
    0.3918    0.0848    0.0000    0.0000    0.1621    0.3613
    0.0829    0.0000    0.0000    0.0000    0.0000    0.9170
    0.0354    0.0000    0.0000    0.0000    0.0000    0.9646
    0.2137    0.0000    0.0000    0.0000    0.0000    0.7863
    0.2971    0.0000    0.0000    0.0000    0.0000    0.7029
    0.4353    0.2065    0.0000    0.0000    0.1641    0.1940
    0.2831    0.0000    0.0000    0.0000    0.0000    0.7169
    0.3905    0.1996    0.0000    0.0000    0.1603    0.2495
    0.3443    0.0000    0.0000    0.0000    0.0003    0.6554
    0.3822    0.2340    0.0000    0.0010    0.1193    0.2635
    0.2100    0.0077    0.0000    0.0000    0.0000    0.7822
    0.0226    0.0000    0.0000    0.0000    0.0000    0.9774
    0.3542    0.2280    0.0000    0.0000    0.1690    0.2488
    0.1033    0.0000    0.0000    0.0000    0.0004    0.8963
    0.5657    0.0255    0.0000    0.0083    0.0578    0.3427
    0.1860    0.0000    0.0000    0.0000    0.0004    0.8135
    0.3897    0.0000    0.0000    0.0000    0.0000    0.6103
    0.1150    0.0000    0.0000    0.0000    0.0000    0.8850
    0.1245    0.0842    0.0000    0.0000    0.0041    0.7871
    0.2370    0.0000    0.0000    0.0000    0.0000    0.7630
    0.1602    0.0036    0.0000    0.0001    0.0000    0.8362
    0.3673    0.0377    0.0000    0.0000    0.1341    0.4609
    0.4093    0.1015    0.0000    0.0004    0.1195    0.3693
    0.3185    0.0000    0.0001    0.0000    0.0009    0.6805
    0.4110    0.0000    0.0000    0.0000    0.0464    0.5426
    0.0302    0.0000    0.0001    0.0000    0.0013    0.9684
    0.3816    0.2178    0.0000    0.0007    0.1336    0.2663
    0.4909    0.0000    0.0000    0.0000    0.1172    0.3918
    0.3912    0.3820    0.0019    0.0011    0.1165    0.1054
    0.2039    0.0035    0.0000    0.0001    0.0000    0.7926
    0.3505    0.0000    0.0001    0.0000    0.0008    0.6484
    0.3928    0.2401    0.0000    0.0000    0.1454    0.2217
    0.3969    0.0031    0.0000    0.0002    0.0000    0.5999
    0.2081    0.0593    0.0001    0.0000    0.0010    0.7315
    0.3627    0.0095    0.0001    0.0000    0.0737    0.5539
    0.3390    0.0000    0.0000    0.0000    0.0000    0.6610
    0.3960    0.1729    0.0000    0.0043    0.1086    0.3182
    0.1311    0.0037    0.0000    0.0000    0.0000    0.8652
    0.0103    0.0000    0.0000    0.0000    0.0000    0.9897
    0.4316    0.0628    0.0000    0.0000    0.0868    0.4188
    0.3838    0.0000    0.0000    0.0000    0.1617    0.4544
    0.0738    0.0000    0.0001    0.0000    0.0000    0.9261
    0.3883    0.0923    0.0000    0.0006    0.1329    0.3859
    0.0397    0.0000    0.0000    0.0000    0.0004    0.9600
    0.3940    0.0095    0.0000    0.0000    0.0397    0.5568
    0.1770    0.0113    0.0000    0.0000    0.0013    0.8105
    0.0947    0.0000    0.0000    0.0000    0.0000    0.9053
    0.2188    0.0000    0.0000    0.0015    0.0004    0.7792
    0.3711    0.2183    0.0000    0.0000    0.1688    0.2418
    0.2319    0.0111    0.0001    0.0000    0.0011    0.7556
    0.3765    0.0094    0.0000    0.0000    0.1154    0.4987
    0.3147    0.0000    0.0001    0.0000    0.0009    0.6843
    0.3719    0.2698    0.0000    0.0000    0.1193    0.2390
    0.3669    0.4307    0.0437    0.0007    0.0805    0.0339
    0.4240    0.0253    0.0000    0.0000    0.1288    0.4219
    0.3685    0.0793    0.0000    0.0098    0.1037    0.4387
    0.1063    0.0000    0.0000    0.0000    0.0005    0.8932
    0.4365    0.0225    0.0000    0.0000    0.1260    0.4150
    0.3796    0.1344    0.0000    0.0021    0.1553    0.3287
    0.4141    0.0000    0.0000    0.0000    0.0391    0.5468
    0.3525    0.0005    0.0000    0.0000    0.1269    0.5202
    0.0693    0.0000    0.0000    0.0000    0.0000    0.9307
    0.1529    0.0163    0.0001    0.0013    0.0026    0.8268
    0.3732    0.0000    0.0000    0.0000    0.0428    0.5840
    0.1729    0.0051    0.0000    0.0000    0.0015    0.8205
    0.0081    0.0000    0.0000    0.0000    0.0001    0.9917
    0.3906    0.1479    0.0000    0.0039    0.1101    0.3475
    0.2596    0.0112    0.0000    0.0000    0.0000    0.7292
    0.3620    0.4335    0.0010    0.0001    0.1404    0.0619
    0.3471    0.3482    0.0000    0.0000    0.1466    0.1581
    0.1817    0.0337    0.0000    0.0000    0.0003    0.7843
    0.3448    0.3007    0.0000    0.0000    0.1457    0.2088
    0.1359    0.0041    0.0000    0.0000    0.0000    0.8600
    0.4533    0.0445    0.0001    0.0000    0.1665    0.3355
    0.3025    0.0000    0.0000    0.0000    0.0000    0.6975
    0.4906    0.0096    0.0000    0.0027    0.0723    0.4248
    0.3758    0.0000    0.0008    0.0001    0.0000    0.6226
    0.3668    0.1901    0.0001    0.0000    0.1409    0.3020
    0.3864    0.0118    0.0000    0.0000    0.1430    0.4587
    0.3546    0.3564    0.0000    0.0000    0.1214    0.1675
    0.3812    0.0000    0.0000    0.0001    0.0000    0.6187
    0.3969    0.0023    0.0000    0.0000    0.0399    0.5608
    0.3626    0.3491    0.0018    0.0127    0.1396    0.1324
    0.3598    0.3178    0.0435    0.0033    0.1235    0.1085
    0.3713    0.0000    0.0000    0.0000    0.0000    0.6287
    0.4520    0.3983    0.0000    0.0001    0.1116    0.0381
    0.4282    0.0846    0.0000    0.0105    0.0592    0.4175
    0.3748    0.0000    0.0000    0.0000    0.0908    0.5345
    0.3682    0.2006    0.0001    0.0000    0.1487    0.2823
    0.3625    0.0111    0.0000    0.0000    0.1342    0.4922
    0.3280    0.0000    0.0000    0.1053    0.0000    0.5666
    0.3548    0.0111    0.0000    0.0000    0.0006    0.6335
    0.0160    0.0000    0.0000    0.0000    0.0001    0.9839
    0.4061    0.0000    0.0000    0.0000    0.0188    0.5750
    0.3088    0.0000    0.0000    0.0000    0.0007    0.6906
    0.2880    0.0000    0.0000    0.0000    0.0000    0.7120
    0.1659    0.0279    0.0000    0.0016    0.0025    0.8021
    0.1994    0.0094    0.0000    0.0000    0.0017    0.7895
    0.4423    0.3897    0.0000    0.0001    0.1307    0.0373
    0.4349    0.0214    0.0000    0.0340    0.1196    0.3900
    0.1726    0.0009    0.0000    0.0001    0.0003    0.8262
    0.2178    0.0047    0.0000    0.0000    0.0002    0.7773
    0.2185    0.0083    0.0000    0.0000    0.0000    0.7732
    0.0813    0.0000    0.0000    0.0000    0.0000    0.9187
    0.3907    0.0005    0.0000    0.0000    0.0711    0.5377
    0.1497    0.0945    0.0000    0.0000    0.0004    0.7554
    0.4026    0.3400    0.0000    0.0001    0.0927    0.1646
    0.1403    0.0000    0.0000    0.0000    0.0004    0.8593
    0.0458    0.0000    0.0001    0.0000    0.0000    0.9541
    0.4085    0.0000    0.0000    0.0000    0.0000    0.5915
    0.3109    0.5307    0.0000    0.0013    0.1005    0.0566
    0.1423    0.0056    0.0000    0.0000    0.0000    0.8521
    0.4322    0.0179    0.0000    0.0024    0.1732    0.3742
    0.1589    0.0047    0.0000    0.0000    0.0014    0.8350
    0.3405    0.4554    0.0000    0.0075    0.1706    0.0260
    0.2416    0.0040    0.0000    0.0000    0.0000    0.7544
    0.4931    0.0000    0.0000    0.0000    0.2083    0.2985
    0.3061    0.0000    0.0000    0.0000    0.0000    0.6939
    0.3765    0.0249    0.0000    0.0000    0.0000    0.5986
    0.3984    0.2038    0.0000    0.0000    0.1576    0.2402
    0.3881    0.1779    0.0000    0.0000    0.0992    0.3349
    0.3796    0.4342    0.0000    0.0249    0.1323    0.0290
    0.4140    0.0202    0.0000    0.0000    0.0572    0.5086
    0.3769    0.0612    0.0000    0.0000    0.0792    0.4828
    0.0755    0.0000    0.0000    0.0000    0.0000    0.9245
    0.1649    0.0493    0.0000    0.0001    0.0003    0.7855
    0.4018    0.1881    0.0000    0.0000    0.1279    0.2822
    0.1466    0.0000    0.0001    0.0000    0.0000    0.8533
    0.3973    0.1805    0.0001    0.0005    0.1517    0.2699
    0.2935    0.0000    0.0000    0.0000    0.0000    0.7065
    0.3547    0.0000    0.0001    0.0000    0.0000    0.6451
    0.4687    0.0836    0.0000    0.0000    0.0887    0.3591
    0.2826    0.0246    0.0000    0.0000    0.0000    0.6928
    0.4064    0.1894    0.0000    0.0004    0.1891    0.2147
    0.3584    0.0782    0.0000    0.0000    0.1077    0.4556
    0.1444    0.0059    0.0001    0.0012    0.0024    0.8459
    0.0773    0.0023    0.0000    0.0000    0.0000    0.9203
    0.3554    0.2769    0.0000    0.0000    0.1224    0.2452
    0.0693    0.0000    0.0000    0.0000    0.0000    0.9307
    0.4187    0.0067    0.0000    0.0000    0.0436    0.5309
    0.1838    0.0143    0.0000    0.0000    0.0000    0.8019
    0.2300    0.0000    0.0000    0.0000    0.0000    0.7700
    0.4047    0.3891    0.0000    0.0016    0.1308    0.0737
    0.0465    0.0000    0.0000    0.0000    0.0000    0.9535
    0.3114    0.0000    0.0000    0.0000    0.0000    0.6886
    0.1521    0.0000    0.0000    0.0000    0.0000    0.8479
    0.0431    0.0000    0.0000    0.0000    0.0000    0.9569
    0.1540    0.0050    0.0000    0.0000    0.0000    0.8410
    0.1703    0.0067    0.0000    0.0000    0.0005    0.8224
    0.1285    0.0524    0.0000    0.0000    0.0029    0.8161
    0.0924    0.0000    0.0000    0.0000    0.0000    0.9076
    0.4057    0.1780    0.0000    0.0005    0.1496    0.2661
    0.3907    0.0689    0.0011    0.0000    0.0570    0.4812
    0.1895    0.0092    0.0001    0.0000    0.0001    0.8011
    0.4041    0.0000    0.0000    0.0001    0.0000    0.5958
    0.4174    0.3922    0.0000    0.0000    0.1482    0.0423
    0.3614    0.1528    0.0001    0.0000    0.2085    0.2771
    0.0013    0.0000    0.0000    0.0000    0.0000    0.9987
    0.4053    0.0380    0.0000    0.0000    0.1829    0.3737
    0.1918    0.0075    0.0000    0.0000    0.0000    0.8006
    0.1950    0.0290    0.0000    0.0000    0.0016    0.7743
    0.5020    0.0000    0.0000    0.0283    0.0664    0.4034
    0.0188    0.0000    0.0000    0.0000    0.0000    0.9812
    0.3755    0.4295    0.0000    0.0000    0.1663    0.0287
    0.3420    0.0099    0.0000    0.0000    0.1218    0.5263
    0.4520    0.4325    0.0024    0.0002    0.0770    0.0335
    0.4569    0.0132    0.0000    0.0000    0.1628    0.3671

 Output data matrix of Pareto front of final Gaussian process model:
        f1        f2        f3
 -298.0530   -2.7856-70498.2186
 -585.7013   -1.0313-75396.1661
 -590.3532   -1.0407-73474.7472
 -437.6360   -1.9253-91538.5723
 -321.9978   -2.4276-43342.2902
 -298.0530   -2.7856-70498.2186
 -386.0089   -2.1530-75856.3659
 -306.1187   -2.5955-53834.3882
 -304.2257   -2.6265-56951.0614
 -372.0810   -2.1983-70493.2203
 -311.3433   -2.5260-47476.8520
 -522.2106   -1.4329-83349.4678
 -303.4614   -2.6398-58290.0950
 -347.5131   -2.2888-56025.8443
 -362.6117   -2.2184-67825.6823
 -380.2447   -2.1589-75143.4055
 -557.6698   -1.1847-71268.8044
 -313.8578   -2.4990-45573.4855
 -442.4658   -1.8944-90801.2480
 -407.4964   -2.0736-82387.2287
 -341.6990   -2.2958-55137.1756
 -570.0864   -1.1094-79314.9719
 -332.8863   -2.3095-53387.6160
 -547.4771   -1.2611-74258.6026
 -539.6691   -1.2809-78115.5502
 -518.5976   -1.4495-80187.7990
 -411.1116   -2.0593-83501.0163
 -515.2823   -1.4751-82537.5023
 -300.2326   -2.7113-65001.0624
 -567.0862   -1.1460-73663.8669
 -569.0173   -1.1424-71878.4146
 -562.5291   -1.1807-70613.2825
 -588.8551   -1.0481-75389.8841
 -505.5623   -1.5466-86115.1858
 -309.9457   -2.5424-48830.7121
 -301.3672   -2.6834-62505.5399
 -356.9379   -2.2527-62142.9421
 -395.7186   -2.1189-78897.5946
 -552.8024   -1.2067-72123.4267
 -389.3773   -2.1416-76953.2627
 -537.4931   -1.3301-78576.7066
 -415.6863   -2.0398-85011.6354
 -527.0598   -1.4007-79485.3646
 -355.3165   -2.2487-63004.3553
 -299.8707   -2.7212-65836.5331
 -535.2056   -1.3405-77670.3802
 -315.1544   -2.4846-44763.7386
 -464.6696   -1.4934-89428.4777
 -344.7351   -2.2996-54215.6718
 -430.9823   -1.9657-90367.6108
 -318.5391   -2.4553-43626.9456
 -320.2511   -2.2816-58840.7910
 -367.7224   -2.2150-68239.3575
 -334.0319   -2.3447-48141.5235
 -475.5214   -1.7168-82723.8945
 -498.5265   -1.5946-86085.6039
 -405.2920   -2.0815-81745.9833
 -450.7705   -1.8502-89093.8687
 -300.5346   -2.6941-63562.0134
 -528.6451   -1.3939-79926.8038
 -485.7929   -1.5851-88560.3768
 -567.5825   -1.1607-71067.8391
 -352.4937   -2.2644-60213.5258
 -418.0802   -2.0279-85882.6341
 -543.9615   -1.2933-74822.4739
 -433.2989   -1.9505-91020.6158
 -356.3316   -2.1841-72245.6718
 -446.6132   -1.8562-89685.4974
 -413.5397   -2.0493-84283.3785
 -509.7987   -1.5134-83455.0886
 -323.4362   -2.4082-43622.7313
 -298.7498   -2.7569-68583.8981
 -481.0474   -1.6870-84436.9598
 -482.5403   -1.6695-83614.7359
 -307.8657   -2.5685-51206.0983
 -495.0940   -1.6201-85275.3531
 -301.8984   -2.6694-61206.6849
 -445.3543   -1.8765-90171.9183
 -340.8225   -2.2977-54705.0689
 -312.8641   -2.5095-46258.3968
 -359.4937   -2.2383-64055.8257
 -539.0058   -1.3183-77210.1310
 -365.7360   -2.2061-69501.0240
 -466.2871   -1.7625-84774.2878
 -403.6535   -2.0878-81266.6286
 -533.1231   -1.3591-76461.3661
 -560.6457   -1.1269-83080.1217
 -487.3502   -1.6538-84967.6325
 -474.2509   -1.7207-82056.8694
 -316.0071   -2.4764-44372.4062
 -488.2550   -1.6412-85689.2741
 -512.9647   -1.4997-84163.2532
 -449.1573   -1.8587-89493.0532
 -460.2187   -1.7757-86628.4208
 -307.0034   -2.5823-52530.6356
 -330.9824   -2.3268-49938.1846
 -438.6764   -1.9094-91228.7284
 -339.2104   -2.3138-52046.1507
 -298.5728   -2.7624-68982.7970
 -501.3536   -1.5729-84594.0539
 -378.9107   -2.1650-74620.4598
 -574.8078   -1.1235-73150.6146
 -555.0398   -1.2246-69146.0203
 -342.7824   -2.2611-61497.8504
 -542.0174   -1.2988-72494.8566
 -325.0690   -2.3961-44069.8933
 -510.6505   -1.4578-87720.6192
 -398.1560   -2.1101-79611.5290
 -472.0082   -1.6709-85451.9690
 -426.0870   -1.9851-88907.9596
 -517.7318   -1.4680-82026.9845
 -479.6207   -1.6947-83372.5401
 -549.8975   -1.2522-69722.8910
 -428.4358   -1.9793-89562.3798
 -445.3445   -1.8787-90590.4173
 -560.3757   -1.1916-69126.8037
 -543.5334   -1.1788-76651.3668
 -425.2539   -1.9957-88438.1484
 -582.1246   -1.0709-74956.9702
 -474.9519   -1.7026-83819.5999
 -455.3715   -1.8172-88194.5048
 -524.7904   -1.4193-81042.9978
 -468.4767   -1.7427-84256.1368
 -422.5439   -1.9962-88621.5716
 -420.7243   -2.0074-87482.4312
 -299.2164   -2.7403-67359.0022
 -440.9152   -1.9058-91365.4496
 -401.0815   -2.0984-80489.4073
 -391.6067   -2.1337-77653.8250
 -336.2746   -2.2852-56509.2314
 -350.7308   -2.2604-60860.3838
 -584.3954   -1.0686-74507.4374
 -490.0657   -1.6041-87041.8693
 -339.0870   -2.3237-50695.4935
 -358.9236   -2.2394-64464.5455
 -359.2639   -2.2341-65417.7255
 -309.6046   -2.5472-49251.3059
 -453.6424   -1.8326-88581.6088
 -330.5370   -2.2349-66322.9053
 -551.1607   -1.2405-70292.9627
 -326.8157   -2.3928-44238.7800
 -302.7461   -2.6520-59496.7551
 -435.9544   -1.9363-91439.1490
 -555.4510   -1.1595-73057.4890
 -327.2281   -2.3793-45030.8115
 -502.6029   -1.5314-88181.0747
 -333.5885   -2.3420-48347.2788
 -577.8798   -1.0916-72531.1997
 -370.0033   -2.2027-70059.7478
 -512.8672   -1.3101-86684.9790
 -399.7679   -2.1041-80082.5784
 -429.4100   -1.9573-90503.2025
 -540.2327   -1.3111-77502.2883
 -502.8150   -1.5603-83693.9855
 -579.1422   -1.0913-73320.8669
 -457.9851   -1.8110-85359.2719
 -462.1645   -1.7883-82823.7821
 -308.3155   -2.5640-50773.5298
 -335.6147   -2.2684-60617.1010
 -524.4793   -1.4195-81803.9409
 -328.9586   -2.3795-45006.1244
 -530.9367   -1.3743-80946.0624
 -394.1281   -2.1248-78420.6233
 -419.4241   -2.0227-86340.0831
 -493.3310   -1.5682-87769.8799
 -390.8100   -2.1105-79257.0296
