
 TSEMO log file created on 27-Feb-2020 

 This file shows the initial specifications of TSEMO and logs the output.
 ¯¯¯¯¯¯¯¯¯¯¯¯¯¯¯¯¯¯¯¯¯¯¯¯¯¯¯¯¯¯¯¯¯¯¯¯¯¯¯¯¯¯¯¯¯¯¯¯¯¯¯¯¯¯¯¯¯¯¯¯¯¯¯¯¯¯¯¯¯¯¯¯¯¯¯¯¯¯¯¯¯¯¯¯¯¯¯¯¯¯¯¯¯¯¯¯¯¯¯¯¯¯
 License information 

 BSD 2-Clause License 

 Copyright (c) 2017, Eric Bradford, Artur M. Schweidtmann and Alexei Lapkin
 All rights reserved. 

 Redistribution and use in source and binary forms, with or without
 modification, are permitted provided that the following conditions are met: 

 *Redistributions of source code must retain the above copyright notice, this   
  list of conditions and the following disclaimer. 

 *Redistributions in binary form must reproduce the above copyright notice,   
  this list of conditions and the following disclaimer in the documentation   
  and/or other materials provided with the distribution. 

 Modified by Mina Konakovic Lukovic 2019. 

 ¯¯¯¯¯¯¯¯¯¯¯¯¯¯¯¯¯¯¯¯¯¯¯¯¯¯¯¯¯¯¯¯¯¯¯¯¯¯¯¯¯¯¯¯¯¯¯¯¯¯¯¯¯¯¯¯¯¯¯¯¯¯¯¯¯¯¯¯¯¯¯¯¯¯¯¯¯¯¯¯¯¯¯¯¯¯¯¯¯¯¯¯¯¯¯¯¯¯¯¯¯¯
 Problem specifications 

 Function used:   consta 

 Number of inputs:   6
 Number of outputs:  3 

 Lower bounds of decision variables:
      x1      x2      x3      x4      x5      x6
  0.0000  0.0000  0.0000  0.0000  0.0000  0.0000
 
 Upper bounds of decision variables:
      x1      x2      x3      x4      x5      x6
  1.0000  1.0000  0.5000  1.0000  1.0000  1.0000
 ¯¯¯¯¯¯¯¯¯¯¯¯¯¯¯¯¯¯¯¯¯¯¯¯¯¯¯¯¯¯¯¯¯¯¯¯¯¯¯¯¯¯¯¯¯¯¯¯¯¯¯¯¯¯¯¯¯¯¯¯¯¯¯¯¯¯¯¯¯¯¯¯¯¯¯¯¯¯¯¯¯¯¯¯¯¯¯¯¯¯¯¯¯¯¯¯¯¯¯¯¯¯
 Algorithm options 

 Maximum number of function evaluations:  4
 Sample batch size:                       4
 Number of algorithm iterations:          1 

 Genetic algorithm population size:        200
 Genetic algorithm number of generations:  200 

                                               f1      f2      f3
 Number of spectral sampling points:         4000    4000    4000
 Type of matern function:                       5       5       5
 Direct evaluations per input dimension:      200     200     200
 ¯¯¯¯¯¯¯¯¯¯¯¯¯¯¯¯¯¯¯¯¯¯¯¯¯¯¯¯¯¯¯¯¯¯¯¯¯¯¯¯¯¯¯¯¯¯¯¯¯¯¯¯¯¯¯¯¯¯¯¯¯¯¯¯¯¯¯¯¯¯¯¯¯¯¯¯¯¯¯¯¯¯¯¯¯¯¯¯¯¯¯¯¯¯¯¯¯¯¯¯¯¯
 Initial data set 

 Number of initial data points:  123 

 Initial input data matrix:
      x1      x2      x3      x4      x5      x6
  0.3200  0.1300  0.0500  0.2100  0.0400  0.2500
  0.0000  0.1800  0.2100  0.2800  0.2000  0.1300
  0.0000  0.0200  0.3800  0.0400  0.2900  0.2700
  0.1900  0.3000  0.1000  0.0600  0.0700  0.2800
  0.0800  0.1600  0.1400  0.0400  0.1900  0.3900
  0.3400  0.0600  0.2300  0.1600  0.1900  0.0200
  0.1400  0.1000  0.0700  0.2000  0.2700  0.2200
  0.0700  0.0700  0.3200  0.2100  0.0300  0.3000
  0.0200  0.0100  0.2700  0.1300  0.4900  0.0800
  0.0900  0.3200  0.0300  0.1300  0.3700  0.0600
  0.0800  0.2100  0.0200  0.0000  0.6100  0.0800
  0.0900  0.3200  0.0400  0.2100  0.1700  0.1700
  0.1400  0.3000  0.0700  0.1000  0.2500  0.1400
  0.0400  0.1700  0.0700  0.2200  0.2400  0.2600
  0.1700  0.1500  0.2800  0.2900  0.0000  0.1100
  0.1000  0.1400  0.1400  0.2600  0.2700  0.0900
  1.0000  0.0000  0.0000  0.0000  0.0000  0.0000
  0.0000  1.0000  0.0000  0.0000  0.0000  0.0000
  0.0000  0.0000  0.0000  1.0000  0.0000  0.0000
  0.6000  0.4000  0.0000  0.0000  0.0000  0.0000
  0.5500  0.4500  0.0000  0.0000  0.0000  0.0000
  0.5000  0.5000  0.0000  0.0000  0.0000  0.0000
  0.4500  0.5500  0.0000  0.0000  0.0000  0.0000
  0.4000  0.6000  0.0000  0.0000  0.0000  0.0000
  0.2700  0.4400  0.0900  0.0400  0.0800  0.0800
  0.0400  0.1900  0.3600  0.2000  0.1200  0.0900
  0.0000  0.5900  0.0000  0.0800  0.0800  0.2500
  0.0000  0.3900  0.1300  0.0700  0.0300  0.3800
  0.0100  0.5100  0.0000  0.1000  0.0200  0.3600
  0.0100  0.6200  0.0100  0.0300  0.1000  0.2300
  0.0600  0.3000  0.4100  0.0100  0.0100  0.2100
  0.0800  0.3200  0.5000  0.0700  0.0200  0.0100
  0.1500  0.2800  0.2500  0.0100  0.0600  0.2500
  0.0000  0.0000  0.0000  0.0000  0.0000  1.0000
  0.0000  0.0000  0.0000  0.0000  1.0000  0.0000
  0.0200  0.1100  0.0000  0.5000  0.0300  0.3400
  0.0100  0.1900  0.0000  0.0000  0.0000  0.8000
  0.0100  0.3900  0.0000  0.0200  0.0100  0.5700
  0.1800  0.1200  0.0000  0.3600  0.0000  0.3400
  0.0100  0.0000  0.1300  0.2500  0.0000  0.6100
  0.3200  0.0000  0.1200  0.0100  0.0000  0.5500
  0.0100  0.1500  0.1000  0.2100  0.0000  0.5300
  0.0100  0.0000  0.1500  0.2500  0.0000  0.5900
  0.1500  0.4500  0.0400  0.0300  0.0100  0.3200
  0.0500  0.3200  0.0000  0.5700  0.0600  0.0000
  0.3100  0.5200  0.0000  0.0800  0.0200  0.0700
  0.1500  0.0400  0.1300  0.6700  0.0100  0.0000
  0.0000  0.2100  0.2000  0.5800  0.0100  0.0000
  0.0000  0.0100  0.2800  0.6700  0.0100  0.0300
  0.0100  0.2800  0.1100  0.4600  0.1100  0.0300
  0.4900  0.0600  0.0000  0.1400  0.0200  0.2900
  0.1400  0.0000  0.0700  0.0100  0.0100  0.7700
  0.0300  0.5800  0.1800  0.0400  0.1000  0.0700
  0.0000  0.3100  0.0100  0.0200  0.1500  0.5100
  0.2500  0.0100  0.0100  0.0400  0.1300  0.5600
  0.2900  0.4500  0.0600  0.0800  0.1200  0.0000
  0.0200  0.0100  0.1600  0.0100  0.5000  0.3000
  0.0200  0.2400  0.0000  0.0300  0.2600  0.4500
  0.0000  0.0100  0.0000  0.0100  0.2700  0.7100
  0.0900  0.0200  0.0000  0.0600  0.4000  0.4300
  0.0000  0.1600  0.0000  0.0000  0.2500  0.5900
  0.3200  0.0900  0.0200  0.0100  0.0100  0.5500
  0.0000  0.0800  0.1300  0.0000  0.1100  0.6800
  0.3900  0.0100  0.0300  0.0000  0.0000  0.5700
  0.2600  0.1800  0.0200  0.0100  0.0100  0.5200
  0.2000  0.1600  0.0000  0.0000  0.0000  0.6400
  0.5100  0.3100  0.0700  0.0100  0.0100  0.0900
  0.1400  0.1700  0.0200  0.0000  0.0000  0.6700
  0.0000  0.0300  0.0200  0.2100  0.3200  0.4200
  0.5700  0.0000  0.1100  0.0100  0.1000  0.2100
  0.5100  0.2500  0.1000  0.0200  0.1200  0.0000
  0.5100  0.0100  0.0700  0.0200  0.1100  0.2800
  0.0000  0.0000  0.0000  0.0200  0.0000  0.9800
  0.6000  0.0000  0.0300  0.0000  0.0200  0.3500
  0.3400  0.0000  0.1100  0.0100  0.0600  0.4800
  0.4400  0.1100  0.1100  0.0000  0.0600  0.2800
  0.6600  0.0000  0.0800  0.0000  0.0000  0.2600
  0.3700  0.4700  0.1000  0.0000  0.0600  0.0000
  0.4400  0.3000  0.0900  0.0400  0.1300  0.0000
  0.2700  0.6100  0.1200  0.0000  0.0000  0.0000
  0.0100  0.0000  0.0000  0.0200  0.0800  0.8900
  0.2100  0.1100  0.0600  0.0000  0.1400  0.4800
  0.5200  0.0100  0.0100  0.0000  0.0000  0.4600
  0.0000  0.3800  0.0100  0.0000  0.0000  0.6100
  0.0000  0.3100  0.0100  0.0000  0.0000  0.6800
  0.3200  0.3400  0.0200  0.0000  0.0100  0.3100
  0.0100  0.4100  0.0000  0.0000  0.0100  0.5700
  0.0000  0.4100  0.0000  0.1300  0.0000  0.4600
  0.0000  0.1800  0.0000  0.2600  0.0100  0.5500
  0.0400  0.4500  0.0000  0.0700  0.0100  0.4300
  0.0000  0.2500  0.0000  0.2500  0.0000  0.5000
  0.3600  0.2000  0.0200  0.0800  0.0000  0.3400
  0.2100  0.0000  0.0000  0.3300  0.0100  0.4500
  0.2500  0.0000  0.0000  0.3100  0.0100  0.4300
  0.1900  0.0000  0.0000  0.3200  0.0100  0.4800
  0.0000  0.6300  0.1000  0.0000  0.0000  0.2700
  0.0000  0.6600  0.0900  0.0000  0.0000  0.2500
  0.0000  0.3300  0.1100  0.0100  0.0000  0.5500
  0.0000  0.6800  0.0900  0.0000  0.0100  0.2200
  0.3500  0.0000  0.0000  0.0100  0.0000  0.6400
  0.0100  0.0000  0.0000  0.3600  0.0000  0.6300
  0.4800  0.0000  0.0100  0.0000  0.1200  0.3900
  0.3900  0.0000  0.0000  0.0200  0.0100  0.5800
  0.4000  0.1700  0.0000  0.0000  0.1200  0.3100
  0.4400  0.2700  0.0000  0.0000  0.1700  0.1200
  0.3400  0.1400  0.0000  0.0000  0.1300  0.3900
  0.3300  0.1200  0.0000  0.0000  0.1300  0.4200
  0.3900  0.0000  0.0000  0.0000  0.2200  0.3900
  0.3900  0.3100  0.0000  0.0000  0.2200  0.0800
  0.4100  0.0000  0.0000  0.0000  0.2500  0.3400
  0.3500  0.0000  0.0000  0.0000  0.2000  0.4500
  0.3300  0.0000  0.0000  0.0000  0.2100  0.4600
  0.3100  0.0000  0.0000  0.0000  0.2000  0.4900
  0.3500  0.0000  0.0000  0.0000  0.2100  0.4400
  0.2000  0.0000  0.0000  0.0000  0.0100  0.7900
  0.5000  0.0000  0.0000  0.0000  0.3000  0.2000
  0.5300  0.0600  0.0000  0.0000  0.3200  0.0900
  0.5300  0.0000  0.0000  0.0000  0.3300  0.1400
  0.4200  0.0000  0.0000  0.0000  0.2700  0.3100
  0.4200  0.0100  0.0000  0.0000  0.1400  0.4300
  0.3900  0.0000  0.0000  0.0000  0.1300  0.4800
  0.4400  0.0000  0.0000  0.0500  0.1300  0.3800
  0.2800  0.0000  0.0000  0.1100  0.0800  0.5300

 Initial output data matrix:
      f1      f2      f3
-477.3645 -1.2974-78049.1925
-454.7535 -1.3662-68112.8155
-279.9044 -2.1133-51731.0693
-469.5247 -1.7578-77876.9026
-440.0426 -1.9634-76654.9118
-365.6047 -1.2303-62118.0243
-410.9856 -1.1190-66049.6554
-136.1656 -0.8962-22268.5639
-369.0088 -1.3142-61644.3643
-533.9811 -0.8968-68784.7611
-442.6768 -0.7257-59416.2131
-507.4257 -0.9822-66650.9629
-443.6008 -1.1184-65323.0907
-489.5899 -1.3294-72483.9913
-359.3333 -1.7335-60280.1487
-485.2462 -0.8865-66192.4108
-228.9585 -0.7284-49588.2084
-435.6576 -1.1748-60782.1527
-368.0328 -0.0378-29839.9581
-558.3333 -1.0147-72324.3305
-545.1107 -1.0090-76481.1353
-595.9865 -1.0313-80252.0073
-577.5167 -1.0272-78299.5278
-603.0115 -1.0486-79494.8772
-536.4679 -1.3385-83057.1828
-380.6202 -1.5761-63939.3838
-487.9964 -1.6929-74452.7693
-492.2164 -2.0354-77476.1977
-483.0457 -1.7036-74331.8675
-461.0062 -1.5331-68683.9650
-428.6732 -1.9582-73565.0149
-420.3458 -1.7501-70958.0370
-185.7397 -1.9998-39188.2443
-307.5914 -2.9333-68673.8814
-248.0791 -0.3369-41639.4837
-330.4220 -1.6093-58954.7196
-261.1897 -2.5356-54113.5267
-374.3907 -2.1313-72005.0906
-442.1932 -1.6426-73645.0393
-325.5454 -2.2577-65492.6760
-407.4563 -1.7142-79298.8675
-280.7768 -2.0890-55835.4428
-345.4445 -2.2639-66935.4850
-337.8766 -1.7123-65225.4544
-380.5099 -0.6146-47362.4095
-423.7886 -1.3121-68132.9194
-412.9137 -0.7221-59055.9302
-389.7163 -1.2975-60315.7332
-243.9299 -1.5816-43427.1956
-418.8166 -1.1219-61444.5239
-463.1094 -1.4660-81856.9346
-260.4919 -1.9421-59060.6871
-461.1271 -1.5697-75813.0466
-434.9195 -1.9723-80545.7853
-411.2741 -1.7072-85333.3874
-593.8157 -1.0758-82484.6477
-331.6431 -1.2261-62332.4475
-461.8788 -1.5726-80820.6379
-386.3988 -1.9098-76223.9832
-458.6168 -1.3865-78606.8274
-386.1546 -1.7969-73308.3934
-420.6757 -1.8963-83069.8760
-256.3444 -2.2542-53258.3199
-343.7864 -1.8975-72697.8828
-317.0968 -1.9236-66141.3310
-405.5608 -1.9380-81223.2023
-579.2708 -1.0437-87100.5169
-297.2664 -2.2664-61771.9743
-230.0024 -1.7750-53153.7094
-296.3126 -0.8946-60049.3899
-625.1337 -1.1253-94708.7918
-559.4404 -1.5604-98460.5528
-350.2734 -2.6724-74202.1381
-483.8073 -1.5770-91455.1658
-333.6048 -1.8340-67470.0844
-401.3639 -1.5176-75081.6898
-339.8147 -1.1731-68370.6235
-619.8270 -1.3159-92324.8900
-456.6095 -1.0320-73399.8497
-527.1160 -1.2052-80673.3135
-182.0132 -2.1459-33836.3245
-299.4935 -1.9115-62779.5207
-342.4831 -1.8084-73190.6083
-292.5484 -2.1003-64376.6034
-284.1961 -2.0337-60695.8700
-418.6794 -1.5121-75788.0791
-272.5130 -1.9527-60034.6655
-324.9663 -1.9969-65021.8788
-361.4059 -2.0913-69395.5054
-310.1195 -1.9192-61302.0228
-321.0298 -2.0199-62665.9535
-408.2643 -1.5818-76317.7672
-398.2560 -1.9114-74552.8783
-437.9660 -1.8110-79745.2693
-402.9772 -1.8842-75747.1961
-367.7646 -1.7661-65605.9795
-392.9406 -1.8913-69484.2021
-317.1051 -2.1952-63761.7220
-355.6015 -1.8014-64450.3268
-438.2688 -2.1205-87348.6010
-334.7339 -2.0407-65124.3183
-514.0293 -1.5443-93643.6527
-526.1093 -1.9176-98663.7705
-555.0826 -1.4101-91162.3449
-653.9760 -1.1215-96005.8355
-613.3157 -1.3545-102903.8092
-574.5688 -1.4762-99854.6710
-596.1996 -1.5851-97568.0584
-673.8733 -1.3085-96609.9429
-570.9253 -1.5720-97057.6408
-453.6160 -1.8559-85374.7271
-512.3685 -1.7799-93175.9066
-384.8236 -1.8510-77997.5467
-536.0149 -1.7113-96497.9814
-289.9712 -1.9717-66399.4183
-596.7186 -0.9982-92484.7776
-390.5278 -0.8869-64360.6166
-429.9865 -0.7968-68899.7837
-397.0291 -1.0850-76450.3138
-413.4216 -1.7276-80202.5821
-512.4700 -1.6664-92116.8858
-627.3105 -1.5880-103558.9154
-459.2870 -1.8760-85164.1567

 ¯¯¯¯¯¯¯¯¯¯¯¯¯¯¯¯¯¯¯¯¯¯¯¯¯¯¯¯¯¯¯¯¯¯¯¯¯¯¯¯¯¯¯¯¯¯¯¯¯¯¯¯¯¯¯¯¯¯¯¯¯¯¯¯¯¯¯¯¯¯¯¯¯¯¯¯¯¯¯¯¯¯¯¯¯¯¯¯¯¯¯¯¯¯¯¯¯¯¯¯¯¯
 Algorithm iteration 1 

 Predicted hypervolume improvement:    0.0070
 Time taken:   44.1262 

 Proposed evaluation point(s): 
      x1      x2      x3      x4      x5      x6
  0.3500  0.0100  0.0000  0.0000  0.2100  0.4300
  0.4100  0.0100  0.0000  0.0000  0.0200  0.5600
  0.4300  0.0000  0.0000  0.0200  0.1400  0.4100
  0.4000  0.0100  0.0000  0.0100  0.0100  0.5700

 Corresponding observation(s): 
      f1      f2      f3
-538.7279 -1.6232-95254.0266
-456.4179 -1.9259-83482.2661
-515.8110 -1.6216-98803.3859
-446.5717 -1.9374-81892.7752

 ¯¯¯¯¯¯¯¯¯¯¯¯¯¯¯¯¯¯¯¯¯¯¯¯¯¯¯¯¯¯¯¯¯¯¯¯¯¯¯¯¯¯¯¯¯¯¯¯¯¯¯¯¯¯¯¯¯¯¯¯¯¯¯¯¯¯¯¯¯¯¯¯¯¯¯¯¯¯¯¯¯¯¯¯¯¯¯¯¯¯¯¯¯¯¯¯¯¯¯¯¯¯
 Final algorithm output 

 Final input data matrix:
        x1        x2        x3        x4        x5        x6
    0.3200    0.1300    0.0500    0.2100    0.0400    0.2500
    0.0000    0.1800    0.2100    0.2800    0.2000    0.1300
    0.0000    0.0200    0.3800    0.0400    0.2900    0.2700
    0.1900    0.3000    0.1000    0.0600    0.0700    0.2800
    0.0800    0.1600    0.1400    0.0400    0.1900    0.3900
    0.3400    0.0600    0.2300    0.1600    0.1900    0.0200
    0.1400    0.1000    0.0700    0.2000    0.2700    0.2200
    0.0700    0.0700    0.3200    0.2100    0.0300    0.3000
    0.0200    0.0100    0.2700    0.1300    0.4900    0.0800
    0.0900    0.3200    0.0300    0.1300    0.3700    0.0600
    0.0800    0.2100    0.0200    0.0000    0.6100    0.0800
    0.0900    0.3200    0.0400    0.2100    0.1700    0.1700
    0.1400    0.3000    0.0700    0.1000    0.2500    0.1400
    0.0400    0.1700    0.0700    0.2200    0.2400    0.2600
    0.1700    0.1500    0.2800    0.2900    0.0000    0.1100
    0.1000    0.1400    0.1400    0.2600    0.2700    0.0900
    1.0000    0.0000    0.0000    0.0000    0.0000    0.0000
    0.0000    1.0000    0.0000    0.0000    0.0000    0.0000
    0.0000    0.0000    0.0000    1.0000    0.0000    0.0000
    0.6000    0.4000    0.0000    0.0000    0.0000    0.0000
    0.5500    0.4500    0.0000    0.0000    0.0000    0.0000
    0.5000    0.5000    0.0000    0.0000    0.0000    0.0000
    0.4500    0.5500    0.0000    0.0000    0.0000    0.0000
    0.4000    0.6000    0.0000    0.0000    0.0000    0.0000
    0.2700    0.4400    0.0900    0.0400    0.0800    0.0800
    0.0400    0.1900    0.3600    0.2000    0.1200    0.0900
    0.0000    0.5900    0.0000    0.0800    0.0800    0.2500
    0.0000    0.3900    0.1300    0.0700    0.0300    0.3800
    0.0100    0.5100    0.0000    0.1000    0.0200    0.3600
    0.0100    0.6200    0.0100    0.0300    0.1000    0.2300
    0.0600    0.3000    0.4100    0.0100    0.0100    0.2100
    0.0800    0.3200    0.5000    0.0700    0.0200    0.0100
    0.1500    0.2800    0.2500    0.0100    0.0600    0.2500
    0.0000    0.0000    0.0000    0.0000    0.0000    1.0000
    0.0000    0.0000    0.0000    0.0000    1.0000    0.0000
    0.0200    0.1100    0.0000    0.5000    0.0300    0.3400
    0.0100    0.1900    0.0000    0.0000    0.0000    0.8000
    0.0100    0.3900    0.0000    0.0200    0.0100    0.5700
    0.1800    0.1200    0.0000    0.3600    0.0000    0.3400
    0.0100    0.0000    0.1300    0.2500    0.0000    0.6100
    0.3200    0.0000    0.1200    0.0100    0.0000    0.5500
    0.0100    0.1500    0.1000    0.2100    0.0000    0.5300
    0.0100    0.0000    0.1500    0.2500    0.0000    0.5900
    0.1500    0.4500    0.0400    0.0300    0.0100    0.3200
    0.0500    0.3200    0.0000    0.5700    0.0600    0.0000
    0.3100    0.5200    0.0000    0.0800    0.0200    0.0700
    0.1500    0.0400    0.1300    0.6700    0.0100    0.0000
    0.0000    0.2100    0.2000    0.5800    0.0100    0.0000
    0.0000    0.0100    0.2800    0.6700    0.0100    0.0300
    0.0100    0.2800    0.1100    0.4600    0.1100    0.0300
    0.4900    0.0600    0.0000    0.1400    0.0200    0.2900
    0.1400    0.0000    0.0700    0.0100    0.0100    0.7700
    0.0300    0.5800    0.1800    0.0400    0.1000    0.0700
    0.0000    0.3100    0.0100    0.0200    0.1500    0.5100
    0.2500    0.0100    0.0100    0.0400    0.1300    0.5600
    0.2900    0.4500    0.0600    0.0800    0.1200    0.0000
    0.0200    0.0100    0.1600    0.0100    0.5000    0.3000
    0.0200    0.2400    0.0000    0.0300    0.2600    0.4500
    0.0000    0.0100    0.0000    0.0100    0.2700    0.7100
    0.0900    0.0200    0.0000    0.0600    0.4000    0.4300
    0.0000    0.1600    0.0000    0.0000    0.2500    0.5900
    0.3200    0.0900    0.0200    0.0100    0.0100    0.5500
    0.0000    0.0800    0.1300    0.0000    0.1100    0.6800
    0.3900    0.0100    0.0300    0.0000    0.0000    0.5700
    0.2600    0.1800    0.0200    0.0100    0.0100    0.5200
    0.2000    0.1600    0.0000    0.0000    0.0000    0.6400
    0.5100    0.3100    0.0700    0.0100    0.0100    0.0900
    0.1400    0.1700    0.0200    0.0000    0.0000    0.6700
    0.0000    0.0300    0.0200    0.2100    0.3200    0.4200
    0.5700    0.0000    0.1100    0.0100    0.1000    0.2100
    0.5100    0.2500    0.1000    0.0200    0.1200    0.0000
    0.5100    0.0100    0.0700    0.0200    0.1100    0.2800
    0.0000    0.0000    0.0000    0.0200    0.0000    0.9800
    0.6000    0.0000    0.0300    0.0000    0.0200    0.3500
    0.3400    0.0000    0.1100    0.0100    0.0600    0.4800
    0.4400    0.1100    0.1100    0.0000    0.0600    0.2800
    0.6600    0.0000    0.0800    0.0000    0.0000    0.2600
    0.3700    0.4700    0.1000    0.0000    0.0600    0.0000
    0.4400    0.3000    0.0900    0.0400    0.1300    0.0000
    0.2700    0.6100    0.1200    0.0000    0.0000    0.0000
    0.0100    0.0000    0.0000    0.0200    0.0800    0.8900
    0.2100    0.1100    0.0600    0.0000    0.1400    0.4800
    0.5200    0.0100    0.0100    0.0000    0.0000    0.4600
    0.0000    0.3800    0.0100    0.0000    0.0000    0.6100
    0.0000    0.3100    0.0100    0.0000    0.0000    0.6800
    0.3200    0.3400    0.0200    0.0000    0.0100    0.3100
    0.0100    0.4100    0.0000    0.0000    0.0100    0.5700
    0.0000    0.4100    0.0000    0.1300    0.0000    0.4600
    0.0000    0.1800    0.0000    0.2600    0.0100    0.5500
    0.0400    0.4500    0.0000    0.0700    0.0100    0.4300
    0.0000    0.2500    0.0000    0.2500    0.0000    0.5000
    0.3600    0.2000    0.0200    0.0800    0.0000    0.3400
    0.2100    0.0000    0.0000    0.3300    0.0100    0.4500
    0.2500    0.0000    0.0000    0.3100    0.0100    0.4300
    0.1900    0.0000    0.0000    0.3200    0.0100    0.4800
    0.0000    0.6300    0.1000    0.0000    0.0000    0.2700
    0.0000    0.6600    0.0900    0.0000    0.0000    0.2500
    0.0000    0.3300    0.1100    0.0100    0.0000    0.5500
    0.0000    0.6800    0.0900    0.0000    0.0100    0.2200
    0.3500    0.0000    0.0000    0.0100    0.0000    0.6400
    0.0100    0.0000    0.0000    0.3600    0.0000    0.6300
    0.4800    0.0000    0.0100    0.0000    0.1200    0.3900
    0.3900    0.0000    0.0000    0.0200    0.0100    0.5800
    0.4000    0.1700    0.0000    0.0000    0.1200    0.3100
    0.4400    0.2700    0.0000    0.0000    0.1700    0.1200
    0.3400    0.1400    0.0000    0.0000    0.1300    0.3900
    0.3300    0.1200    0.0000    0.0000    0.1300    0.4200
    0.3900    0.0000    0.0000    0.0000    0.2200    0.3900
    0.3900    0.3100    0.0000    0.0000    0.2200    0.0800
    0.4100    0.0000    0.0000    0.0000    0.2500    0.3400
    0.3500    0.0000    0.0000    0.0000    0.2000    0.4500
    0.3300    0.0000    0.0000    0.0000    0.2100    0.4600
    0.3100    0.0000    0.0000    0.0000    0.2000    0.4900
    0.3500    0.0000    0.0000    0.0000    0.2100    0.4400
    0.2000    0.0000    0.0000    0.0000    0.0100    0.7900
    0.5000    0.0000    0.0000    0.0000    0.3000    0.2000
    0.5300    0.0600    0.0000    0.0000    0.3200    0.0900
    0.5300    0.0000    0.0000    0.0000    0.3300    0.1400
    0.4200    0.0000    0.0000    0.0000    0.2700    0.3100
    0.4200    0.0100    0.0000    0.0000    0.1400    0.4300
    0.3900    0.0000    0.0000    0.0000    0.1300    0.4800
    0.4400    0.0000    0.0000    0.0500    0.1300    0.3800
    0.2800    0.0000    0.0000    0.1100    0.0800    0.5300
    0.3500    0.0100    0.0000    0.0000    0.2100    0.4300
    0.4100    0.0100    0.0000    0.0000    0.0200    0.5600
    0.4300    0.0000    0.0000    0.0200    0.1400    0.4100
    0.4000    0.0100    0.0000    0.0100    0.0100    0.5700

 Final output data matrix:
        f1        f2        f3
 -477.3645   -1.2974-78049.1925
 -454.7535   -1.3662-68112.8155
 -279.9044   -2.1133-51731.0693
 -469.5247   -1.7578-77876.9026
 -440.0426   -1.9634-76654.9118
 -365.6047   -1.2303-62118.0243
 -410.9856   -1.1190-66049.6554
 -136.1656   -0.8962-22268.5639
 -369.0088   -1.3142-61644.3643
 -533.9811   -0.8968-68784.7611
 -442.6768   -0.7257-59416.2131
 -507.4257   -0.9822-66650.9629
 -443.6008   -1.1184-65323.0907
 -489.5899   -1.3294-72483.9913
 -359.3333   -1.7335-60280.1487
 -485.2462   -0.8865-66192.4108
 -228.9585   -0.7284-49588.2084
 -435.6576   -1.1748-60782.1527
 -368.0328   -0.0378-29839.9581
 -558.3333   -1.0147-72324.3305
 -545.1107   -1.0090-76481.1353
 -595.9865   -1.0313-80252.0073
 -577.5167   -1.0272-78299.5278
 -603.0115   -1.0486-79494.8772
 -536.4679   -1.3385-83057.1828
 -380.6202   -1.5761-63939.3838
 -487.9964   -1.6929-74452.7693
 -492.2164   -2.0354-77476.1977
 -483.0457   -1.7036-74331.8675
 -461.0062   -1.5331-68683.9650
 -428.6732   -1.9582-73565.0149
 -420.3458   -1.7501-70958.0370
 -185.7397   -1.9998-39188.2443
 -307.5914   -2.9333-68673.8814
 -248.0791   -0.3369-41639.4837
 -330.4220   -1.6093-58954.7196
 -261.1897   -2.5356-54113.5267
 -374.3907   -2.1313-72005.0906
 -442.1932   -1.6426-73645.0393
 -325.5454   -2.2577-65492.6760
 -407.4563   -1.7142-79298.8675
 -280.7768   -2.0890-55835.4428
 -345.4445   -2.2639-66935.4850
 -337.8766   -1.7123-65225.4544
 -380.5099   -0.6146-47362.4095
 -423.7886   -1.3121-68132.9194
 -412.9137   -0.7221-59055.9302
 -389.7163   -1.2975-60315.7332
 -243.9299   -1.5816-43427.1956
 -418.8166   -1.1219-61444.5239
 -463.1094   -1.4660-81856.9346
 -260.4919   -1.9421-59060.6871
 -461.1271   -1.5697-75813.0466
 -434.9195   -1.9723-80545.7853
 -411.2741   -1.7072-85333.3874
 -593.8157   -1.0758-82484.6477
 -331.6431   -1.2261-62332.4475
 -461.8788   -1.5726-80820.6379
 -386.3988   -1.9098-76223.9832
 -458.6168   -1.3865-78606.8274
 -386.1546   -1.7969-73308.3934
 -420.6757   -1.8963-83069.8760
 -256.3444   -2.2542-53258.3199
 -343.7864   -1.8975-72697.8828
 -317.0968   -1.9236-66141.3310
 -405.5608   -1.9380-81223.2023
 -579.2708   -1.0437-87100.5169
 -297.2664   -2.2664-61771.9743
 -230.0024   -1.7750-53153.7094
 -296.3126   -0.8946-60049.3899
 -625.1337   -1.1253-94708.7918
 -559.4404   -1.5604-98460.5528
 -350.2734   -2.6724-74202.1381
 -483.8073   -1.5770-91455.1658
 -333.6048   -1.8340-67470.0844
 -401.3639   -1.5176-75081.6898
 -339.8147   -1.1731-68370.6235
 -619.8270   -1.3159-92324.8900
 -456.6095   -1.0320-73399.8497
 -527.1160   -1.2052-80673.3135
 -182.0132   -2.1459-33836.3245
 -299.4935   -1.9115-62779.5207
 -342.4831   -1.8084-73190.6083
 -292.5484   -2.1003-64376.6034
 -284.1961   -2.0337-60695.8700
 -418.6794   -1.5121-75788.0791
 -272.5130   -1.9527-60034.6655
 -324.9663   -1.9969-65021.8788
 -361.4059   -2.0913-69395.5054
 -310.1195   -1.9192-61302.0228
 -321.0298   -2.0199-62665.9535
 -408.2643   -1.5818-76317.7672
 -398.2560   -1.9114-74552.8783
 -437.9660   -1.8110-79745.2693
 -402.9772   -1.8842-75747.1961
 -367.7646   -1.7661-65605.9795
 -392.9406   -1.8913-69484.2021
 -317.1051   -2.1952-63761.7220
 -355.6015   -1.8014-64450.3268
 -438.2688   -2.1205-87348.6010
 -334.7339   -2.0407-65124.3183
 -514.0293   -1.5443-93643.6527
 -526.1093   -1.9176-98663.7705
 -555.0826   -1.4101-91162.3449
 -653.9760   -1.1215-96005.8355
 -613.3157   -1.3545-102903.8092
 -574.5688   -1.4762-99854.6710
 -596.1996   -1.5851-97568.0584
 -673.8733   -1.3085-96609.9429
 -570.9253   -1.5720-97057.6408
 -453.6160   -1.8559-85374.7271
 -512.3685   -1.7799-93175.9066
 -384.8236   -1.8510-77997.5467
 -536.0149   -1.7113-96497.9814
 -289.9712   -1.9717-66399.4183
 -596.7186   -0.9982-92484.7776
 -390.5278   -0.8869-64360.6166
 -429.9865   -0.7968-68899.7837
 -397.0291   -1.0850-76450.3138
 -413.4216   -1.7276-80202.5821
 -512.4700   -1.6664-92116.8858
 -627.3105   -1.5880-103558.9154
 -459.2870   -1.8760-85164.1567
 -538.7279   -1.6232-95254.0266
 -456.4179   -1.9259-83482.2661
 -515.8110   -1.6216-98803.3859
 -446.5717   -1.9374-81892.7752

 Input data matrix of corresponding Pareto front:
        x1        x2        x3        x4        x5        x6
    0.0000    0.3900    0.1300    0.0700    0.0300    0.3800
    0.0000    0.0000    0.0000    0.0000    0.0000    1.0000
    0.0100    0.3900    0.0000    0.0200    0.0100    0.5700
    0.0000    0.0000    0.0000    0.0200    0.0000    0.9800
    0.3500    0.0000    0.0000    0.0100    0.0000    0.6400
    0.3900    0.0000    0.0000    0.0200    0.0100    0.5800
    0.3900    0.3100    0.0000    0.0000    0.2200    0.0800
    0.3500    0.0000    0.0000    0.0000    0.2100    0.4400
    0.4400    0.0000    0.0000    0.0500    0.1300    0.3800

 Output data matrix of corresponding Pareto front:
        f1        f2        f3
 -492.2164   -2.0354-77476.1977
 -307.5914   -2.9333-68673.8814
 -374.3907   -2.1313-72005.0906
 -350.2734   -2.6724-74202.1381
 -438.2688   -2.1205-87348.6010
 -526.1093   -1.9176-98663.7705
 -673.8733   -1.3085-96609.9429
 -536.0149   -1.7113-96497.9814
 -627.3105   -1.5880-103558.9154

 Input data matrix of Pareto front of final Gaussian process model:
        x1        x2        x3        x4        x5        x6
    0.0000    0.0000    0.0000    0.0000    0.0000    1.0000
    0.4260    0.0906    0.0000    0.0017    0.1524    0.3294
    0.4062    0.4250    0.0000    0.0070    0.1618    0.0000
    0.4207    0.4142    0.0000    0.0069    0.1582    0.0000
    0.0000    0.0000    0.0000    0.0000    0.0000    1.0000
    0.0159    0.0000    0.0000    0.0000    0.0002    0.9839
    0.1648    0.0030    0.0000    0.0015    0.0000    0.8307
    0.2472    0.0000    0.0000    0.0000    0.0001    0.7527
    0.2392    0.0003    0.0000    0.0000    0.0005    0.7600
    0.1596    0.0000    0.0000    0.0000    0.0000    0.8403
    0.2149    0.0000    0.0000    0.0000    0.0001    0.7851
    0.2865    0.0000    0.0000    0.0000    0.0001    0.7135
    0.1734    0.0000    0.0000    0.0000    0.0000    0.8266
    0.2351    0.0000    0.0000    0.0006    0.0001    0.7643
    0.0128    0.0000    0.0000    0.0000    0.0000    0.9872
    0.3275    0.0057    0.0000    0.0015    0.0000    0.6652
    0.2954    0.0000    0.0000    0.0000    0.0001    0.7044
    0.0284    0.0000    0.0000    0.0000    0.0000    0.9715
    0.1840    0.0000    0.0000    0.0000    0.0002    0.8158
    0.2906    0.0000    0.0000    0.0000    0.0000    0.7094
    0.3222    0.0006    0.0000    0.0013    0.0003    0.6757
    0.1358    0.0018    0.0000    0.0001    0.0000    0.8623
    0.3883    0.3505    0.0000    0.0024    0.1699    0.0890
    0.0960    0.0000    0.0000    0.0000    0.0000    0.9040
    0.4028    0.0012    0.0000    0.0003    0.0192    0.5764
    0.1416    0.0002    0.0000    0.0021    0.0002    0.8559
    0.4128    0.0209    0.0000    0.0042    0.1308    0.4314
    0.4082    0.4039    0.0000    0.0056    0.1639    0.0183
    0.4047    0.0475    0.0000    0.0000    0.1286    0.4192
    0.3494    0.0000    0.0000    0.0012    0.0000    0.6494
    0.3463    0.0033    0.0000    0.0537    0.0009    0.5957
    0.3733    0.0169    0.0000    0.0013    0.1135    0.4950
    0.1542    0.0000    0.0000    0.0000    0.0002    0.8456
    0.3649    0.3386    0.0000    0.0082    0.1336    0.1547
    0.0891    0.0000    0.0000    0.0006    0.0000    0.9103
    0.3724    0.1244    0.0000    0.0026    0.1311    0.3695
    0.4455    0.0523    0.0000    0.0000    0.1416    0.3607
    0.0502    0.0002    0.0000    0.0000    0.0003    0.9493
    0.3420    0.0000    0.0000    0.0005    0.0000    0.6576
    0.4151    0.0932    0.0000    0.0000    0.1154    0.3762
    0.3745    0.2433    0.0000    0.0006    0.1241    0.2575
    0.4259    0.1300    0.0000    0.0025    0.1336    0.3080
    0.4160    0.4095    0.0000    0.0068    0.1564    0.0112
    0.3996    0.0000    0.0000    0.0014    0.0496    0.5495
    0.3937    0.2061    0.0000    0.0006    0.1227    0.2769
    0.3382    0.3496    0.0000    0.0065    0.1380    0.1677
    0.3528    0.3843    0.0000    0.0067    0.0859    0.1703
    0.1908    0.0061    0.0000    0.0011    0.0001    0.8019
    0.3559    0.0000    0.0000    0.0136    0.0015    0.6290
    0.3832    0.0003    0.0000    0.0169    0.0138    0.5859
    0.1228    0.0000    0.0000    0.0000    0.0001    0.8771
    0.1174    0.0000    0.0000    0.0022    0.0000    0.8804
    0.4240    0.0546    0.0000    0.0000    0.1343    0.3870
    0.3865    0.1846    0.0000    0.0000    0.1582    0.2707
    0.1067    0.0000    0.0000    0.0001    0.0001    0.8930
    0.3683    0.3269    0.0000    0.0007    0.1480    0.1561
    0.3111    0.0000    0.0000    0.0011    0.0001    0.6878
    0.3658    0.0010    0.0000    0.0487    0.0213    0.5632
    0.3559    0.0000    0.0000    0.0008    0.0001    0.6432
    0.4088    0.0990    0.0000    0.0007    0.1474    0.3440
    0.3999    0.1182    0.0000    0.0022    0.1576    0.3222
    0.3848    0.0792    0.0000    0.0130    0.1288    0.3942
    0.4104    0.0391    0.0000    0.0008    0.1248    0.4249
    0.4255    0.0000    0.0000    0.0015    0.0001    0.5730
    0.4106    0.0013    0.0000    0.0063    0.0545    0.5273
    0.2212    0.0070    0.0000    0.0037    0.0000    0.7681
    0.4184    0.0797    0.0000    0.0000    0.1484    0.3535
    0.3913    0.0014    0.0000    0.0000    0.0878    0.5194
    0.4098    0.0047    0.0000    0.0155    0.0836    0.4864
    0.2997    0.0000    0.0000    0.0000    0.0001    0.7001
    0.2471    0.0108    0.0000    0.0000    0.0038    0.7383
    0.4203    0.1207    0.0000    0.0000    0.1287    0.3303
    0.1999    0.0330    0.0000    0.0008    0.0003    0.7660
    0.3865    0.0447    0.0000    0.0000    0.1227    0.4460
    0.3640    0.2820    0.0000    0.0069    0.1695    0.1777
    0.2717    0.0000    0.0000    0.0000    0.0002    0.7281
    0.0630    0.0000    0.0000    0.0000    0.0002    0.9368
    0.4051    0.0013    0.0000    0.0004    0.0292    0.5640
    0.3865    0.0000    0.0000    0.0234    0.0414    0.5486
    0.0724    0.0000    0.0000    0.0000    0.0000    0.9275
    0.1777    0.0000    0.0000    0.0000    0.0001    0.8221
    0.3361    0.0000    0.0000    0.0000    0.0000    0.6639
    0.4028    0.0177    0.0000    0.0013    0.1184    0.4598
    0.3839    0.3311    0.0000    0.0006    0.1433    0.1411
    0.4131    0.3004    0.0000    0.0004    0.1061    0.1800
    0.4119    0.0507    0.0000    0.0000    0.1278    0.4096
    0.3455    0.0000    0.0000    0.0000    0.0000    0.6544
    0.3247    0.3490    0.0000    0.0017    0.1580    0.1666
    0.3970    0.4065    0.0000    0.0043    0.1548    0.0375
    0.3838    0.0012    0.0000    0.0003    0.0847    0.5300
    0.3618    0.1914    0.0000    0.0000    0.1133    0.3335
    0.3980    0.0460    0.0000    0.0000    0.1167    0.4393
    0.0656    0.0008    0.0000    0.0001    0.0000    0.9336
    0.1141    0.0000    0.0000    0.0000    0.0003    0.8855
    0.1105    0.0008    0.0000    0.0005    0.0003    0.8879
    0.2257    0.0067    0.0000    0.0000    0.0001    0.7675
    0.3814    0.4165    0.0000    0.0051    0.1586    0.0384
    0.0571    0.0002    0.0000    0.0002    0.0000    0.9426
    0.4049    0.0000    0.0000    0.0181    0.0205    0.5565
    0.4010    0.3764    0.0000    0.0054    0.1521    0.0652
    0.3622    0.2206    0.0000    0.0074    0.1180    0.2918
    0.4232    0.3644    0.0000    0.0044    0.1649    0.0431
    0.3218    0.3486    0.0000    0.0070    0.1244    0.1982
    0.3625    0.3980    0.0000    0.0009    0.1445    0.0941
    0.2254    0.0003    0.0000    0.0068    0.0001    0.7675
    0.0302    0.0000    0.0000    0.0000    0.0000    0.9698
    0.4005    0.3833    0.0000    0.0050    0.1544    0.0568
    0.3787    0.0030    0.0000    0.0000    0.0585    0.5597
    0.2020    0.0000    0.0000    0.0000    0.0000    0.7980
    0.2807    0.0000    0.0000    0.0000    0.0001    0.7191
    0.2194    0.0000    0.0000    0.0000    0.0001    0.7805
    0.3735    0.1042    0.0000    0.0013    0.1196    0.4013
    0.3076    0.0000    0.0000    0.0014    0.0001    0.6909
    0.3886    0.0000    0.0000    0.0000    0.1206    0.4908
    0.1312    0.0002    0.0000    0.0025    0.0002    0.8659
    0.1268    0.0000    0.0000    0.0000    0.0002    0.8729
    0.0439    0.0002    0.0000    0.0000    0.0000    0.9559
    0.3053    0.0000    0.0000    0.0000    0.0002    0.6945
    0.3743    0.0403    0.0000    0.0009    0.1288    0.4557
    0.3692    0.0393    0.0000    0.0008    0.1254    0.4653
    0.4061    0.3204    0.0000    0.0052    0.1541    0.1141
    0.3939    0.3122    0.0000    0.0034    0.1413    0.1491
    0.2503    0.0000    0.0000    0.0011    0.0001    0.7485
    0.3590    0.1558    0.0000    0.0025    0.1264    0.3563
    0.4304    0.2934    0.0000    0.0007    0.1544    0.1212
    0.3640    0.0012    0.0000    0.0405    0.0000    0.5944
    0.4151    0.0060    0.0000    0.0003    0.1084    0.4702
    0.1008    0.0013    0.0000    0.0026    0.0000    0.8953
    0.3797    0.1060    0.0000    0.0000    0.1258    0.3886
    0.2681    0.0000    0.0000    0.0000    0.0000    0.7319
    0.3023    0.0000    0.0000    0.0000    0.0000    0.6977
    0.3657    0.0010    0.0000    0.0014    0.1114    0.5204
    0.1504    0.0000    0.0000    0.0002    0.0000    0.8494
    0.2067    0.0000    0.0000    0.0009    0.0001    0.7922
    0.3851    0.0012    0.0000    0.0024    0.0857    0.5257
    0.3755    0.0374    0.0000    0.0022    0.1147    0.4703
    0.3339    0.3773    0.0000    0.0052    0.1147    0.1690
    0.0859    0.0000    0.0000    0.0001    0.0001    0.9139
    0.4028    0.0046    0.0000    0.0018    0.1127    0.4781
    0.2759    0.0000    0.0000    0.0000    0.0001    0.7241
    0.3870    0.0003    0.0000    0.0170    0.0039    0.5917
    0.3938    0.2036    0.0000    0.0019    0.1160    0.2848
    0.1459    0.0000    0.0000    0.0000    0.0000    0.8541
    0.3570    0.2632    0.0000    0.0006    0.1445    0.2346
    0.2161    0.0067    0.0000    0.0080    0.0001    0.7691
    0.3597    0.0012    0.0000    0.0305    0.0456    0.5629
    0.3227    0.2483    0.0000    0.0006    0.1246    0.3038
    0.3476    0.0234    0.0000    0.0013    0.0001    0.6276
    0.1876    0.0000    0.0000    0.0000    0.0001    0.8123
    0.3898    0.0014    0.0000    0.0000    0.0738    0.5349
    0.3926    0.3476    0.0000    0.0004    0.0883    0.1710
    0.2609    0.0000    0.0000    0.0000    0.0000    0.7391
    0.3623    0.3017    0.0000    0.0006    0.1303    0.2052
    0.1001    0.0000    0.0000    0.0000    0.0000    0.8999
    0.0546    0.0006    0.0000    0.0000    0.0000    0.9447
    0.2807    0.0000    0.0000    0.0000    0.0001    0.7191
    0.0790    0.0014    0.0000    0.0040    0.0014    0.9143
    0.0370    0.0000    0.0000    0.0002    0.0000    0.9628
    0.0723    0.0000    0.0000    0.0000    0.0023    0.9254
    0.3269    0.3379    0.0000    0.0013    0.1077    0.2262
    0.3588    0.0011    0.0000    0.0399    0.0000    0.6001
    0.3782    0.0453    0.0000    0.0000    0.1244    0.4521
    0.3974    0.0012    0.0000    0.0009    0.0967    0.5038
    0.3827    0.0009    0.0000    0.0007    0.0529    0.5627
    0.3892    0.3172    0.0000    0.0000    0.1645    0.1291
    0.4031    0.0003    0.0000    0.0000    0.0552    0.5414
    0.4374    0.1490    0.0000    0.0030    0.1261    0.2845
    0.1940    0.0058    0.0000    0.0000    0.0000    0.8002
    0.4017    0.0013    0.0000    0.0025    0.0352    0.5593
    0.3725    0.1245    0.0000    0.0026    0.1358    0.3646
    0.2564    0.0012    0.0000    0.0005    0.0003    0.7415
    0.3792    0.4114    0.0000    0.0051    0.1574    0.0469
    0.1295    0.0000    0.0000    0.0000    0.0004    0.8702
    0.3308    0.2294    0.0000    0.0006    0.1277    0.3115
    0.4071    0.0032    0.0000    0.0000    0.0612    0.5286
    0.3879    0.0000    0.0000    0.0000    0.0000    0.6121
    0.3938    0.2036    0.0000    0.0019    0.1160    0.2848
    0.2370    0.0000    0.0000    0.0000    0.0001    0.7629
    0.3573    0.3758    0.0000    0.0062    0.1032    0.1575
    0.3848    0.4382    0.0000    0.0053    0.1545    0.0173
    0.2644    0.0000    0.0000    0.0000    0.0000    0.7356
    0.0794    0.0000    0.0000    0.0000    0.0000    0.9206
    0.2001    0.0000    0.0000    0.0000    0.0001    0.7998
    0.4411    0.1502    0.0000    0.0009    0.1208    0.2869
    0.2558    0.0012    0.0000    0.0028    0.0003    0.7399
    0.3848    0.4382    0.0000    0.0053    0.1545    0.0173
    0.3153    0.0015    0.0000    0.0001    0.0000    0.6832
    0.3857    0.0000    0.0000    0.0004    0.0000    0.6138
    0.3563    0.0010    0.0000    0.0922    0.0018    0.5486
    0.4108    0.0070    0.0000    0.0000    0.1028    0.4794
    0.3953    0.0003    0.0000    0.0153    0.0035    0.5856
    0.1482    0.0000    0.0000    0.0000    0.0002    0.8516
    0.3796    0.3927    0.0000    0.0043    0.1627    0.0606
    0.3821    0.0012    0.0000    0.0003    0.0545    0.5619
    0.3543    0.0964    0.0000    0.0000    0.1401    0.4092
    0.4044    0.0012    0.0000    0.0003    0.0857    0.5084
    0.4066    0.0010    0.0000    0.0004    0.0529    0.5392
    0.2744    0.0000    0.0000    0.0000    0.0000    0.7255
    0.3800    0.0013    0.0000    0.0004    0.0471    0.5712
    0.2060    0.0000    0.0000    0.0000    0.0000    0.7940

 Output data matrix of Pareto front of final Gaussian process model:
        f1        f2        f3
 -288.4400   -2.7740-62628.9075
 -552.6346   -1.4363-95480.9370
 -641.4790   -0.9970-87884.1212
 -641.1875   -0.9914-87991.5950
 -288.4400   -2.7740-62628.9075
 -288.4964   -2.7002-62615.5135
 -322.8393   -2.2032-67783.6465
 -362.6765   -2.0831-73830.0234
 -358.6242   -2.0935-73210.4602
 -320.4427   -2.2162-67406.6573
 -345.9101   -2.1290-71295.5901
 -383.4378   -2.0301-76909.6019
 -326.2836   -2.1921-68300.7521
 -356.3396   -2.0997-72880.3822
 -288.4408   -2.7152-62621.0581
 -405.3533   -1.9797-80102.6837
 -388.1183   -2.0188-77592.4258
 -289.0163   -2.6436-62692.1820
 -331.0541   -2.1747-69021.8834
 -385.5679   -2.0250-77222.0383
 -401.9969   -1.9874-79594.2736
 -311.3871   -2.2628-66024.0607
 -629.6662   -1.1550-90538.8308
 -299.3139   -2.3734-64197.1198
 -445.5436   -1.9124-85442.8781
 -313.5813   -2.2475-66338.4217
 -516.7783   -1.6787-94286.0617
 -639.9316   -1.0399-88493.0682
 -522.5470   -1.6525-94414.1661
 -414.4868   -1.9642-81334.9037
 -421.8921   -1.9516-82555.3084
 -493.1543   -1.7895-91884.9044
 -318.2904   -2.2258-67064.7453
 -609.2041   -1.2323-91700.5092
 -297.7010   -2.3945-63950.0633
 -540.8493   -1.5522-94466.6637
 -537.9788   -1.5182-95282.0934
 -290.9276   -2.5452-62939.8929
 -411.0171   -1.9705-80850.6691
 -535.9879   -1.5707-94612.4346
 -579.6059   -1.3342-93947.7346
 -560.7942   -1.3998-95257.8652
 -640.1269   -1.0235-88328.7609
 -462.0254   -1.8805-87805.4535
 -573.5104   -1.3589-94503.7313
 -602.9313   -1.2562-91354.1824
 -584.0635   -1.3053-89332.9627
 -334.7135   -2.1606-69626.9326
 -419.8449   -1.9544-82135.9036
 -437.9226   -1.9265-84498.3248
 -306.9527   -2.2957-65345.6915
 -305.3702   -2.3048-65091.5518
 -532.5785   -1.5832-95038.1570
 -578.6690   -1.3118-94935.3238
 -302.1600   -2.3394-64616.1730
 -613.0069   -1.2199-92228.5515
 -396.2615   -1.9998-78775.3967
 -440.3163   -1.9214-84875.0147
 -417.2851   -1.9595-81713.1222
