
 TSEMO log file created on 27-Feb-2020 

 This file shows the initial specifications of TSEMO and logs the output.
 ¯¯¯¯¯¯¯¯¯¯¯¯¯¯¯¯¯¯¯¯¯¯¯¯¯¯¯¯¯¯¯¯¯¯¯¯¯¯¯¯¯¯¯¯¯¯¯¯¯¯¯¯¯¯¯¯¯¯¯¯¯¯¯¯¯¯¯¯¯¯¯¯¯¯¯¯¯¯¯¯¯¯¯¯¯¯¯¯¯¯¯¯¯¯¯¯¯¯¯¯¯¯
 License information 

 BSD 2-Clause License 

 Copyright (c) 2017, Eric Bradford, Artur M. Schweidtmann and Alexei Lapkin
 All rights reserved. 

 Redistribution and use in source and binary forms, with or without
 modification, are permitted provided that the following conditions are met: 

 *Redistributions of source code must retain the above copyright notice, this   
  list of conditions and the following disclaimer. 

 *Redistributions in binary form must reproduce the above copyright notice,   
  this list of conditions and the following disclaimer in the documentation   
  and/or other materials provided with the distribution. 

 Modified by Mina Konakovic Lukovic 2019. 

 ¯¯¯¯¯¯¯¯¯¯¯¯¯¯¯¯¯¯¯¯¯¯¯¯¯¯¯¯¯¯¯¯¯¯¯¯¯¯¯¯¯¯¯¯¯¯¯¯¯¯¯¯¯¯¯¯¯¯¯¯¯¯¯¯¯¯¯¯¯¯¯¯¯¯¯¯¯¯¯¯¯¯¯¯¯¯¯¯¯¯¯¯¯¯¯¯¯¯¯¯¯¯
 Problem specifications 

 Function used:   consta 

 Number of inputs:   6
 Number of outputs:  3 

 Lower bounds of decision variables:
      x1      x2      x3      x4      x5      x6
  0.0000  0.0000  0.0000  0.0000  0.0000  0.0000
 
 Upper bounds of decision variables:
      x1      x2      x3      x4      x5      x6
  1.0000  1.0000  0.5000  1.0000  1.0000  1.0000
 ¯¯¯¯¯¯¯¯¯¯¯¯¯¯¯¯¯¯¯¯¯¯¯¯¯¯¯¯¯¯¯¯¯¯¯¯¯¯¯¯¯¯¯¯¯¯¯¯¯¯¯¯¯¯¯¯¯¯¯¯¯¯¯¯¯¯¯¯¯¯¯¯¯¯¯¯¯¯¯¯¯¯¯¯¯¯¯¯¯¯¯¯¯¯¯¯¯¯¯¯¯¯
 Algorithm options 

 Maximum number of function evaluations:  4
 Sample batch size:                       4
 Number of algorithm iterations:          1 

 Genetic algorithm population size:        200
 Genetic algorithm number of generations:  200 

                                               f1      f2      f3
 Number of spectral sampling points:         4000    4000    4000
 Type of matern function:                       5       5       5
 Direct evaluations per input dimension:      200     200     200
 ¯¯¯¯¯¯¯¯¯¯¯¯¯¯¯¯¯¯¯¯¯¯¯¯¯¯¯¯¯¯¯¯¯¯¯¯¯¯¯¯¯¯¯¯¯¯¯¯¯¯¯¯¯¯¯¯¯¯¯¯¯¯¯¯¯¯¯¯¯¯¯¯¯¯¯¯¯¯¯¯¯¯¯¯¯¯¯¯¯¯¯¯¯¯¯¯¯¯¯¯¯¯
 Initial data set 

 Number of initial data points:  123 

 Initial input data matrix:
      x1      x2      x3      x4      x5      x6
  0.3200  0.1300  0.0500  0.2100  0.0400  0.2500
  0.0000  0.1800  0.2100  0.2800  0.2000  0.1300
  0.0000  0.0200  0.3800  0.0400  0.2900  0.2700
  0.1900  0.3000  0.1000  0.0600  0.0700  0.2800
  0.0800  0.1600  0.1400  0.0400  0.1900  0.3900
  0.3400  0.0600  0.2300  0.1600  0.1900  0.0200
  0.1400  0.1000  0.0700  0.2000  0.2700  0.2200
  0.0700  0.0700  0.3200  0.2100  0.0300  0.3000
  0.0200  0.0100  0.2700  0.1300  0.4900  0.0800
  0.0900  0.3200  0.0300  0.1300  0.3700  0.0600
  0.0800  0.2100  0.0200  0.0000  0.6100  0.0800
  0.0900  0.3200  0.0400  0.2100  0.1700  0.1700
  0.1400  0.3000  0.0700  0.1000  0.2500  0.1400
  0.0400  0.1700  0.0700  0.2200  0.2400  0.2600
  0.1700  0.1500  0.2800  0.2900  0.0000  0.1100
  0.1000  0.1400  0.1400  0.2600  0.2700  0.0900
  1.0000  0.0000  0.0000  0.0000  0.0000  0.0000
  0.0000  1.0000  0.0000  0.0000  0.0000  0.0000
  0.0000  0.0000  0.0000  1.0000  0.0000  0.0000
  0.6000  0.4000  0.0000  0.0000  0.0000  0.0000
  0.5500  0.4500  0.0000  0.0000  0.0000  0.0000
  0.5000  0.5000  0.0000  0.0000  0.0000  0.0000
  0.4500  0.5500  0.0000  0.0000  0.0000  0.0000
  0.4000  0.6000  0.0000  0.0000  0.0000  0.0000
  0.2700  0.4400  0.0900  0.0400  0.0800  0.0800
  0.0400  0.1900  0.3600  0.2000  0.1200  0.0900
  0.0000  0.5900  0.0000  0.0800  0.0800  0.2500
  0.0000  0.3900  0.1300  0.0700  0.0300  0.3800
  0.0100  0.5100  0.0000  0.1000  0.0200  0.3600
  0.0100  0.6200  0.0100  0.0300  0.1000  0.2300
  0.0600  0.3000  0.4100  0.0100  0.0100  0.2100
  0.0800  0.3200  0.5000  0.0700  0.0200  0.0100
  0.1500  0.2800  0.2500  0.0100  0.0600  0.2500
  0.0000  0.0000  0.0000  0.0000  0.0000  1.0000
  0.0000  0.0000  0.0000  0.0000  1.0000  0.0000
  0.0200  0.1100  0.0000  0.5000  0.0300  0.3400
  0.0100  0.1900  0.0000  0.0000  0.0000  0.8000
  0.0100  0.3900  0.0000  0.0200  0.0100  0.5700
  0.1800  0.1200  0.0000  0.3600  0.0000  0.3400
  0.0100  0.0000  0.1300  0.2500  0.0000  0.6100
  0.3200  0.0000  0.1200  0.0100  0.0000  0.5500
  0.0100  0.1500  0.1000  0.2100  0.0000  0.5300
  0.0100  0.0000  0.1500  0.2500  0.0000  0.5900
  0.1500  0.4500  0.0400  0.0300  0.0100  0.3200
  0.0500  0.3200  0.0000  0.5700  0.0600  0.0000
  0.3100  0.5200  0.0000  0.0800  0.0200  0.0700
  0.1500  0.0400  0.1300  0.6700  0.0100  0.0000
  0.0000  0.2100  0.2000  0.5800  0.0100  0.0000
  0.0000  0.0100  0.2800  0.6700  0.0100  0.0300
  0.0100  0.2800  0.1100  0.4600  0.1100  0.0300
  0.4900  0.0600  0.0000  0.1400  0.0200  0.2900
  0.1400  0.0000  0.0700  0.0100  0.0100  0.7700
  0.0300  0.5800  0.1800  0.0400  0.1000  0.0700
  0.0000  0.3100  0.0100  0.0200  0.1500  0.5100
  0.2500  0.0100  0.0100  0.0400  0.1300  0.5600
  0.2900  0.4500  0.0600  0.0800  0.1200  0.0000
  0.0200  0.0100  0.1600  0.0100  0.5000  0.3000
  0.0200  0.2400  0.0000  0.0300  0.2600  0.4500
  0.0000  0.0100  0.0000  0.0100  0.2700  0.7100
  0.0900  0.0200  0.0000  0.0600  0.4000  0.4300
  0.0000  0.1600  0.0000  0.0000  0.2500  0.5900
  0.3200  0.0900  0.0200  0.0100  0.0100  0.5500
  0.0000  0.0800  0.1300  0.0000  0.1100  0.6800
  0.3900  0.0100  0.0300  0.0000  0.0000  0.5700
  0.2600  0.1800  0.0200  0.0100  0.0100  0.5200
  0.2000  0.1600  0.0000  0.0000  0.0000  0.6400
  0.5100  0.3100  0.0700  0.0100  0.0100  0.0900
  0.1400  0.1700  0.0200  0.0000  0.0000  0.6700
  0.0000  0.0300  0.0200  0.2100  0.3200  0.4200
  0.5700  0.0000  0.1100  0.0100  0.1000  0.2100
  0.5100  0.2500  0.1000  0.0200  0.1200  0.0000
  0.5100  0.0100  0.0700  0.0200  0.1100  0.2800
  0.0000  0.0000  0.0000  0.0200  0.0000  0.9800
  0.6000  0.0000  0.0300  0.0000  0.0200  0.3500
  0.3400  0.0000  0.1100  0.0100  0.0600  0.4800
  0.4400  0.1100  0.1100  0.0000  0.0600  0.2800
  0.6600  0.0000  0.0800  0.0000  0.0000  0.2600
  0.3700  0.4700  0.1000  0.0000  0.0600  0.0000
  0.4400  0.3000  0.0900  0.0400  0.1300  0.0000
  0.2700  0.6100  0.1200  0.0000  0.0000  0.0000
  0.0100  0.0000  0.0000  0.0200  0.0800  0.8900
  0.2100  0.1100  0.0600  0.0000  0.1400  0.4800
  0.5200  0.0100  0.0100  0.0000  0.0000  0.4600
  0.0000  0.3800  0.0100  0.0000  0.0000  0.6100
  0.0000  0.3100  0.0100  0.0000  0.0000  0.6800
  0.3200  0.3400  0.0200  0.0000  0.0100  0.3100
  0.0100  0.4100  0.0000  0.0000  0.0100  0.5700
  0.0000  0.4100  0.0000  0.1300  0.0000  0.4600
  0.0000  0.1800  0.0000  0.2600  0.0100  0.5500
  0.0400  0.4500  0.0000  0.0700  0.0100  0.4300
  0.0000  0.2500  0.0000  0.2500  0.0000  0.5000
  0.3600  0.2000  0.0200  0.0800  0.0000  0.3400
  0.2100  0.0000  0.0000  0.3300  0.0100  0.4500
  0.2500  0.0000  0.0000  0.3100  0.0100  0.4300
  0.1900  0.0000  0.0000  0.3200  0.0100  0.4800
  0.0000  0.6300  0.1000  0.0000  0.0000  0.2700
  0.0000  0.6600  0.0900  0.0000  0.0000  0.2500
  0.0000  0.3300  0.1100  0.0100  0.0000  0.5500
  0.0000  0.6800  0.0900  0.0000  0.0100  0.2200
  0.3500  0.0000  0.0000  0.0100  0.0000  0.6400
  0.0100  0.0000  0.0000  0.3600  0.0000  0.6300
  0.4800  0.0000  0.0100  0.0000  0.1200  0.3900
  0.3900  0.0000  0.0000  0.0200  0.0100  0.5800
  0.4000  0.1700  0.0000  0.0000  0.1200  0.3100
  0.4400  0.2700  0.0000  0.0000  0.1700  0.1200
  0.3400  0.1400  0.0000  0.0000  0.1300  0.3900
  0.3300  0.1200  0.0000  0.0000  0.1300  0.4200
  0.3900  0.0000  0.0000  0.0000  0.2200  0.3900
  0.3900  0.3100  0.0000  0.0000  0.2200  0.0800
  0.4100  0.0000  0.0000  0.0000  0.2500  0.3400
  0.3500  0.0000  0.0000  0.0000  0.2000  0.4500
  0.3300  0.0000  0.0000  0.0000  0.2100  0.4600
  0.3100  0.0000  0.0000  0.0000  0.2000  0.4900
  0.3500  0.0000  0.0000  0.0000  0.2100  0.4400
  0.2000  0.0000  0.0000  0.0000  0.0100  0.7900
  0.5000  0.0000  0.0000  0.0000  0.3000  0.2000
  0.5300  0.0600  0.0000  0.0000  0.3200  0.0900
  0.5300  0.0000  0.0000  0.0000  0.3300  0.1400
  0.4200  0.0000  0.0000  0.0000  0.2700  0.3100
  0.4200  0.0100  0.0000  0.0000  0.1400  0.4300
  0.3900  0.0000  0.0000  0.0000  0.1300  0.4800
  0.4400  0.0000  0.0000  0.0500  0.1300  0.3800
  0.2800  0.0000  0.0000  0.1100  0.0800  0.5300

 Initial output data matrix:
      f1      f2      f3
-477.3645 -1.2974-78049.1925
-454.7535 -1.3662-68112.8155
-279.9044 -2.1133-51731.0693
-469.5247 -1.7578-77876.9026
-440.0426 -1.9634-76654.9118
-365.6047 -1.2303-62118.0243
-410.9856 -1.1190-66049.6554
-136.1656 -0.8962-22268.5639
-369.0088 -1.3142-61644.3643
-533.9811 -0.8968-68784.7611
-442.6768 -0.7257-59416.2131
-507.4257 -0.9822-66650.9629
-443.6008 -1.1184-65323.0907
-489.5899 -1.3294-72483.9913
-359.3333 -1.7335-60280.1487
-485.2462 -0.8865-66192.4108
-228.9585 -0.7284-49588.2084
-435.6576 -1.1748-60782.1527
-368.0328 -0.0378-29839.9581
-558.3333 -1.0147-72324.3305
-545.1107 -1.0090-76481.1353
-595.9865 -1.0313-80252.0073
-577.5167 -1.0272-78299.5278
-603.0115 -1.0486-79494.8772
-536.4679 -1.3385-83057.1828
-380.6202 -1.5761-63939.3838
-487.9964 -1.6929-74452.7693
-492.2164 -2.0354-77476.1977
-483.0457 -1.7036-74331.8675
-461.0062 -1.5331-68683.9650
-428.6732 -1.9582-73565.0149
-420.3458 -1.7501-70958.0370
-185.7397 -1.9998-39188.2443
-307.5914 -2.9333-68673.8814
-248.0791 -0.3369-41639.4837
-330.4220 -1.6093-58954.7196
-261.1897 -2.5356-54113.5267
-374.3907 -2.1313-72005.0906
-442.1932 -1.6426-73645.0393
-325.5454 -2.2577-65492.6760
-407.4563 -1.7142-79298.8675
-280.7768 -2.0890-55835.4428
-345.4445 -2.2639-66935.4850
-337.8766 -1.7123-65225.4544
-380.5099 -0.6146-47362.4095
-423.7886 -1.3121-68132.9194
-412.9137 -0.7221-59055.9302
-389.7163 -1.2975-60315.7332
-243.9299 -1.5816-43427.1956
-418.8166 -1.1219-61444.5239
-463.1094 -1.4660-81856.9346
-260.4919 -1.9421-59060.6871
-461.1271 -1.5697-75813.0466
-434.9195 -1.9723-80545.7853
-411.2741 -1.7072-85333.3874
-593.8157 -1.0758-82484.6477
-331.6431 -1.2261-62332.4475
-461.8788 -1.5726-80820.6379
-386.3988 -1.9098-76223.9832
-458.6168 -1.3865-78606.8274
-386.1546 -1.7969-73308.3934
-420.6757 -1.8963-83069.8760
-256.3444 -2.2542-53258.3199
-343.7864 -1.8975-72697.8828
-317.0968 -1.9236-66141.3310
-405.5608 -1.9380-81223.2023
-579.2708 -1.0437-87100.5169
-297.2664 -2.2664-61771.9743
-230.0024 -1.7750-53153.7094
-296.3126 -0.8946-60049.3899
-625.1337 -1.1253-94708.7918
-559.4404 -1.5604-98460.5528
-350.2734 -2.6724-74202.1381
-483.8073 -1.5770-91455.1658
-333.6048 -1.8340-67470.0844
-401.3639 -1.5176-75081.6898
-339.8147 -1.1731-68370.6235
-619.8270 -1.3159-92324.8900
-456.6095 -1.0320-73399.8497
-527.1160 -1.2052-80673.3135
-182.0132 -2.1459-33836.3245
-299.4935 -1.9115-62779.5207
-342.4831 -1.8084-73190.6083
-292.5484 -2.1003-64376.6034
-284.1961 -2.0337-60695.8700
-418.6794 -1.5121-75788.0791
-272.5130 -1.9527-60034.6655
-324.9663 -1.9969-65021.8788
-361.4059 -2.0913-69395.5054
-310.1195 -1.9192-61302.0228
-321.0298 -2.0199-62665.9535
-408.2643 -1.5818-76317.7672
-398.2560 -1.9114-74552.8783
-437.9660 -1.8110-79745.2693
-402.9772 -1.8842-75747.1961
-367.7646 -1.7661-65605.9795
-392.9406 -1.8913-69484.2021
-317.1051 -2.1952-63761.7220
-355.6015 -1.8014-64450.3268
-438.2688 -2.1205-87348.6010
-334.7339 -2.0407-65124.3183
-514.0293 -1.5443-93643.6527
-526.1093 -1.9176-98663.7705
-555.0826 -1.4101-91162.3449
-653.9760 -1.1215-96005.8355
-613.3157 -1.3545-102903.8092
-574.5688 -1.4762-99854.6710
-596.1996 -1.5851-97568.0584
-673.8733 -1.3085-96609.9429
-570.9253 -1.5720-97057.6408
-453.6160 -1.8559-85374.7271
-512.3685 -1.7799-93175.9066
-384.8236 -1.8510-77997.5467
-536.0149 -1.7113-96497.9814
-289.9712 -1.9717-66399.4183
-596.7186 -0.9982-92484.7776
-390.5278 -0.8869-64360.6166
-429.9865 -0.7968-68899.7837
-397.0291 -1.0850-76450.3138
-413.4216 -1.7276-80202.5821
-512.4700 -1.6664-92116.8858
-627.3105 -1.5880-103558.9154
-459.2870 -1.8760-85164.1567

 ¯¯¯¯¯¯¯¯¯¯¯¯¯¯¯¯¯¯¯¯¯¯¯¯¯¯¯¯¯¯¯¯¯¯¯¯¯¯¯¯¯¯¯¯¯¯¯¯¯¯¯¯¯¯¯¯¯¯¯¯¯¯¯¯¯¯¯¯¯¯¯¯¯¯¯¯¯¯¯¯¯¯¯¯¯¯¯¯¯¯¯¯¯¯¯¯¯¯¯¯¯¯
 Algorithm iteration 1 

 Predicted hypervolume improvement:    0.0417
 Time taken:   40.6552 

 Proposed evaluation point(s): 
      x1      x2      x3      x4      x5      x6
  0.3600  0.4400  0.0000  0.0000  0.1900  0.0100
  0.3700  0.4300  0.0000  0.0000  0.1900  0.0100
  0.3600  0.4300  0.0000  0.0000  0.1800  0.0300
  0.0000  0.6600  0.0000  0.0100  0.1800  0.1500

 Corresponding observation(s): 
      f1      f2      f3
-684.3611 -1.0217-87570.7928
-685.0512 -1.0146-87591.7345
-675.5910 -1.0820-88892.2598
-547.7171 -1.6024-76832.8892

 ¯¯¯¯¯¯¯¯¯¯¯¯¯¯¯¯¯¯¯¯¯¯¯¯¯¯¯¯¯¯¯¯¯¯¯¯¯¯¯¯¯¯¯¯¯¯¯¯¯¯¯¯¯¯¯¯¯¯¯¯¯¯¯¯¯¯¯¯¯¯¯¯¯¯¯¯¯¯¯¯¯¯¯¯¯¯¯¯¯¯¯¯¯¯¯¯¯¯¯¯¯¯
 Final algorithm output 

 Final input data matrix:
        x1        x2        x3        x4        x5        x6
    0.3200    0.1300    0.0500    0.2100    0.0400    0.2500
    0.0000    0.1800    0.2100    0.2800    0.2000    0.1300
    0.0000    0.0200    0.3800    0.0400    0.2900    0.2700
    0.1900    0.3000    0.1000    0.0600    0.0700    0.2800
    0.0800    0.1600    0.1400    0.0400    0.1900    0.3900
    0.3400    0.0600    0.2300    0.1600    0.1900    0.0200
    0.1400    0.1000    0.0700    0.2000    0.2700    0.2200
    0.0700    0.0700    0.3200    0.2100    0.0300    0.3000
    0.0200    0.0100    0.2700    0.1300    0.4900    0.0800
    0.0900    0.3200    0.0300    0.1300    0.3700    0.0600
    0.0800    0.2100    0.0200    0.0000    0.6100    0.0800
    0.0900    0.3200    0.0400    0.2100    0.1700    0.1700
    0.1400    0.3000    0.0700    0.1000    0.2500    0.1400
    0.0400    0.1700    0.0700    0.2200    0.2400    0.2600
    0.1700    0.1500    0.2800    0.2900    0.0000    0.1100
    0.1000    0.1400    0.1400    0.2600    0.2700    0.0900
    1.0000    0.0000    0.0000    0.0000    0.0000    0.0000
    0.0000    1.0000    0.0000    0.0000    0.0000    0.0000
    0.0000    0.0000    0.0000    1.0000    0.0000    0.0000
    0.6000    0.4000    0.0000    0.0000    0.0000    0.0000
    0.5500    0.4500    0.0000    0.0000    0.0000    0.0000
    0.5000    0.5000    0.0000    0.0000    0.0000    0.0000
    0.4500    0.5500    0.0000    0.0000    0.0000    0.0000
    0.4000    0.6000    0.0000    0.0000    0.0000    0.0000
    0.2700    0.4400    0.0900    0.0400    0.0800    0.0800
    0.0400    0.1900    0.3600    0.2000    0.1200    0.0900
    0.0000    0.5900    0.0000    0.0800    0.0800    0.2500
    0.0000    0.3900    0.1300    0.0700    0.0300    0.3800
    0.0100    0.5100    0.0000    0.1000    0.0200    0.3600
    0.0100    0.6200    0.0100    0.0300    0.1000    0.2300
    0.0600    0.3000    0.4100    0.0100    0.0100    0.2100
    0.0800    0.3200    0.5000    0.0700    0.0200    0.0100
    0.1500    0.2800    0.2500    0.0100    0.0600    0.2500
    0.0000    0.0000    0.0000    0.0000    0.0000    1.0000
    0.0000    0.0000    0.0000    0.0000    1.0000    0.0000
    0.0200    0.1100    0.0000    0.5000    0.0300    0.3400
    0.0100    0.1900    0.0000    0.0000    0.0000    0.8000
    0.0100    0.3900    0.0000    0.0200    0.0100    0.5700
    0.1800    0.1200    0.0000    0.3600    0.0000    0.3400
    0.0100    0.0000    0.1300    0.2500    0.0000    0.6100
    0.3200    0.0000    0.1200    0.0100    0.0000    0.5500
    0.0100    0.1500    0.1000    0.2100    0.0000    0.5300
    0.0100    0.0000    0.1500    0.2500    0.0000    0.5900
    0.1500    0.4500    0.0400    0.0300    0.0100    0.3200
    0.0500    0.3200    0.0000    0.5700    0.0600    0.0000
    0.3100    0.5200    0.0000    0.0800    0.0200    0.0700
    0.1500    0.0400    0.1300    0.6700    0.0100    0.0000
    0.0000    0.2100    0.2000    0.5800    0.0100    0.0000
    0.0000    0.0100    0.2800    0.6700    0.0100    0.0300
    0.0100    0.2800    0.1100    0.4600    0.1100    0.0300
    0.4900    0.0600    0.0000    0.1400    0.0200    0.2900
    0.1400    0.0000    0.0700    0.0100    0.0100    0.7700
    0.0300    0.5800    0.1800    0.0400    0.1000    0.0700
    0.0000    0.3100    0.0100    0.0200    0.1500    0.5100
    0.2500    0.0100    0.0100    0.0400    0.1300    0.5600
    0.2900    0.4500    0.0600    0.0800    0.1200    0.0000
    0.0200    0.0100    0.1600    0.0100    0.5000    0.3000
    0.0200    0.2400    0.0000    0.0300    0.2600    0.4500
    0.0000    0.0100    0.0000    0.0100    0.2700    0.7100
    0.0900    0.0200    0.0000    0.0600    0.4000    0.4300
    0.0000    0.1600    0.0000    0.0000    0.2500    0.5900
    0.3200    0.0900    0.0200    0.0100    0.0100    0.5500
    0.0000    0.0800    0.1300    0.0000    0.1100    0.6800
    0.3900    0.0100    0.0300    0.0000    0.0000    0.5700
    0.2600    0.1800    0.0200    0.0100    0.0100    0.5200
    0.2000    0.1600    0.0000    0.0000    0.0000    0.6400
    0.5100    0.3100    0.0700    0.0100    0.0100    0.0900
    0.1400    0.1700    0.0200    0.0000    0.0000    0.6700
    0.0000    0.0300    0.0200    0.2100    0.3200    0.4200
    0.5700    0.0000    0.1100    0.0100    0.1000    0.2100
    0.5100    0.2500    0.1000    0.0200    0.1200    0.0000
    0.5100    0.0100    0.0700    0.0200    0.1100    0.2800
    0.0000    0.0000    0.0000    0.0200    0.0000    0.9800
    0.6000    0.0000    0.0300    0.0000    0.0200    0.3500
    0.3400    0.0000    0.1100    0.0100    0.0600    0.4800
    0.4400    0.1100    0.1100    0.0000    0.0600    0.2800
    0.6600    0.0000    0.0800    0.0000    0.0000    0.2600
    0.3700    0.4700    0.1000    0.0000    0.0600    0.0000
    0.4400    0.3000    0.0900    0.0400    0.1300    0.0000
    0.2700    0.6100    0.1200    0.0000    0.0000    0.0000
    0.0100    0.0000    0.0000    0.0200    0.0800    0.8900
    0.2100    0.1100    0.0600    0.0000    0.1400    0.4800
    0.5200    0.0100    0.0100    0.0000    0.0000    0.4600
    0.0000    0.3800    0.0100    0.0000    0.0000    0.6100
    0.0000    0.3100    0.0100    0.0000    0.0000    0.6800
    0.3200    0.3400    0.0200    0.0000    0.0100    0.3100
    0.0100    0.4100    0.0000    0.0000    0.0100    0.5700
    0.0000    0.4100    0.0000    0.1300    0.0000    0.4600
    0.0000    0.1800    0.0000    0.2600    0.0100    0.5500
    0.0400    0.4500    0.0000    0.0700    0.0100    0.4300
    0.0000    0.2500    0.0000    0.2500    0.0000    0.5000
    0.3600    0.2000    0.0200    0.0800    0.0000    0.3400
    0.2100    0.0000    0.0000    0.3300    0.0100    0.4500
    0.2500    0.0000    0.0000    0.3100    0.0100    0.4300
    0.1900    0.0000    0.0000    0.3200    0.0100    0.4800
    0.0000    0.6300    0.1000    0.0000    0.0000    0.2700
    0.0000    0.6600    0.0900    0.0000    0.0000    0.2500
    0.0000    0.3300    0.1100    0.0100    0.0000    0.5500
    0.0000    0.6800    0.0900    0.0000    0.0100    0.2200
    0.3500    0.0000    0.0000    0.0100    0.0000    0.6400
    0.0100    0.0000    0.0000    0.3600    0.0000    0.6300
    0.4800    0.0000    0.0100    0.0000    0.1200    0.3900
    0.3900    0.0000    0.0000    0.0200    0.0100    0.5800
    0.4000    0.1700    0.0000    0.0000    0.1200    0.3100
    0.4400    0.2700    0.0000    0.0000    0.1700    0.1200
    0.3400    0.1400    0.0000    0.0000    0.1300    0.3900
    0.3300    0.1200    0.0000    0.0000    0.1300    0.4200
    0.3900    0.0000    0.0000    0.0000    0.2200    0.3900
    0.3900    0.3100    0.0000    0.0000    0.2200    0.0800
    0.4100    0.0000    0.0000    0.0000    0.2500    0.3400
    0.3500    0.0000    0.0000    0.0000    0.2000    0.4500
    0.3300    0.0000    0.0000    0.0000    0.2100    0.4600
    0.3100    0.0000    0.0000    0.0000    0.2000    0.4900
    0.3500    0.0000    0.0000    0.0000    0.2100    0.4400
    0.2000    0.0000    0.0000    0.0000    0.0100    0.7900
    0.5000    0.0000    0.0000    0.0000    0.3000    0.2000
    0.5300    0.0600    0.0000    0.0000    0.3200    0.0900
    0.5300    0.0000    0.0000    0.0000    0.3300    0.1400
    0.4200    0.0000    0.0000    0.0000    0.2700    0.3100
    0.4200    0.0100    0.0000    0.0000    0.1400    0.4300
    0.3900    0.0000    0.0000    0.0000    0.1300    0.4800
    0.4400    0.0000    0.0000    0.0500    0.1300    0.3800
    0.2800    0.0000    0.0000    0.1100    0.0800    0.5300
    0.3600    0.4400    0.0000    0.0000    0.1900    0.0100
    0.3700    0.4300    0.0000    0.0000    0.1900    0.0100
    0.3600    0.4300    0.0000    0.0000    0.1800    0.0300
    0.0000    0.6600    0.0000    0.0100    0.1800    0.1500

 Final output data matrix:
        f1        f2        f3
 -477.3645   -1.2974-78049.1925
 -454.7535   -1.3662-68112.8155
 -279.9044   -2.1133-51731.0693
 -469.5247   -1.7578-77876.9026
 -440.0426   -1.9634-76654.9118
 -365.6047   -1.2303-62118.0243
 -410.9856   -1.1190-66049.6554
 -136.1656   -0.8962-22268.5639
 -369.0088   -1.3142-61644.3643
 -533.9811   -0.8968-68784.7611
 -442.6768   -0.7257-59416.2131
 -507.4257   -0.9822-66650.9629
 -443.6008   -1.1184-65323.0907
 -489.5899   -1.3294-72483.9913
 -359.3333   -1.7335-60280.1487
 -485.2462   -0.8865-66192.4108
 -228.9585   -0.7284-49588.2084
 -435.6576   -1.1748-60782.1527
 -368.0328   -0.0378-29839.9581
 -558.3333   -1.0147-72324.3305
 -545.1107   -1.0090-76481.1353
 -595.9865   -1.0313-80252.0073
 -577.5167   -1.0272-78299.5278
 -603.0115   -1.0486-79494.8772
 -536.4679   -1.3385-83057.1828
 -380.6202   -1.5761-63939.3838
 -487.9964   -1.6929-74452.7693
 -492.2164   -2.0354-77476.1977
 -483.0457   -1.7036-74331.8675
 -461.0062   -1.5331-68683.9650
 -428.6732   -1.9582-73565.0149
 -420.3458   -1.7501-70958.0370
 -185.7397   -1.9998-39188.2443
 -307.5914   -2.9333-68673.8814
 -248.0791   -0.3369-41639.4837
 -330.4220   -1.6093-58954.7196
 -261.1897   -2.5356-54113.5267
 -374.3907   -2.1313-72005.0906
 -442.1932   -1.6426-73645.0393
 -325.5454   -2.2577-65492.6760
 -407.4563   -1.7142-79298.8675
 -280.7768   -2.0890-55835.4428
 -345.4445   -2.2639-66935.4850
 -337.8766   -1.7123-65225.4544
 -380.5099   -0.6146-47362.4095
 -423.7886   -1.3121-68132.9194
 -412.9137   -0.7221-59055.9302
 -389.7163   -1.2975-60315.7332
 -243.9299   -1.5816-43427.1956
 -418.8166   -1.1219-61444.5239
 -463.1094   -1.4660-81856.9346
 -260.4919   -1.9421-59060.6871
 -461.1271   -1.5697-75813.0466
 -434.9195   -1.9723-80545.7853
 -411.2741   -1.7072-85333.3874
 -593.8157   -1.0758-82484.6477
 -331.6431   -1.2261-62332.4475
 -461.8788   -1.5726-80820.6379
 -386.3988   -1.9098-76223.9832
 -458.6168   -1.3865-78606.8274
 -386.1546   -1.7969-73308.3934
 -420.6757   -1.8963-83069.8760
 -256.3444   -2.2542-53258.3199
 -343.7864   -1.8975-72697.8828
 -317.0968   -1.9236-66141.3310
 -405.5608   -1.9380-81223.2023
 -579.2708   -1.0437-87100.5169
 -297.2664   -2.2664-61771.9743
 -230.0024   -1.7750-53153.7094
 -296.3126   -0.8946-60049.3899
 -625.1337   -1.1253-94708.7918
 -559.4404   -1.5604-98460.5528
 -350.2734   -2.6724-74202.1381
 -483.8073   -1.5770-91455.1658
 -333.6048   -1.8340-67470.0844
 -401.3639   -1.5176-75081.6898
 -339.8147   -1.1731-68370.6235
 -619.8270   -1.3159-92324.8900
 -456.6095   -1.0320-73399.8497
 -527.1160   -1.2052-80673.3135
 -182.0132   -2.1459-33836.3245
 -299.4935   -1.9115-62779.5207
 -342.4831   -1.8084-73190.6083
 -292.5484   -2.1003-64376.6034
 -284.1961   -2.0337-60695.8700
 -418.6794   -1.5121-75788.0791
 -272.5130   -1.9527-60034.6655
 -324.9663   -1.9969-65021.8788
 -361.4059   -2.0913-69395.5054
 -310.1195   -1.9192-61302.0228
 -321.0298   -2.0199-62665.9535
 -408.2643   -1.5818-76317.7672
 -398.2560   -1.9114-74552.8783
 -437.9660   -1.8110-79745.2693
 -402.9772   -1.8842-75747.1961
 -367.7646   -1.7661-65605.9795
 -392.9406   -1.8913-69484.2021
 -317.1051   -2.1952-63761.7220
 -355.6015   -1.8014-64450.3268
 -438.2688   -2.1205-87348.6010
 -334.7339   -2.0407-65124.3183
 -514.0293   -1.5443-93643.6527
 -526.1093   -1.9176-98663.7705
 -555.0826   -1.4101-91162.3449
 -653.9760   -1.1215-96005.8355
 -613.3157   -1.3545-102903.8092
 -574.5688   -1.4762-99854.6710
 -596.1996   -1.5851-97568.0584
 -673.8733   -1.3085-96609.9429
 -570.9253   -1.5720-97057.6408
 -453.6160   -1.8559-85374.7271
 -512.3685   -1.7799-93175.9066
 -384.8236   -1.8510-77997.5467
 -536.0149   -1.7113-96497.9814
 -289.9712   -1.9717-66399.4183
 -596.7186   -0.9982-92484.7776
 -390.5278   -0.8869-64360.6166
 -429.9865   -0.7968-68899.7837
 -397.0291   -1.0850-76450.3138
 -413.4216   -1.7276-80202.5821
 -512.4700   -1.6664-92116.8858
 -627.3105   -1.5880-103558.9154
 -459.2870   -1.8760-85164.1567
 -684.3611   -1.0217-87570.7928
 -685.0512   -1.0146-87591.7345
 -675.5910   -1.0820-88892.2598
 -547.7171   -1.6024-76832.8892

 Input data matrix of corresponding Pareto front:
        x1        x2        x3        x4        x5        x6
    0.0000    0.3900    0.1300    0.0700    0.0300    0.3800
    0.0000    0.0000    0.0000    0.0000    0.0000    1.0000
    0.0100    0.3900    0.0000    0.0200    0.0100    0.5700
    0.0000    0.0000    0.0000    0.0200    0.0000    0.9800
    0.3500    0.0000    0.0000    0.0100    0.0000    0.6400
    0.3900    0.0000    0.0000    0.0200    0.0100    0.5800
    0.3900    0.3100    0.0000    0.0000    0.2200    0.0800
    0.3500    0.0000    0.0000    0.0000    0.2100    0.4400
    0.4400    0.0000    0.0000    0.0500    0.1300    0.3800

 Output data matrix of corresponding Pareto front:
        f1        f2        f3
 -492.2164   -2.0354-77476.1977
 -307.5914   -2.9333-68673.8814
 -374.3907   -2.1313-72005.0906
 -350.2734   -2.6724-74202.1381
 -438.2688   -2.1205-87348.6010
 -526.1093   -1.9176-98663.7705
 -673.8733   -1.3085-96609.9429
 -536.0149   -1.7113-96497.9814
 -627.3105   -1.5880-103558.9154

 Input data matrix of Pareto front of final Gaussian process model:
        x1        x2        x3        x4        x5        x6
    0.0000    0.0000    0.0000    1.0000    0.0000    0.0000
    0.0078    0.0204    0.0000    0.0000    0.0058    0.9661
    0.3832    0.4120    0.0000    0.0227    0.1820    0.0000
    1.0000    0.0000    0.0000    0.0000    0.0000    0.0000
    0.4452    0.0705    0.0000    0.0136    0.1459    0.3248
    0.0074    0.0198    0.0000    0.0000    0.0499    0.9229
    0.1099    0.0718    0.0000    0.7561    0.0016    0.0606
    0.0591    0.0789    0.0000    0.1962    0.1352    0.5306
    0.0809    0.0652    0.0000    0.0250    0.0148    0.8141
    0.2865    0.4023    0.0000    0.1066    0.0810    0.1235
    0.3076    0.4418    0.0000    0.1171    0.0890    0.0445
    0.0120    0.0897    0.0000    0.0286    0.0298    0.8399
    0.0874    0.2801    0.0000    0.0674    0.2166    0.3484
    0.9686    0.0000    0.0000    0.0000    0.0000    0.0314
    0.0393    0.0121    0.0000    0.7909    0.0971    0.0605
    0.0000    0.0332    0.0000    0.0000    0.0382    0.9286
    0.4147    0.3638    0.0000    0.0246    0.1970    0.0000
    0.0076    0.0205    0.0000    0.0000    0.0191    0.9528
    0.1607    0.1814    0.0000    0.6564    0.0015    0.0000
    0.9878    0.0000    0.0000    0.0000    0.0000    0.0122
    0.0245    0.0070    0.0000    0.9028    0.0231    0.0425
    0.3700    0.3720    0.0000    0.0405    0.1358    0.0817
    0.1718    0.0081    0.0000    0.0031    0.1067    0.7104
    0.0170    0.0100    0.0000    0.0526    0.0131    0.9073
    0.1123    0.1507    0.0000    0.0293    0.1104    0.5974
    0.0443    0.0196    0.0000    0.0047    0.0055    0.9259
    0.4922    0.2393    0.0000    0.0828    0.1514    0.0344
    0.0703    0.1016    0.0000    0.7373    0.0851    0.0056
    0.2973    0.3197    0.0000    0.0472    0.2944    0.0413
    0.4185    0.3987    0.0000    0.0179    0.1496    0.0152
    0.3030    0.3456    0.0000    0.1096    0.1980    0.0438
    0.0076    0.0474    0.0000    0.9337    0.0000    0.0113
    0.4788    0.0535    0.0000    0.1119    0.3558    0.0000
    0.3203    0.4601    0.0000    0.1219    0.0514    0.0463
    0.0321    0.0020    0.0000    0.7435    0.2225    0.0000
    0.0180    0.1010    0.0000    0.0082    0.0780    0.7948
    0.0541    0.0126    0.0000    0.2886    0.0750    0.5697
    0.5163    0.1115    0.0000    0.0104    0.3619    0.0000
    0.3082    0.3314    0.0000    0.0282    0.2307    0.1015
    0.0169    0.0864    0.0000    0.7898    0.0382    0.0687
    0.3308    0.3557    0.0000    0.1156    0.1893    0.0086
    0.0856    0.0178    0.0000    0.0000    0.0448    0.8518
    0.1796    0.1047    0.0000    0.0216    0.0128    0.6812
    0.0485    0.2001    0.0000    0.0009    0.0301    0.7205
    0.5112    0.2126    0.0000    0.0829    0.1908    0.0026
    0.1337    0.1039    0.0000    0.0736    0.0127    0.6760
    0.2719    0.1557    0.0000    0.0475    0.1865    0.3384
    0.0258    0.0074    0.0000    0.9425    0.0243    0.0000
    0.1757    0.2120    0.0000    0.0246    0.1510    0.4367
    0.0032    0.2344    0.0000    0.6847    0.0778    0.0000
    0.3746    0.3332    0.0000    0.1304    0.1325    0.0293
    0.0455    0.0029    0.0000    0.6121    0.0248    0.3148
    0.0054    0.2003    0.0000    0.3340    0.0025    0.4577
    0.1511    0.3441    0.0000    0.0938    0.0869    0.3241
    0.0000    0.0454    0.0000    0.0316    0.9230    0.0000
    0.4063    0.2769    0.0000    0.2154    0.0687    0.0328
    0.3583    0.0966    0.0000    0.0044    0.0959    0.4447
    0.1970    0.0147    0.0000    0.7409    0.0474    0.0000
    0.0566    0.1390    0.0000    0.7042    0.0588    0.0413
    0.2639    0.3842    0.0000    0.0852    0.1852    0.0815
    0.0072    0.0194    0.0000    0.0000    0.1096    0.8638
    0.0244    0.0335    0.0000    0.8712    0.0230    0.0479
    0.4051    0.2201    0.0000    0.0370    0.3032    0.0346
    0.3760    0.0521    0.0000    0.0046    0.1006    0.4666
    0.0130    0.0024    0.0000    0.9138    0.0708    0.0000
    0.1411    0.1097    0.0000    0.0226    0.0134    0.7133
    0.1859    0.3202    0.0000    0.3425    0.1297    0.0218
    0.0087    0.0625    0.0000    0.3139    0.0143    0.6006
    0.0000    0.0000    0.0000    0.7139    0.0053    0.2808
    0.0862    0.1369    0.0000    0.5334    0.1671    0.0765
    0.1979    0.3994    0.0000    0.1434    0.1473    0.1121
    0.0874    0.0706    0.0000    0.0254    0.0151    0.8015
    0.2176    0.5213    0.0000    0.0077    0.1218    0.1316
    0.0009    0.0325    0.0000    0.8895    0.0770    0.0000
    0.1148    0.0750    0.0000    0.7901    0.0200    0.0000
    0.4704    0.0526    0.0000    0.1099    0.3496    0.0174
    0.0183    0.0058    0.0000    0.4850    0.1171    0.3737
    0.1547    0.1390    0.0000    0.0212    0.5544    0.1307
    0.3718    0.1964    0.0000    0.3111    0.0606    0.0601
    0.0648    0.1504    0.0000    0.6259    0.1588    0.0000
    0.0609    0.0809    0.0000    0.6132    0.2450    0.0000
    0.1886    0.1979    0.0000    0.4838    0.1156    0.0142
    0.3921    0.0427    0.0000    0.0478    0.1876    0.3297
    0.0907    0.0409    0.0000    0.3152    0.0170    0.5362
    0.3564    0.3521    0.0000    0.0216    0.1369    0.1331
    0.0199    0.0324    0.0000    0.0278    0.0394    0.8805
    0.3704    0.0568    0.0000    0.1188    0.4540    0.0000
    0.3447    0.4265    0.0000    0.0271    0.1728    0.0290
    0.0785    0.0631    0.0000    0.6518    0.0801    0.1266
    0.2474    0.0991    0.0000    0.1097    0.0965    0.4474
    0.4019    0.1024    0.0000    0.0049    0.0898    0.4010
    0.1626    0.1261    0.0000    0.0057    0.1251    0.5804
    0.0078    0.0031    0.0000    0.0000    0.0194    0.9697
    0.1114    0.0176    0.0000    0.6949    0.1762    0.0000
    0.2616    0.0997    0.0000    0.0000    0.2210    0.4176
    0.0039    0.0971    0.0000    0.0000    0.0325    0.8665
    0.1519    0.0475    0.0000    0.7738    0.0228    0.0040
    0.4091    0.1123    0.0000    0.1175    0.1060    0.2552
    0.0525    0.0826    0.0000    0.7673    0.0640    0.0335
    0.3752    0.1681    0.0000    0.1077    0.0972    0.2518
    0.0284    0.1341    0.0000    0.0409    0.1126    0.6839
    0.4094    0.1660    0.0000    0.0515    0.1653    0.2079
    0.0000    0.0346    0.0000    0.6247    0.0845    0.2563
    0.1045    0.5540    0.0000    0.0269    0.2243    0.0903
    0.2545    0.1308    0.0000    0.3440    0.0552    0.2156
    0.0000    0.1161    0.0000    0.7970    0.0057    0.0812
    0.1798    0.1217    0.0000    0.0638    0.5816    0.0531
    0.3705    0.1585    0.0000    0.3439    0.1137    0.0134
    0.0075    0.0506    0.0000    0.0044    0.0056    0.9319
    0.0938    0.3449    0.0000    0.4674    0.0939    0.0000
    0.1303    0.1696    0.0000    0.0670    0.1725    0.4606
    0.5062    0.0000    0.0000    0.1437    0.3086    0.0415
    0.3171    0.0751    0.0000    0.0536    0.2010    0.3532
    0.2526    0.0146    0.0000    0.5758    0.1460    0.0110
    0.1004    0.1131    0.0000    0.0233    0.0138    0.7493
    0.0430    0.0559    0.0000    0.7976    0.0043    0.0993
    0.1010    0.0214    0.0000    0.8365    0.0411    0.0000
    0.0771    0.2190    0.0000    0.6276    0.0764    0.0000
    0.0412    0.0026    0.0000    0.6455    0.0177    0.2931
    0.0481    0.2888    0.0000    0.6317    0.0314    0.0000
    0.0658    0.1177    0.0000    0.0144    0.0329    0.7692
    0.0290    0.0758    0.0000    0.6794    0.0335    0.1823
    0.2174    0.2337    0.0000    0.0345    0.2568    0.2575
    0.2368    0.3326    0.0000    0.2372    0.1091    0.0842
    0.0943    0.1633    0.0000    0.0000    0.0493    0.6931
    0.3589    0.0685    0.0000    0.0161    0.1725    0.3840
    0.1582    0.3257    0.0000    0.1970    0.1053    0.2138
    0.0430    0.0000    0.0000    0.0000    0.0032    0.9537
    0.1158    0.0204    0.0000    0.8373    0.0226    0.0039
    0.1802    0.3849    0.0000    0.0397    0.0703    0.3249
    0.3253    0.1676    0.0000    0.0538    0.0860    0.3673
    0.0507    0.1397    0.0000    0.0000    0.0649    0.7447
    0.1072    0.0002    0.0000    0.8597    0.0329    0.0000
    0.3845    0.4137    0.0000    0.0228    0.1790    0.0000
    0.3198    0.4855    0.0000    0.0268    0.1139    0.0539
    0.3657    0.3981    0.0000    0.0514    0.1559    0.0290
    0.0000    0.0836    0.0000    0.8968    0.0075    0.0122
    0.1419    0.1552    0.0000    0.0000    0.0489    0.6540
    0.2097    0.2943    0.0000    0.0049    0.0898    0.4012
    0.2976    0.1753    0.0000    0.1512    0.2611    0.1148
    0.0000    0.0000    0.0000    1.0000    0.0000    0.0000
    0.0429    0.0821    0.0000    0.0000    0.0361    0.8389
    0.0069    0.3996    0.0000    0.0495    0.1162    0.4278
    0.2969    0.3039    0.0000    0.0892    0.1239    0.1862
    0.3909    0.1593    0.0000    0.1515    0.2480    0.0503
    0.0157    0.2743    0.0000    0.0589    0.0310    0.6200
    0.1694    0.0935    0.0000    0.0000    0.0384    0.6987
    0.0233    0.1334    0.0000    0.7843    0.0154    0.0436
    0.0801    0.2066    0.0000    0.6308    0.0794    0.0031
    0.0122    0.3886    0.0000    0.0189    0.0313    0.5489
    0.2735    0.0869    0.0000    0.0512    0.2027    0.3857
    0.2739    0.2412    0.0000    0.0048    0.0878    0.3922
    0.0377    0.3979    0.0000    0.0870    0.1624    0.3150
    0.0837    0.0028    0.0000    0.0654    0.2302    0.6179
    0.4042    0.0561    0.0000    0.1085    0.1487    0.2824
    0.0702    0.1740    0.0000    0.5929    0.1348    0.0281
    0.0204    0.0038    0.0000    0.7742    0.2016    0.0000
    0.3795    0.0527    0.0000    0.0671    0.1816    0.3192
    0.1334    0.1847    0.0000    0.1567    0.3793    0.1459
    0.3592    0.3911    0.0000    0.0680    0.1532    0.0284
    0.0943    0.1398    0.0000    0.4252    0.3406    0.0000
    0.0127    0.5290    0.0000    0.0836    0.0628    0.3119
    0.0725    0.1357    0.0000    0.0567    0.1995    0.5356
    0.0716    0.1184    0.0000    0.0772    0.1678    0.5649
    0.1151    0.3728    0.0000    0.1240    0.2696    0.1186
    0.0123    0.3942    0.0000    0.0192    0.0318    0.5425
    0.3814    0.0728    0.0000    0.0171    0.1739    0.3549
    0.2093    0.3330    0.0000    0.2160    0.2316    0.0101
    0.0310    0.1408    0.0000    0.0863    0.0222    0.7197
    0.0079    0.0745    0.0000    0.5984    0.1017    0.2174
    0.3549    0.2289    0.0000    0.3626    0.0086    0.0450
    0.2785    0.0889    0.0000    0.0149    0.1202    0.4975
    0.1739    0.0158    0.0000    0.7266    0.0418    0.0419
    0.0410    0.0982    0.0000    0.5520    0.0249    0.2839
    0.1370    0.2167    0.0000    0.1476    0.3575    0.1412
    0.0282    0.1147    0.0000    0.0375    0.1411    0.6785
    0.2788    0.0134    0.0000    0.6320    0.0354    0.0404
    0.9513    0.0000    0.0000    0.0000    0.0000    0.0487
    0.0313    0.0684    0.0000    0.0264    0.0156    0.8584
    0.0382    0.2229    0.0000    0.6511    0.0878    0.0000
    0.0277    0.0723    0.0000    0.6483    0.0778    0.1740
    0.3802    0.3336    0.0000    0.1065    0.1798    0.0000
    0.3132    0.2804    0.0000    0.0292    0.3314    0.0458
    0.0114    0.0075    0.0000    0.9564    0.0247    0.0000
    0.6239    0.0000    0.0000    0.0734    0.1122    0.1906
    0.0075    0.4669    0.0000    0.0969    0.0259    0.4028
    0.2979    0.1245    0.0000    0.0037    0.2042    0.3698
    0.2981    0.2020    0.0000    0.1516    0.3146    0.0338
    0.0000    0.0941    0.0000    0.0000    0.0311    0.8749
    0.3383    0.3638    0.0000    0.0292    0.2532    0.0155
    0.0009    0.0391    0.0000    0.0283    0.0401    0.8916
    0.2194    0.1173    0.0000    0.0053    0.1180    0.5400
    0.3155    0.2502    0.0000    0.0906    0.1469    0.1968
    0.1709    0.4181    0.0000    0.1903    0.2071    0.0137
    0.0073    0.0195    0.0000    0.0000    0.1060    0.8672
    0.0068    0.0299    0.0000    0.9390    0.0243    0.0000
    0.0110    0.3504    0.0000    0.0724    0.2574    0.3088
    0.0482    0.0364    0.0000    0.6484    0.0321    0.2349
    0.3185    0.3468    0.0000    0.0603    0.2449    0.0295
    0.4514    0.3960    0.0000    0.0196    0.1170    0.0160

 Output data matrix of Pareto front of final Gaussian process model:
        f1        f2        f3
 -384.5638   -0.1179-36530.0353
 -282.3412   -2.6681-61581.8211
 -660.7739   -0.9714-87562.6100
 -272.6638   -0.7039-54376.4143
 -536.3494   -1.4201-94522.2502
 -289.7559   -2.4974-58936.9720
 -397.3776   -0.4867-45252.3609
 -366.3021   -1.8791-73114.8951
 -298.3307   -2.2264-63705.0957
 -555.4540   -1.2626-82704.2506
 -587.3912   -1.1121-81899.3569
 -294.6898   -2.3197-60085.1634
 -471.6798   -1.5179-80823.2907
 -279.0472   -0.7808-55427.7503
 -404.6003   -0.3960-48142.0844
 -287.9513   -2.5392-59234.1630
 -656.1770   -0.9224-87113.6958
 -284.4032   -2.6153-60632.3316
 -429.3949   -0.4296-49271.3684
 -274.9493   -0.7341-54750.7612
 -387.3856   -0.3052-39821.7353
 -625.9153   -1.1535-89178.0057
 -361.5208   -1.9790-72086.5678
 -287.3046   -2.4508-60901.6727
 -370.6149   -1.9114-73924.5963
 -285.1589   -2.5216-62275.5108
 -604.2086   -0.8754-86396.7173
 -427.2542   -0.3087-48572.3666
 -608.5810   -0.9647-80144.0221
 -652.2727   -1.0125-88253.7244
 -620.2705   -0.9951-84985.5282
 -386.2921   -0.2131-37252.8070
 -507.7983   -0.5421-71785.9254
 -566.0448   -1.1368-79112.0515
 -436.6901   -0.1802-53259.6221
 -310.8551   -2.1900-60330.6409
 -335.4188   -1.9636-68566.9828
 -510.8229   -0.6427-70911.7544
 -616.2152   -1.1288-86848.3972
 -393.9340   -0.4971-43121.8775
 -635.7228   -0.9002-84922.0143
 -302.5091   -2.2591-62581.2982
 -341.5115   -2.0567-72409.3349
 -312.8546   -2.1630-63955.8035
 -595.1245   -0.7496-84155.8570
 -325.1420   -2.0716-69659.2513
 -516.2396   -1.4543-90380.1578
 -392.2837   -0.1398-38730.7588
 -449.8569   -1.7108-84761.2936
 -433.4092   -0.4553-46682.5111
 -623.6550   -0.9431-85768.0288
 -356.9858   -1.4362-57235.6539
 -337.4408   -1.9334-64058.6718
 -446.6144   -1.5736-79772.6031
 -293.2119   -0.4103-47241.5170
 -581.8458   -0.8654-80482.3368
 -499.1066   -1.7323-91810.0965
 -447.7174   -0.2398-52728.6282
 -415.6699   -0.4917-47506.7540
