
 TSEMO log file created on 27-Feb-2020 

 This file shows the initial specifications of TSEMO and logs the output.
 ¯¯¯¯¯¯¯¯¯¯¯¯¯¯¯¯¯¯¯¯¯¯¯¯¯¯¯¯¯¯¯¯¯¯¯¯¯¯¯¯¯¯¯¯¯¯¯¯¯¯¯¯¯¯¯¯¯¯¯¯¯¯¯¯¯¯¯¯¯¯¯¯¯¯¯¯¯¯¯¯¯¯¯¯¯¯¯¯¯¯¯¯¯¯¯¯¯¯¯¯¯¯
 License information 

 BSD 2-Clause License 

 Copyright (c) 2017, Eric Bradford, Artur M. Schweidtmann and Alexei Lapkin
 All rights reserved. 

 Redistribution and use in source and binary forms, with or without
 modification, are permitted provided that the following conditions are met: 

 *Redistributions of source code must retain the above copyright notice, this   
  list of conditions and the following disclaimer. 

 *Redistributions in binary form must reproduce the above copyright notice,   
  this list of conditions and the following disclaimer in the documentation   
  and/or other materials provided with the distribution. 

 Modified by Mina Konakovic Lukovic 2019. 

 ¯¯¯¯¯¯¯¯¯¯¯¯¯¯¯¯¯¯¯¯¯¯¯¯¯¯¯¯¯¯¯¯¯¯¯¯¯¯¯¯¯¯¯¯¯¯¯¯¯¯¯¯¯¯¯¯¯¯¯¯¯¯¯¯¯¯¯¯¯¯¯¯¯¯¯¯¯¯¯¯¯¯¯¯¯¯¯¯¯¯¯¯¯¯¯¯¯¯¯¯¯¯
 Problem specifications 

 Function used:   consta 

 Number of inputs:   6
 Number of outputs:  3 

 Lower bounds of decision variables:
      x1      x2      x3      x4      x5      x6
  0.0000  0.0000  0.0000  0.0000  0.0000  0.0000
 
 Upper bounds of decision variables:
      x1      x2      x3      x4      x5      x6
  1.0000  1.0000  0.5000  1.0000  1.0000  1.0000
 ¯¯¯¯¯¯¯¯¯¯¯¯¯¯¯¯¯¯¯¯¯¯¯¯¯¯¯¯¯¯¯¯¯¯¯¯¯¯¯¯¯¯¯¯¯¯¯¯¯¯¯¯¯¯¯¯¯¯¯¯¯¯¯¯¯¯¯¯¯¯¯¯¯¯¯¯¯¯¯¯¯¯¯¯¯¯¯¯¯¯¯¯¯¯¯¯¯¯¯¯¯¯
 Algorithm options 

 Maximum number of function evaluations:  4
 Sample batch size:                       4
 Number of algorithm iterations:          1 

 Genetic algorithm population size:        200
 Genetic algorithm number of generations:  200 

                                               f1      f2      f3
 Number of spectral sampling points:         4000    4000    4000
 Type of matern function:                       5       5       5
 Direct evaluations per input dimension:      200     200     200
 ¯¯¯¯¯¯¯¯¯¯¯¯¯¯¯¯¯¯¯¯¯¯¯¯¯¯¯¯¯¯¯¯¯¯¯¯¯¯¯¯¯¯¯¯¯¯¯¯¯¯¯¯¯¯¯¯¯¯¯¯¯¯¯¯¯¯¯¯¯¯¯¯¯¯¯¯¯¯¯¯¯¯¯¯¯¯¯¯¯¯¯¯¯¯¯¯¯¯¯¯¯¯
 Initial data set 

 Number of initial data points:  123 

 Initial input data matrix:
      x1      x2      x3      x4      x5      x6
  0.3200  0.1300  0.0500  0.2100  0.0400  0.2500
  0.0000  0.1800  0.2100  0.2800  0.2000  0.1300
  0.0000  0.0200  0.3800  0.0400  0.2900  0.2700
  0.1900  0.3000  0.1000  0.0600  0.0700  0.2800
  0.0800  0.1600  0.1400  0.0400  0.1900  0.3900
  0.3400  0.0600  0.2300  0.1600  0.1900  0.0200
  0.1400  0.1000  0.0700  0.2000  0.2700  0.2200
  0.0700  0.0700  0.3200  0.2100  0.0300  0.3000
  0.0200  0.0100  0.2700  0.1300  0.4900  0.0800
  0.0900  0.3200  0.0300  0.1300  0.3700  0.0600
  0.0800  0.2100  0.0200  0.0000  0.6100  0.0800
  0.0900  0.3200  0.0400  0.2100  0.1700  0.1700
  0.1400  0.3000  0.0700  0.1000  0.2500  0.1400
  0.0400  0.1700  0.0700  0.2200  0.2400  0.2600
  0.1700  0.1500  0.2800  0.2900  0.0000  0.1100
  0.1000  0.1400  0.1400  0.2600  0.2700  0.0900
  1.0000  0.0000  0.0000  0.0000  0.0000  0.0000
  0.0000  1.0000  0.0000  0.0000  0.0000  0.0000
  0.0000  0.0000  0.0000  1.0000  0.0000  0.0000
  0.6000  0.4000  0.0000  0.0000  0.0000  0.0000
  0.5500  0.4500  0.0000  0.0000  0.0000  0.0000
  0.5000  0.5000  0.0000  0.0000  0.0000  0.0000
  0.4500  0.5500  0.0000  0.0000  0.0000  0.0000
  0.4000  0.6000  0.0000  0.0000  0.0000  0.0000
  0.2700  0.4400  0.0900  0.0400  0.0800  0.0800
  0.0400  0.1900  0.3600  0.2000  0.1200  0.0900
  0.0000  0.5900  0.0000  0.0800  0.0800  0.2500
  0.0000  0.3900  0.1300  0.0700  0.0300  0.3800
  0.0100  0.5100  0.0000  0.1000  0.0200  0.3600
  0.0100  0.6200  0.0100  0.0300  0.1000  0.2300
  0.0600  0.3000  0.4100  0.0100  0.0100  0.2100
  0.0800  0.3200  0.5000  0.0700  0.0200  0.0100
  0.1500  0.2800  0.2500  0.0100  0.0600  0.2500
  0.0000  0.0000  0.0000  0.0000  0.0000  1.0000
  0.0000  0.0000  0.0000  0.0000  1.0000  0.0000
  0.0200  0.1100  0.0000  0.5000  0.0300  0.3400
  0.0100  0.1900  0.0000  0.0000  0.0000  0.8000
  0.0100  0.3900  0.0000  0.0200  0.0100  0.5700
  0.1800  0.1200  0.0000  0.3600  0.0000  0.3400
  0.0100  0.0000  0.1300  0.2500  0.0000  0.6100
  0.3200  0.0000  0.1200  0.0100  0.0000  0.5500
  0.0100  0.1500  0.1000  0.2100  0.0000  0.5300
  0.0100  0.0000  0.1500  0.2500  0.0000  0.5900
  0.1500  0.4500  0.0400  0.0300  0.0100  0.3200
  0.0500  0.3200  0.0000  0.5700  0.0600  0.0000
  0.3100  0.5200  0.0000  0.0800  0.0200  0.0700
  0.1500  0.0400  0.1300  0.6700  0.0100  0.0000
  0.0000  0.2100  0.2000  0.5800  0.0100  0.0000
  0.0000  0.0100  0.2800  0.6700  0.0100  0.0300
  0.0100  0.2800  0.1100  0.4600  0.1100  0.0300
  0.4900  0.0600  0.0000  0.1400  0.0200  0.2900
  0.1400  0.0000  0.0700  0.0100  0.0100  0.7700
  0.0300  0.5800  0.1800  0.0400  0.1000  0.0700
  0.0000  0.3100  0.0100  0.0200  0.1500  0.5100
  0.2500  0.0100  0.0100  0.0400  0.1300  0.5600
  0.2900  0.4500  0.0600  0.0800  0.1200  0.0000
  0.0200  0.0100  0.1600  0.0100  0.5000  0.3000
  0.0200  0.2400  0.0000  0.0300  0.2600  0.4500
  0.0000  0.0100  0.0000  0.0100  0.2700  0.7100
  0.0900  0.0200  0.0000  0.0600  0.4000  0.4300
  0.0000  0.1600  0.0000  0.0000  0.2500  0.5900
  0.3200  0.0900  0.0200  0.0100  0.0100  0.5500
  0.0000  0.0800  0.1300  0.0000  0.1100  0.6800
  0.3900  0.0100  0.0300  0.0000  0.0000  0.5700
  0.2600  0.1800  0.0200  0.0100  0.0100  0.5200
  0.2000  0.1600  0.0000  0.0000  0.0000  0.6400
  0.5100  0.3100  0.0700  0.0100  0.0100  0.0900
  0.1400  0.1700  0.0200  0.0000  0.0000  0.6700
  0.0000  0.0300  0.0200  0.2100  0.3200  0.4200
  0.5700  0.0000  0.1100  0.0100  0.1000  0.2100
  0.5100  0.2500  0.1000  0.0200  0.1200  0.0000
  0.5100  0.0100  0.0700  0.0200  0.1100  0.2800
  0.0000  0.0000  0.0000  0.0200  0.0000  0.9800
  0.6000  0.0000  0.0300  0.0000  0.0200  0.3500
  0.3400  0.0000  0.1100  0.0100  0.0600  0.4800
  0.4400  0.1100  0.1100  0.0000  0.0600  0.2800
  0.6600  0.0000  0.0800  0.0000  0.0000  0.2600
  0.3700  0.4700  0.1000  0.0000  0.0600  0.0000
  0.4400  0.3000  0.0900  0.0400  0.1300  0.0000
  0.2700  0.6100  0.1200  0.0000  0.0000  0.0000
  0.0100  0.0000  0.0000  0.0200  0.0800  0.8900
  0.2100  0.1100  0.0600  0.0000  0.1400  0.4800
  0.5200  0.0100  0.0100  0.0000  0.0000  0.4600
  0.0000  0.3800  0.0100  0.0000  0.0000  0.6100
  0.0000  0.3100  0.0100  0.0000  0.0000  0.6800
  0.3200  0.3400  0.0200  0.0000  0.0100  0.3100
  0.0100  0.4100  0.0000  0.0000  0.0100  0.5700
  0.0000  0.4100  0.0000  0.1300  0.0000  0.4600
  0.0000  0.1800  0.0000  0.2600  0.0100  0.5500
  0.0400  0.4500  0.0000  0.0700  0.0100  0.4300
  0.0000  0.2500  0.0000  0.2500  0.0000  0.5000
  0.3600  0.2000  0.0200  0.0800  0.0000  0.3400
  0.2100  0.0000  0.0000  0.3300  0.0100  0.4500
  0.2500  0.0000  0.0000  0.3100  0.0100  0.4300
  0.1900  0.0000  0.0000  0.3200  0.0100  0.4800
  0.0000  0.6300  0.1000  0.0000  0.0000  0.2700
  0.0000  0.6600  0.0900  0.0000  0.0000  0.2500
  0.0000  0.3300  0.1100  0.0100  0.0000  0.5500
  0.0000  0.6800  0.0900  0.0000  0.0100  0.2200
  0.3500  0.0000  0.0000  0.0100  0.0000  0.6400
  0.0100  0.0000  0.0000  0.3600  0.0000  0.6300
  0.4800  0.0000  0.0100  0.0000  0.1200  0.3900
  0.3900  0.0000  0.0000  0.0200  0.0100  0.5800
  0.4000  0.1700  0.0000  0.0000  0.1200  0.3100
  0.4400  0.2700  0.0000  0.0000  0.1700  0.1200
  0.3400  0.1400  0.0000  0.0000  0.1300  0.3900
  0.3300  0.1200  0.0000  0.0000  0.1300  0.4200
  0.3900  0.0000  0.0000  0.0000  0.2200  0.3900
  0.3900  0.3100  0.0000  0.0000  0.2200  0.0800
  0.4100  0.0000  0.0000  0.0000  0.2500  0.3400
  0.3500  0.0000  0.0000  0.0000  0.2000  0.4500
  0.3300  0.0000  0.0000  0.0000  0.2100  0.4600
  0.3100  0.0000  0.0000  0.0000  0.2000  0.4900
  0.3500  0.0000  0.0000  0.0000  0.2100  0.4400
  0.2000  0.0000  0.0000  0.0000  0.0100  0.7900
  0.5000  0.0000  0.0000  0.0000  0.3000  0.2000
  0.5300  0.0600  0.0000  0.0000  0.3200  0.0900
  0.5300  0.0000  0.0000  0.0000  0.3300  0.1400
  0.4200  0.0000  0.0000  0.0000  0.2700  0.3100
  0.4200  0.0100  0.0000  0.0000  0.1400  0.4300
  0.3900  0.0000  0.0000  0.0000  0.1300  0.4800
  0.4400  0.0000  0.0000  0.0500  0.1300  0.3800
  0.2800  0.0000  0.0000  0.1100  0.0800  0.5300

 Initial output data matrix:
      f1      f2      f3
-477.3645 -1.2974-78049.1925
-454.7535 -1.3662-68112.8155
-279.9044 -2.1133-51731.0693
-469.5247 -1.7578-77876.9026
-440.0426 -1.9634-76654.9118
-365.6047 -1.2303-62118.0243
-410.9856 -1.1190-66049.6554
-136.1656 -0.8962-22268.5639
-369.0088 -1.3142-61644.3643
-533.9811 -0.8968-68784.7611
-442.6768 -0.7257-59416.2131
-507.4257 -0.9822-66650.9629
-443.6008 -1.1184-65323.0907
-489.5899 -1.3294-72483.9913
-359.3333 -1.7335-60280.1487
-485.2462 -0.8865-66192.4108
-228.9585 -0.7284-49588.2084
-435.6576 -1.1748-60782.1527
-368.0328 -0.0378-29839.9581
-558.3333 -1.0147-72324.3305
-545.1107 -1.0090-76481.1353
-595.9865 -1.0313-80252.0073
-577.5167 -1.0272-78299.5278
-603.0115 -1.0486-79494.8772
-536.4679 -1.3385-83057.1828
-380.6202 -1.5761-63939.3838
-487.9964 -1.6929-74452.7693
-492.2164 -2.0354-77476.1977
-483.0457 -1.7036-74331.8675
-461.0062 -1.5331-68683.9650
-428.6732 -1.9582-73565.0149
-420.3458 -1.7501-70958.0370
-185.7397 -1.9998-39188.2443
-307.5914 -2.9333-68673.8814
-248.0791 -0.3369-41639.4837
-330.4220 -1.6093-58954.7196
-261.1897 -2.5356-54113.5267
-374.3907 -2.1313-72005.0906
-442.1932 -1.6426-73645.0393
-325.5454 -2.2577-65492.6760
-407.4563 -1.7142-79298.8675
-280.7768 -2.0890-55835.4428
-345.4445 -2.2639-66935.4850
-337.8766 -1.7123-65225.4544
-380.5099 -0.6146-47362.4095
-423.7886 -1.3121-68132.9194
-412.9137 -0.7221-59055.9302
-389.7163 -1.2975-60315.7332
-243.9299 -1.5816-43427.1956
-418.8166 -1.1219-61444.5239
-463.1094 -1.4660-81856.9346
-260.4919 -1.9421-59060.6871
-461.1271 -1.5697-75813.0466
-434.9195 -1.9723-80545.7853
-411.2741 -1.7072-85333.3874
-593.8157 -1.0758-82484.6477
-331.6431 -1.2261-62332.4475
-461.8788 -1.5726-80820.6379
-386.3988 -1.9098-76223.9832
-458.6168 -1.3865-78606.8274
-386.1546 -1.7969-73308.3934
-420.6757 -1.8963-83069.8760
-256.3444 -2.2542-53258.3199
-343.7864 -1.8975-72697.8828
-317.0968 -1.9236-66141.3310
-405.5608 -1.9380-81223.2023
-579.2708 -1.0437-87100.5169
-297.2664 -2.2664-61771.9743
-230.0024 -1.7750-53153.7094
-296.3126 -0.8946-60049.3899
-625.1337 -1.1253-94708.7918
-559.4404 -1.5604-98460.5528
-350.2734 -2.6724-74202.1381
-483.8073 -1.5770-91455.1658
-333.6048 -1.8340-67470.0844
-401.3639 -1.5176-75081.6898
-339.8147 -1.1731-68370.6235
-619.8270 -1.3159-92324.8900
-456.6095 -1.0320-73399.8497
-527.1160 -1.2052-80673.3135
-182.0132 -2.1459-33836.3245
-299.4935 -1.9115-62779.5207
-342.4831 -1.8084-73190.6083
-292.5484 -2.1003-64376.6034
-284.1961 -2.0337-60695.8700
-418.6794 -1.5121-75788.0791
-272.5130 -1.9527-60034.6655
-324.9663 -1.9969-65021.8788
-361.4059 -2.0913-69395.5054
-310.1195 -1.9192-61302.0228
-321.0298 -2.0199-62665.9535
-408.2643 -1.5818-76317.7672
-398.2560 -1.9114-74552.8783
-437.9660 -1.8110-79745.2693
-402.9772 -1.8842-75747.1961
-367.7646 -1.7661-65605.9795
-392.9406 -1.8913-69484.2021
-317.1051 -2.1952-63761.7220
-355.6015 -1.8014-64450.3268
-438.2688 -2.1205-87348.6010
-334.7339 -2.0407-65124.3183
-514.0293 -1.5443-93643.6527
-526.1093 -1.9176-98663.7705
-555.0826 -1.4101-91162.3449
-653.9760 -1.1215-96005.8355
-613.3157 -1.3545-102903.8092
-574.5688 -1.4762-99854.6710
-596.1996 -1.5851-97568.0584
-673.8733 -1.3085-96609.9429
-570.9253 -1.5720-97057.6408
-453.6160 -1.8559-85374.7271
-512.3685 -1.7799-93175.9066
-384.8236 -1.8510-77997.5467
-536.0149 -1.7113-96497.9814
-289.9712 -1.9717-66399.4183
-596.7186 -0.9982-92484.7776
-390.5278 -0.8869-64360.6166
-429.9865 -0.7968-68899.7837
-397.0291 -1.0850-76450.3138
-413.4216 -1.7276-80202.5821
-512.4700 -1.6664-92116.8858
-627.3105 -1.5880-103558.9154
-459.2870 -1.8760-85164.1567

 ¯¯¯¯¯¯¯¯¯¯¯¯¯¯¯¯¯¯¯¯¯¯¯¯¯¯¯¯¯¯¯¯¯¯¯¯¯¯¯¯¯¯¯¯¯¯¯¯¯¯¯¯¯¯¯¯¯¯¯¯¯¯¯¯¯¯¯¯¯¯¯¯¯¯¯¯¯¯¯¯¯¯¯¯¯¯¯¯¯¯¯¯¯¯¯¯¯¯¯¯¯¯
 Algorithm iteration 1 

 Predicted hypervolume improvement:    0.0224
 Time taken:   46.4652 

 Proposed evaluation point(s): 
      x1      x2      x3      x4      x5      x6
  0.3800  0.0000  0.0000  0.0600  0.0100  0.5500
  0.2300  0.0000  0.0000  0.0000  0.0000  0.7700
  0.3700  0.0000  0.0000  0.0000  0.0100  0.6200
  0.4400  0.0000  0.0000  0.0000  0.0000  0.5600

 Corresponding observation(s): 
      f1      f2      f3
-454.4303 -1.9379-88753.6128
-366.6185 -2.1614-70907.0097
-443.0827 -2.0006-85510.1970
-451.5934 -1.9429-90807.4655

 ¯¯¯¯¯¯¯¯¯¯¯¯¯¯¯¯¯¯¯¯¯¯¯¯¯¯¯¯¯¯¯¯¯¯¯¯¯¯¯¯¯¯¯¯¯¯¯¯¯¯¯¯¯¯¯¯¯¯¯¯¯¯¯¯¯¯¯¯¯¯¯¯¯¯¯¯¯¯¯¯¯¯¯¯¯¯¯¯¯¯¯¯¯¯¯¯¯¯¯¯¯¯
 Final algorithm output 

 Final input data matrix:
        x1        x2        x3        x4        x5        x6
    0.3200    0.1300    0.0500    0.2100    0.0400    0.2500
    0.0000    0.1800    0.2100    0.2800    0.2000    0.1300
    0.0000    0.0200    0.3800    0.0400    0.2900    0.2700
    0.1900    0.3000    0.1000    0.0600    0.0700    0.2800
    0.0800    0.1600    0.1400    0.0400    0.1900    0.3900
    0.3400    0.0600    0.2300    0.1600    0.1900    0.0200
    0.1400    0.1000    0.0700    0.2000    0.2700    0.2200
    0.0700    0.0700    0.3200    0.2100    0.0300    0.3000
    0.0200    0.0100    0.2700    0.1300    0.4900    0.0800
    0.0900    0.3200    0.0300    0.1300    0.3700    0.0600
    0.0800    0.2100    0.0200    0.0000    0.6100    0.0800
    0.0900    0.3200    0.0400    0.2100    0.1700    0.1700
    0.1400    0.3000    0.0700    0.1000    0.2500    0.1400
    0.0400    0.1700    0.0700    0.2200    0.2400    0.2600
    0.1700    0.1500    0.2800    0.2900    0.0000    0.1100
    0.1000    0.1400    0.1400    0.2600    0.2700    0.0900
    1.0000    0.0000    0.0000    0.0000    0.0000    0.0000
    0.0000    1.0000    0.0000    0.0000    0.0000    0.0000
    0.0000    0.0000    0.0000    1.0000    0.0000    0.0000
    0.6000    0.4000    0.0000    0.0000    0.0000    0.0000
    0.5500    0.4500    0.0000    0.0000    0.0000    0.0000
    0.5000    0.5000    0.0000    0.0000    0.0000    0.0000
    0.4500    0.5500    0.0000    0.0000    0.0000    0.0000
    0.4000    0.6000    0.0000    0.0000    0.0000    0.0000
    0.2700    0.4400    0.0900    0.0400    0.0800    0.0800
    0.0400    0.1900    0.3600    0.2000    0.1200    0.0900
    0.0000    0.5900    0.0000    0.0800    0.0800    0.2500
    0.0000    0.3900    0.1300    0.0700    0.0300    0.3800
    0.0100    0.5100    0.0000    0.1000    0.0200    0.3600
    0.0100    0.6200    0.0100    0.0300    0.1000    0.2300
    0.0600    0.3000    0.4100    0.0100    0.0100    0.2100
    0.0800    0.3200    0.5000    0.0700    0.0200    0.0100
    0.1500    0.2800    0.2500    0.0100    0.0600    0.2500
    0.0000    0.0000    0.0000    0.0000    0.0000    1.0000
    0.0000    0.0000    0.0000    0.0000    1.0000    0.0000
    0.0200    0.1100    0.0000    0.5000    0.0300    0.3400
    0.0100    0.1900    0.0000    0.0000    0.0000    0.8000
    0.0100    0.3900    0.0000    0.0200    0.0100    0.5700
    0.1800    0.1200    0.0000    0.3600    0.0000    0.3400
    0.0100    0.0000    0.1300    0.2500    0.0000    0.6100
    0.3200    0.0000    0.1200    0.0100    0.0000    0.5500
    0.0100    0.1500    0.1000    0.2100    0.0000    0.5300
    0.0100    0.0000    0.1500    0.2500    0.0000    0.5900
    0.1500    0.4500    0.0400    0.0300    0.0100    0.3200
    0.0500    0.3200    0.0000    0.5700    0.0600    0.0000
    0.3100    0.5200    0.0000    0.0800    0.0200    0.0700
    0.1500    0.0400    0.1300    0.6700    0.0100    0.0000
    0.0000    0.2100    0.2000    0.5800    0.0100    0.0000
    0.0000    0.0100    0.2800    0.6700    0.0100    0.0300
    0.0100    0.2800    0.1100    0.4600    0.1100    0.0300
    0.4900    0.0600    0.0000    0.1400    0.0200    0.2900
    0.1400    0.0000    0.0700    0.0100    0.0100    0.7700
    0.0300    0.5800    0.1800    0.0400    0.1000    0.0700
    0.0000    0.3100    0.0100    0.0200    0.1500    0.5100
    0.2500    0.0100    0.0100    0.0400    0.1300    0.5600
    0.2900    0.4500    0.0600    0.0800    0.1200    0.0000
    0.0200    0.0100    0.1600    0.0100    0.5000    0.3000
    0.0200    0.2400    0.0000    0.0300    0.2600    0.4500
    0.0000    0.0100    0.0000    0.0100    0.2700    0.7100
    0.0900    0.0200    0.0000    0.0600    0.4000    0.4300
    0.0000    0.1600    0.0000    0.0000    0.2500    0.5900
    0.3200    0.0900    0.0200    0.0100    0.0100    0.5500
    0.0000    0.0800    0.1300    0.0000    0.1100    0.6800
    0.3900    0.0100    0.0300    0.0000    0.0000    0.5700
    0.2600    0.1800    0.0200    0.0100    0.0100    0.5200
    0.2000    0.1600    0.0000    0.0000    0.0000    0.6400
    0.5100    0.3100    0.0700    0.0100    0.0100    0.0900
    0.1400    0.1700    0.0200    0.0000    0.0000    0.6700
    0.0000    0.0300    0.0200    0.2100    0.3200    0.4200
    0.5700    0.0000    0.1100    0.0100    0.1000    0.2100
    0.5100    0.2500    0.1000    0.0200    0.1200    0.0000
    0.5100    0.0100    0.0700    0.0200    0.1100    0.2800
    0.0000    0.0000    0.0000    0.0200    0.0000    0.9800
    0.6000    0.0000    0.0300    0.0000    0.0200    0.3500
    0.3400    0.0000    0.1100    0.0100    0.0600    0.4800
    0.4400    0.1100    0.1100    0.0000    0.0600    0.2800
    0.6600    0.0000    0.0800    0.0000    0.0000    0.2600
    0.3700    0.4700    0.1000    0.0000    0.0600    0.0000
    0.4400    0.3000    0.0900    0.0400    0.1300    0.0000
    0.2700    0.6100    0.1200    0.0000    0.0000    0.0000
    0.0100    0.0000    0.0000    0.0200    0.0800    0.8900
    0.2100    0.1100    0.0600    0.0000    0.1400    0.4800
    0.5200    0.0100    0.0100    0.0000    0.0000    0.4600
    0.0000    0.3800    0.0100    0.0000    0.0000    0.6100
    0.0000    0.3100    0.0100    0.0000    0.0000    0.6800
    0.3200    0.3400    0.0200    0.0000    0.0100    0.3100
    0.0100    0.4100    0.0000    0.0000    0.0100    0.5700
    0.0000    0.4100    0.0000    0.1300    0.0000    0.4600
    0.0000    0.1800    0.0000    0.2600    0.0100    0.5500
    0.0400    0.4500    0.0000    0.0700    0.0100    0.4300
    0.0000    0.2500    0.0000    0.2500    0.0000    0.5000
    0.3600    0.2000    0.0200    0.0800    0.0000    0.3400
    0.2100    0.0000    0.0000    0.3300    0.0100    0.4500
    0.2500    0.0000    0.0000    0.3100    0.0100    0.4300
    0.1900    0.0000    0.0000    0.3200    0.0100    0.4800
    0.0000    0.6300    0.1000    0.0000    0.0000    0.2700
    0.0000    0.6600    0.0900    0.0000    0.0000    0.2500
    0.0000    0.3300    0.1100    0.0100    0.0000    0.5500
    0.0000    0.6800    0.0900    0.0000    0.0100    0.2200
    0.3500    0.0000    0.0000    0.0100    0.0000    0.6400
    0.0100    0.0000    0.0000    0.3600    0.0000    0.6300
    0.4800    0.0000    0.0100    0.0000    0.1200    0.3900
    0.3900    0.0000    0.0000    0.0200    0.0100    0.5800
    0.4000    0.1700    0.0000    0.0000    0.1200    0.3100
    0.4400    0.2700    0.0000    0.0000    0.1700    0.1200
    0.3400    0.1400    0.0000    0.0000    0.1300    0.3900
    0.3300    0.1200    0.0000    0.0000    0.1300    0.4200
    0.3900    0.0000    0.0000    0.0000    0.2200    0.3900
    0.3900    0.3100    0.0000    0.0000    0.2200    0.0800
    0.4100    0.0000    0.0000    0.0000    0.2500    0.3400
    0.3500    0.0000    0.0000    0.0000    0.2000    0.4500
    0.3300    0.0000    0.0000    0.0000    0.2100    0.4600
    0.3100    0.0000    0.0000    0.0000    0.2000    0.4900
    0.3500    0.0000    0.0000    0.0000    0.2100    0.4400
    0.2000    0.0000    0.0000    0.0000    0.0100    0.7900
    0.5000    0.0000    0.0000    0.0000    0.3000    0.2000
    0.5300    0.0600    0.0000    0.0000    0.3200    0.0900
    0.5300    0.0000    0.0000    0.0000    0.3300    0.1400
    0.4200    0.0000    0.0000    0.0000    0.2700    0.3100
    0.4200    0.0100    0.0000    0.0000    0.1400    0.4300
    0.3900    0.0000    0.0000    0.0000    0.1300    0.4800
    0.4400    0.0000    0.0000    0.0500    0.1300    0.3800
    0.2800    0.0000    0.0000    0.1100    0.0800    0.5300
    0.3800    0.0000    0.0000    0.0600    0.0100    0.5500
    0.2300    0.0000    0.0000    0.0000    0.0000    0.7700
    0.3700    0.0000    0.0000    0.0000    0.0100    0.6200
    0.4400    0.0000    0.0000    0.0000    0.0000    0.5600

 Final output data matrix:
        f1        f2        f3
 -477.3645   -1.2974-78049.1925
 -454.7535   -1.3662-68112.8155
 -279.9044   -2.1133-51731.0693
 -469.5247   -1.7578-77876.9026
 -440.0426   -1.9634-76654.9118
 -365.6047   -1.2303-62118.0243
 -410.9856   -1.1190-66049.6554
 -136.1656   -0.8962-22268.5639
 -369.0088   -1.3142-61644.3643
 -533.9811   -0.8968-68784.7611
 -442.6768   -0.7257-59416.2131
 -507.4257   -0.9822-66650.9629
 -443.6008   -1.1184-65323.0907
 -489.5899   -1.3294-72483.9913
 -359.3333   -1.7335-60280.1487
 -485.2462   -0.8865-66192.4108
 -228.9585   -0.7284-49588.2084
 -435.6576   -1.1748-60782.1527
 -368.0328   -0.0378-29839.9581
 -558.3333   -1.0147-72324.3305
 -545.1107   -1.0090-76481.1353
 -595.9865   -1.0313-80252.0073
 -577.5167   -1.0272-78299.5278
 -603.0115   -1.0486-79494.8772
 -536.4679   -1.3385-83057.1828
 -380.6202   -1.5761-63939.3838
 -487.9964   -1.6929-74452.7693
 -492.2164   -2.0354-77476.1977
 -483.0457   -1.7036-74331.8675
 -461.0062   -1.5331-68683.9650
 -428.6732   -1.9582-73565.0149
 -420.3458   -1.7501-70958.0370
 -185.7397   -1.9998-39188.2443
 -307.5914   -2.9333-68673.8814
 -248.0791   -0.3369-41639.4837
 -330.4220   -1.6093-58954.7196
 -261.1897   -2.5356-54113.5267
 -374.3907   -2.1313-72005.0906
 -442.1932   -1.6426-73645.0393
 -325.5454   -2.2577-65492.6760
 -407.4563   -1.7142-79298.8675
 -280.7768   -2.0890-55835.4428
 -345.4445   -2.2639-66935.4850
 -337.8766   -1.7123-65225.4544
 -380.5099   -0.6146-47362.4095
 -423.7886   -1.3121-68132.9194
 -412.9137   -0.7221-59055.9302
 -389.7163   -1.2975-60315.7332
 -243.9299   -1.5816-43427.1956
 -418.8166   -1.1219-61444.5239
 -463.1094   -1.4660-81856.9346
 -260.4919   -1.9421-59060.6871
 -461.1271   -1.5697-75813.0466
 -434.9195   -1.9723-80545.7853
 -411.2741   -1.7072-85333.3874
 -593.8157   -1.0758-82484.6477
 -331.6431   -1.2261-62332.4475
 -461.8788   -1.5726-80820.6379
 -386.3988   -1.9098-76223.9832
 -458.6168   -1.3865-78606.8274
 -386.1546   -1.7969-73308.3934
 -420.6757   -1.8963-83069.8760
 -256.3444   -2.2542-53258.3199
 -343.7864   -1.8975-72697.8828
 -317.0968   -1.9236-66141.3310
 -405.5608   -1.9380-81223.2023
 -579.2708   -1.0437-87100.5169
 -297.2664   -2.2664-61771.9743
 -230.0024   -1.7750-53153.7094
 -296.3126   -0.8946-60049.3899
 -625.1337   -1.1253-94708.7918
 -559.4404   -1.5604-98460.5528
 -350.2734   -2.6724-74202.1381
 -483.8073   -1.5770-91455.1658
 -333.6048   -1.8340-67470.0844
 -401.3639   -1.5176-75081.6898
 -339.8147   -1.1731-68370.6235
 -619.8270   -1.3159-92324.8900
 -456.6095   -1.0320-73399.8497
 -527.1160   -1.2052-80673.3135
 -182.0132   -2.1459-33836.3245
 -299.4935   -1.9115-62779.5207
 -342.4831   -1.8084-73190.6083
 -292.5484   -2.1003-64376.6034
 -284.1961   -2.0337-60695.8700
 -418.6794   -1.5121-75788.0791
 -272.5130   -1.9527-60034.6655
 -324.9663   -1.9969-65021.8788
 -361.4059   -2.0913-69395.5054
 -310.1195   -1.9192-61302.0228
 -321.0298   -2.0199-62665.9535
 -408.2643   -1.5818-76317.7672
 -398.2560   -1.9114-74552.8783
 -437.9660   -1.8110-79745.2693
 -402.9772   -1.8842-75747.1961
 -367.7646   -1.7661-65605.9795
 -392.9406   -1.8913-69484.2021
 -317.1051   -2.1952-63761.7220
 -355.6015   -1.8014-64450.3268
 -438.2688   -2.1205-87348.6010
 -334.7339   -2.0407-65124.3183
 -514.0293   -1.5443-93643.6527
 -526.1093   -1.9176-98663.7705
 -555.0826   -1.4101-91162.3449
 -653.9760   -1.1215-96005.8355
 -613.3157   -1.3545-102903.8092
 -574.5688   -1.4762-99854.6710
 -596.1996   -1.5851-97568.0584
 -673.8733   -1.3085-96609.9429
 -570.9253   -1.5720-97057.6408
 -453.6160   -1.8559-85374.7271
 -512.3685   -1.7799-93175.9066
 -384.8236   -1.8510-77997.5467
 -536.0149   -1.7113-96497.9814
 -289.9712   -1.9717-66399.4183
 -596.7186   -0.9982-92484.7776
 -390.5278   -0.8869-64360.6166
 -429.9865   -0.7968-68899.7837
 -397.0291   -1.0850-76450.3138
 -413.4216   -1.7276-80202.5821
 -512.4700   -1.6664-92116.8858
 -627.3105   -1.5880-103558.9154
 -459.2870   -1.8760-85164.1567
 -454.4303   -1.9379-88753.6128
 -366.6185   -2.1614-70907.0097
 -443.0827   -2.0006-85510.1970
 -451.5934   -1.9429-90807.4655

 Input data matrix of corresponding Pareto front:
        x1        x2        x3        x4        x5        x6
    0.0000    0.3900    0.1300    0.0700    0.0300    0.3800
    0.0000    0.0000    0.0000    0.0000    0.0000    1.0000
    0.0100    0.3900    0.0000    0.0200    0.0100    0.5700
    0.0000    0.0000    0.0000    0.0200    0.0000    0.9800
    0.3500    0.0000    0.0000    0.0100    0.0000    0.6400
    0.3900    0.0000    0.0000    0.0200    0.0100    0.5800
    0.3900    0.3100    0.0000    0.0000    0.2200    0.0800
    0.3500    0.0000    0.0000    0.0000    0.2100    0.4400
    0.4400    0.0000    0.0000    0.0500    0.1300    0.3800

 Output data matrix of corresponding Pareto front:
        f1        f2        f3
 -492.2164   -2.0354-77476.1977
 -307.5914   -2.9333-68673.8814
 -374.3907   -2.1313-72005.0906
 -350.2734   -2.6724-74202.1381
 -438.2688   -2.1205-87348.6010
 -526.1093   -1.9176-98663.7705
 -673.8733   -1.3085-96609.9429
 -536.0149   -1.7113-96497.9814
 -627.3105   -1.5880-103558.9154

 Input data matrix of Pareto front of final Gaussian process model:
        x1        x2        x3        x4        x5        x6
    0.0317    0.0001    0.0000    0.0006    0.0071    0.9605
    0.4156    0.4043    0.0000    0.0000    0.1802    0.0000
    0.0000    0.0000    0.0000    0.0000    0.0000    1.0000
    0.3995    0.4096    0.0000    0.0000    0.1908    0.0000
    0.4289    0.0885    0.0000    0.0016    0.1493    0.3317
    0.0000    0.0000    0.0000    0.0000    0.0000    1.0000
    0.1495    0.0000    0.0000    0.0003    0.0000    0.8501
    0.2652    0.0018    0.0000    0.0009    0.0002    0.7319
    0.1159    0.0011    0.0000    0.0002    0.0002    0.8825
    0.2890    0.0249    0.0000    0.0003    0.0003    0.6856
    0.1416    0.0026    0.0000    0.0033    0.0000    0.8525
    0.3421    0.0054    0.0000    0.0001    0.0004    0.6520
    0.2467    0.0011    0.0000    0.0002    0.0002    0.7518
    0.3111    0.0009    0.0000    0.0016    0.0000    0.6864
    0.3519    0.0000    0.0000    0.0013    0.0000    0.6468
    0.3905    0.0343    0.0000    0.0016    0.1465    0.4271
    0.1085    0.0013    0.0000    0.0002    0.0003    0.8897
    0.3815    0.1090    0.0000    0.0014    0.1375    0.3706
    0.0583    0.0000    0.0000    0.0020    0.0007    0.9390
    0.3691    0.0023    0.0000    0.0030    0.0000    0.6256
    0.3758    0.0118    0.0000    0.0014    0.0000    0.6110
    0.4159    0.2762    0.0000    0.0014    0.1555    0.1510
    0.3818    0.0000    0.0000    0.0027    0.1003    0.5152
    0.3950    0.0005    0.0000    0.0056    0.0483    0.5507
    0.2899    0.0047    0.0000    0.0022    0.0001    0.7032
    0.2311    0.0056    0.0000    0.0001    0.0004    0.7627
    0.3871    0.3653    0.0000    0.0015    0.1722    0.0740
    0.4067    0.0675    0.0000    0.0104    0.1286    0.3868
    0.4143    0.0020    0.0000    0.0059    0.0003    0.5775
    0.1798    0.0020    0.0000    0.0011    0.0003    0.8168
    0.3155    0.0039    0.0000    0.0015    0.0000    0.6790
    0.2907    0.0561    0.0000    0.0012    0.0000    0.6520
    0.3303    0.0053    0.0000    0.0126    0.0001    0.6517
    0.3776    0.3586    0.0000    0.0001    0.1500    0.1136
    0.2211    0.0054    0.0000    0.0001    0.0004    0.7730
    0.3685    0.0805    0.0000    0.0019    0.0895    0.4597
    0.1729    0.0013    0.0000    0.0011    0.0003    0.8244
    0.3765    0.1171    0.0000    0.0018    0.1073    0.3973
    0.3626    0.3057    0.0000    0.0024    0.1022    0.2271
    0.3299    0.3630    0.0000    0.0014    0.1552    0.1506
    0.4243    0.0013    0.0000    0.0036    0.0037    0.5671
    0.2362    0.0019    0.0000    0.0019    0.0002    0.7597
    0.4006    0.3838    0.0000    0.0023    0.1560    0.0573
    0.4044    0.0229    0.0000    0.0044    0.0000    0.5683
    0.0148    0.0017    0.0000    0.0005    0.0054    0.9777
    0.1542    0.0010    0.0000    0.0007    0.0000    0.8440
    0.3949    0.0059    0.0000    0.0012    0.0533    0.5447
    0.4095    0.0029    0.0000    0.0000    0.1507    0.4369
    0.1233    0.0011    0.0000    0.0011    0.0000    0.8746
    0.3921    0.0845    0.0000    0.0011    0.1413    0.3809
    0.4114    0.0025    0.0000    0.0006    0.0252    0.5604
    0.3908    0.0011    0.0000    0.0021    0.1027    0.5033
    0.1696    0.0000    0.0000    0.0011    0.0000    0.8292
    0.3598    0.2330    0.0000    0.0020    0.1157    0.2896
    0.3863    0.3503    0.0000    0.0012    0.1331    0.1292
    0.3279    0.0055    0.0000    0.0026    0.0002    0.6638
    0.1211    0.0001    0.0000    0.0004    0.0000    0.8784
    0.4215    0.0013    0.0000    0.0035    0.0103    0.5634
    0.3381    0.0037    0.0000    0.0025    0.0000    0.6557
    0.0483    0.0026    0.0000    0.0004    0.0000    0.9486
    0.2785    0.0000    0.0000    0.0001    0.0000    0.7214
    0.0242    0.0001    0.0000    0.0004    0.0053    0.9700
    0.3849    0.1595    0.0000    0.0012    0.1370    0.3175
    0.2080    0.0028    0.0000    0.0004    0.0007    0.7881
    0.3390    0.3952    0.0000    0.0014    0.0923    0.1721
    0.2382    0.0033    0.0000    0.0011    0.0001    0.7574
    0.0824    0.0009    0.0000    0.0000    0.0003    0.9164
    0.0065    0.0023    0.0000    0.0032    0.0049    0.9831
    0.2290    0.0013    0.0000    0.0001    0.0024    0.7672
    0.0863    0.0018    0.0000    0.0025    0.0001    0.9094
    0.3930    0.0978    0.0000    0.0014    0.1523    0.3555
    0.3998    0.0015    0.0000    0.0001    0.0783    0.5204
    0.3718    0.1590    0.0000    0.0028    0.1280    0.3384
    0.3617    0.0021    0.0000    0.0001    0.0017    0.6344
    0.3599    0.2395    0.0000    0.0015    0.1192    0.2800
    0.1015    0.0000    0.0000    0.0003    0.0000    0.8983
    0.3796    0.0016    0.0000    0.0234    0.1169    0.4785
    0.2221    0.0000    0.0000    0.0003    0.0000    0.7777
    0.4491    0.1174    0.0000    0.0007    0.1500    0.2827
    0.3770    0.1710    0.0000    0.0017    0.1274    0.3230
    0.2874    0.0010    0.0000    0.0002    0.0002    0.7112
    0.1647    0.0013    0.0000    0.0000    0.0001    0.8340
    0.1053    0.0012    0.0000    0.0002    0.0003    0.8929
    0.3814    0.1769    0.0000    0.0011    0.1174    0.3232
    0.0391    0.0012    0.0000    0.0019    0.0000    0.9577
    0.0629    0.0000    0.0000    0.0048    0.0000    0.9322
    0.3849    0.3125    0.0000    0.0045    0.1246    0.1737
    0.3725    0.3747    0.0000    0.0004    0.1281    0.1244
    0.0978    0.0013    0.0000    0.0000    0.0004    0.9006
    0.3659    0.0951    0.0000    0.0015    0.1373    0.4002
    0.4455    0.0000    0.0000    0.0030    0.1099    0.4416
    0.3606    0.2453    0.0000    0.0013    0.1324    0.2604
    0.1556    0.0014    0.0000    0.0019    0.0000    0.8412
    0.3024    0.0013    0.0000    0.0042    0.0000    0.6921
    0.3201    0.0023    0.0000    0.0016    0.0006    0.6753
    0.4106    0.0026    0.0000    0.0017    0.0314    0.5537
    0.2544    0.0017    0.0000    0.0015    0.0002    0.7421
    0.4240    0.3774    0.0000    0.0033    0.1723    0.0231
    0.2147    0.0000    0.0000    0.0001    0.0000    0.7853
    0.3788    0.0239    0.0000    0.0045    0.0000    0.5928
    0.3358    0.3598    0.0000    0.0017    0.0915    0.2112
    0.1286    0.0015    0.0000    0.0003    0.0002    0.8695
    0.3562    0.3270    0.0000    0.0047    0.1304    0.1818
    0.3917    0.4304    0.0000    0.0007    0.1643    0.0129
    0.3552    0.0040    0.0000    0.0037    0.0000    0.6371
    0.3917    0.0021    0.0000    0.0061    0.0003    0.5998
    0.1854    0.0011    0.0000    0.0001    0.0000    0.8134
    0.4049    0.0013    0.0000    0.0005    0.0524    0.5409
    0.2005    0.0014    0.0000    0.0018    0.0000    0.7963
    0.3659    0.0098    0.0000    0.0014    0.1020    0.5209
    0.3877    0.1125    0.0000    0.0015    0.1350    0.3633
    0.3703    0.4528    0.0000    0.0000    0.1769    0.0000
    0.3957    0.0051    0.0000    0.0000    0.0019    0.5973
    0.3639    0.3135    0.0000    0.0014    0.1715    0.1498
    0.0033    0.0021    0.0000    0.0041    0.0017    0.9888
    0.3637    0.3739    0.0000    0.0012    0.0980    0.1632
    0.4032    0.4464    0.0000    0.0000    0.1278    0.0226
    0.0940    0.0000    0.0000    0.0003    0.0000    0.9057
    0.3023    0.0014    0.0000    0.0021    0.0002    0.6941
    0.0773    0.0012    0.0000    0.0019    0.0000    0.9197
    0.2802    0.0050    0.0000    0.0001    0.0004    0.7144
    0.3875    0.0044    0.0000    0.0000    0.0762    0.5319
    0.3358    0.3441    0.0000    0.0009    0.1302    0.1891
    0.2837    0.0048    0.0000    0.0022    0.0001    0.7091
    0.4388    0.0883    0.0000    0.0016    0.1320    0.3393
    0.3854    0.4201    0.0000    0.0009    0.1307    0.0629
    0.0711    0.0000    0.0000    0.0049    0.0000    0.9239
    0.3706    0.1284    0.0000    0.0014    0.1416    0.3581
    0.3689    0.0085    0.0000    0.0053    0.0799    0.5374
    0.3692    0.4377    0.0000    0.0000    0.1710    0.0222
    0.2607    0.0050    0.0000    0.0000    0.0000    0.7343
    0.1671    0.0002    0.0000    0.0005    0.0000    0.8322
    0.4007    0.3740    0.0000    0.0082    0.1413    0.0758
    0.2750    0.0008    0.0000    0.0002    0.0000    0.7239
    0.3325    0.4294    0.0000    0.0025    0.1660    0.0696
    0.3895    0.3298    0.0000    0.0016    0.0874    0.1916
    0.2511    0.0018    0.0000    0.0015    0.0002    0.7454
    0.4122    0.3124    0.0000    0.0009    0.1490    0.1255
    0.3571    0.3102    0.0000    0.0102    0.1500    0.1725
    0.3911    0.0191    0.0000    0.0046    0.0000    0.5853
    0.2707    0.0042    0.0000    0.0016    0.0002    0.7232
    0.3637    0.0084    0.0000    0.0054    0.0934    0.5291
    0.3830    0.0023    0.0000    0.0029    0.0000    0.6119
    0.1888    0.0010    0.0000    0.0010    0.0000    0.8091
    0.3794    0.0016    0.0000    0.0029    0.1182    0.4980
    0.2184    0.0000    0.0000    0.0001    0.0001    0.7815
    0.3779    0.0405    0.0000    0.0022    0.1261    0.4534
    0.2289    0.0013    0.0000    0.0004    0.0024    0.7671
    0.3896    0.0006    0.0000    0.0019    0.0345    0.5735
    0.3859    0.2046    0.0000    0.0018    0.1163    0.2913
    0.1291    0.0020    0.0000    0.0011    0.0001    0.8677
    0.4232    0.3754    0.0000    0.0017    0.1237    0.0760
    0.1968    0.0008    0.0000    0.0008    0.0000    0.8017
    0.1595    0.0016    0.0000    0.0014    0.0000    0.8375
    0.3988    0.0026    0.0000    0.0016    0.0593    0.5377
    0.3982    0.3331    0.0000    0.0011    0.0738    0.1938
    0.3512    0.3232    0.0000    0.0001    0.1239    0.2016
    0.3916    0.2846    0.0000    0.0011    0.1271    0.1956
    0.4129    0.0363    0.0000    0.0014    0.0979    0.4516
    0.3954    0.0937    0.0000    0.0101    0.1250    0.3758
    0.1977    0.0000    0.0000    0.0004    0.0031    0.7989
    0.3917    0.0261    0.0000    0.0014    0.1371    0.4437
    0.1343    0.0000    0.0000    0.0003    0.0000    0.8654
    0.0295    0.0019    0.0000    0.0040    0.0016    0.9630
    0.0907    0.0015    0.0000    0.0003    0.0002    0.9073
    0.3700    0.0847    0.0000    0.0014    0.0975    0.4464
    0.3852    0.4266    0.0000    0.0000    0.1666    0.0216
    0.3725    0.1728    0.0000    0.0090    0.1112    0.3345
    0.1380    0.0010    0.0000    0.0015    0.0000    0.8595
    0.0000    0.0000    0.0000    0.0000    0.0040    0.9960
    0.1602    0.0010    0.0000    0.0025    0.0001    0.8362
    0.3756    0.3538    0.0000    0.0016    0.0843    0.1848
    0.2431    0.0000    0.0000    0.0007    0.0000    0.7561
    0.2114    0.0012    0.0000    0.0010    0.0000    0.7863
    0.4172    0.0000    0.0000    0.0165    0.1524    0.4140
    0.3645    0.0044    0.0000    0.0018    0.0000    0.6293
    0.0466    0.0015    0.0000    0.0009    0.0002    0.9508
    0.1933    0.0003    0.0000    0.0002    0.0000    0.8061
    0.2708    0.0042    0.0000    0.0016    0.0000    0.7234
    0.4066    0.0166    0.0000    0.0016    0.1304    0.4448
    0.2035    0.0010    0.0000    0.0016    0.0000    0.7939
    0.4403    0.0177    0.0000    0.0016    0.1277    0.4127
    0.4174    0.0025    0.0000    0.0005    0.0249    0.5547
    0.1893    0.0014    0.0000    0.0020    0.0000    0.8072
    0.3721    0.0787    0.0000    0.0017    0.1417    0.4058
    0.1937    0.0023    0.0000    0.0006    0.0000    0.8033
    0.2604    0.0012    0.0000    0.0001    0.0018    0.7365
    0.4085    0.4002    0.0000    0.0055    0.1468    0.0390
    0.1380    0.0010    0.0000    0.0015    0.0000    0.8595
    0.3148    0.3230    0.0000    0.0016    0.1269    0.2337
    0.2434    0.0000    0.0000    0.0009    0.0000    0.7557
    0.1852    0.0011    0.0000    0.0010    0.0000    0.8127
    0.3508    0.2103    0.0000    0.0035    0.1531    0.2824
    0.2517    0.0017    0.0000    0.0125    0.0002    0.7340
    0.3256    0.0055    0.0000    0.0001    0.0004    0.6683
    0.2510    0.0034    0.0000    0.0011    0.0001    0.7443
    0.4242    0.0357    0.0000    0.0007    0.1533    0.3860
    0.3191    0.0023    0.0000    0.0016    0.0006    0.6764
    0.2191    0.0000    0.0000    0.0001    0.0001    0.7808
    0.2683    0.0440    0.0000    0.0009    0.0000    0.6868

 Output data matrix of Pareto front of final Gaussian process model:
        f1        f2        f3
 -286.9353   -2.6230-61599.1296
 -641.2204   -1.0069-88509.9907
 -282.7047   -2.7528-62749.8779
 -641.6626   -1.0093-88002.1033
 -534.7923   -1.4498-95515.9275
 -282.7047   -2.7528-62749.8779
 -318.7780   -2.2836-66133.7049
 -376.0002   -2.0469-76421.3636
 -306.5523   -2.3774-64144.6829
 -390.9207   -2.0144-79243.6553
 -315.9342   -2.2936-65670.3127
 -416.4162   -1.9806-82933.4214
 -365.7421   -2.0733-74615.6623
 -400.7347   -2.0018-80481.1254
 -420.1827   -1.9759-83506.8021
 -507.8849   -1.6617-94324.4329
 -304.1551   -2.3995-63789.2109
 -526.5564   -1.5482-94707.2843
 -291.2683   -2.5548-62294.4591
 -427.7458   -1.9659-84650.4496
 -431.3977   -1.9599-85138.8769
 -601.0177   -1.1776-93696.9071
 -476.8568   -1.8253-90858.4429
 -457.1887   -1.8905-88348.8942
 -389.8425   -2.0184-78797.1394
 -357.6094   -2.0941-73260.1851
 -624.9411   -1.1189-91091.7228
 -517.3367   -1.5894-94813.9445
 -442.3018   -1.9378-86722.3521
 -331.9009   -2.2007-68482.2199
 -403.2661   -1.9981-80915.6536
 -395.2049   -2.0043-80197.0967
 -412.1548   -1.9852-82363.9113
 -612.4326   -1.1901-92407.8321
 -352.2814   -2.1118-72288.5660
 -488.5330   -1.7493-91370.1250
 -328.7943   -2.2182-67905.2362
 -512.8926   -1.6224-93371.7862
 -565.7137   -1.3559-92158.8925
 -594.9515   -1.2551-91917.7926
 -445.4164   -1.9274-87134.6006
 -360.3228   -2.0869-73690.8457
 -627.8292   -1.1063-90935.7528
 -442.8381   -1.9336-86553.9216
 -284.4144   -2.6814-61852.5533
 -320.7085   -2.2682-66480.1671
 -460.1216   -1.8811-88677.6864
 -503.5132   -1.6809-94480.5690
 -309.0619   -2.3543-64539.5324
 -522.9984   -1.5672-94916.6306
 -451.1857   -1.9095-87718.4604
 -480.9701   -1.8097-91537.1818
 -327.2659   -2.2291-67621.9749
 -549.3430   -1.4225-93366.7955
 -605.8441   -1.2142-92674.9571
 -409.8673   -1.9889-81955.9671
 -308.2812   -2.3642-64421.2272
 -447.4239   -1.9210-87348.6234
 -414.5048   -1.9831-82657.1566
