
 TSEMO log file created on 27-Feb-2020 

 This file shows the initial specifications of TSEMO and logs the output.
 ¯¯¯¯¯¯¯¯¯¯¯¯¯¯¯¯¯¯¯¯¯¯¯¯¯¯¯¯¯¯¯¯¯¯¯¯¯¯¯¯¯¯¯¯¯¯¯¯¯¯¯¯¯¯¯¯¯¯¯¯¯¯¯¯¯¯¯¯¯¯¯¯¯¯¯¯¯¯¯¯¯¯¯¯¯¯¯¯¯¯¯¯¯¯¯¯¯¯¯¯¯¯
 License information 

 BSD 2-Clause License 

 Copyright (c) 2017, Eric Bradford, Artur M. Schweidtmann and Alexei Lapkin
 All rights reserved. 

 Redistribution and use in source and binary forms, with or without
 modification, are permitted provided that the following conditions are met: 

 *Redistributions of source code must retain the above copyright notice, this   
  list of conditions and the following disclaimer. 

 *Redistributions in binary form must reproduce the above copyright notice,   
  this list of conditions and the following disclaimer in the documentation   
  and/or other materials provided with the distribution. 

 Modified by Mina Konakovic Lukovic 2019. 

 ¯¯¯¯¯¯¯¯¯¯¯¯¯¯¯¯¯¯¯¯¯¯¯¯¯¯¯¯¯¯¯¯¯¯¯¯¯¯¯¯¯¯¯¯¯¯¯¯¯¯¯¯¯¯¯¯¯¯¯¯¯¯¯¯¯¯¯¯¯¯¯¯¯¯¯¯¯¯¯¯¯¯¯¯¯¯¯¯¯¯¯¯¯¯¯¯¯¯¯¯¯¯
 Problem specifications 

 Function used:   consta 

 Number of inputs:   6
 Number of outputs:  3 

 Lower bounds of decision variables:
      x1      x2      x3      x4      x5      x6
  0.0000  0.0000  0.0000  0.0000  0.0000  0.0000
 
 Upper bounds of decision variables:
      x1      x2      x3      x4      x5      x6
  1.0000  1.0000  0.5000  1.0000  1.0000  1.0000
 ¯¯¯¯¯¯¯¯¯¯¯¯¯¯¯¯¯¯¯¯¯¯¯¯¯¯¯¯¯¯¯¯¯¯¯¯¯¯¯¯¯¯¯¯¯¯¯¯¯¯¯¯¯¯¯¯¯¯¯¯¯¯¯¯¯¯¯¯¯¯¯¯¯¯¯¯¯¯¯¯¯¯¯¯¯¯¯¯¯¯¯¯¯¯¯¯¯¯¯¯¯¯
 Algorithm options 

 Maximum number of function evaluations:  4
 Sample batch size:                       4
 Number of algorithm iterations:          1 

 Genetic algorithm population size:        200
 Genetic algorithm number of generations:  200 

                                               f1      f2      f3
 Number of spectral sampling points:         4000    4000    4000
 Type of matern function:                       5       5       5
 Direct evaluations per input dimension:      200     200     200
 ¯¯¯¯¯¯¯¯¯¯¯¯¯¯¯¯¯¯¯¯¯¯¯¯¯¯¯¯¯¯¯¯¯¯¯¯¯¯¯¯¯¯¯¯¯¯¯¯¯¯¯¯¯¯¯¯¯¯¯¯¯¯¯¯¯¯¯¯¯¯¯¯¯¯¯¯¯¯¯¯¯¯¯¯¯¯¯¯¯¯¯¯¯¯¯¯¯¯¯¯¯¯
 Initial data set 

 Number of initial data points:  123 

 Initial input data matrix:
      x1      x2      x3      x4      x5      x6
  0.3200  0.1300  0.0500  0.2100  0.0400  0.2500
  0.0000  0.1800  0.2100  0.2800  0.2000  0.1300
  0.0000  0.0200  0.3800  0.0400  0.2900  0.2700
  0.1900  0.3000  0.1000  0.0600  0.0700  0.2800
  0.0800  0.1600  0.1400  0.0400  0.1900  0.3900
  0.3400  0.0600  0.2300  0.1600  0.1900  0.0200
  0.1400  0.1000  0.0700  0.2000  0.2700  0.2200
  0.0700  0.0700  0.3200  0.2100  0.0300  0.3000
  0.0200  0.0100  0.2700  0.1300  0.4900  0.0800
  0.0900  0.3200  0.0300  0.1300  0.3700  0.0600
  0.0800  0.2100  0.0200  0.0000  0.6100  0.0800
  0.0900  0.3200  0.0400  0.2100  0.1700  0.1700
  0.1400  0.3000  0.0700  0.1000  0.2500  0.1400
  0.0400  0.1700  0.0700  0.2200  0.2400  0.2600
  0.1700  0.1500  0.2800  0.2900  0.0000  0.1100
  0.1000  0.1400  0.1400  0.2600  0.2700  0.0900
  1.0000  0.0000  0.0000  0.0000  0.0000  0.0000
  0.0000  1.0000  0.0000  0.0000  0.0000  0.0000
  0.0000  0.0000  0.0000  1.0000  0.0000  0.0000
  0.6000  0.4000  0.0000  0.0000  0.0000  0.0000
  0.5500  0.4500  0.0000  0.0000  0.0000  0.0000
  0.5000  0.5000  0.0000  0.0000  0.0000  0.0000
  0.4500  0.5500  0.0000  0.0000  0.0000  0.0000
  0.4000  0.6000  0.0000  0.0000  0.0000  0.0000
  0.2700  0.4400  0.0900  0.0400  0.0800  0.0800
  0.0400  0.1900  0.3600  0.2000  0.1200  0.0900
  0.0000  0.5900  0.0000  0.0800  0.0800  0.2500
  0.0000  0.3900  0.1300  0.0700  0.0300  0.3800
  0.0100  0.5100  0.0000  0.1000  0.0200  0.3600
  0.0100  0.6200  0.0100  0.0300  0.1000  0.2300
  0.0600  0.3000  0.4100  0.0100  0.0100  0.2100
  0.0800  0.3200  0.5000  0.0700  0.0200  0.0100
  0.1500  0.2800  0.2500  0.0100  0.0600  0.2500
  0.0000  0.0000  0.0000  0.0000  0.0000  1.0000
  0.0000  0.0000  0.0000  0.0000  1.0000  0.0000
  0.0200  0.1100  0.0000  0.5000  0.0300  0.3400
  0.0100  0.1900  0.0000  0.0000  0.0000  0.8000
  0.0100  0.3900  0.0000  0.0200  0.0100  0.5700
  0.1800  0.1200  0.0000  0.3600  0.0000  0.3400
  0.0100  0.0000  0.1300  0.2500  0.0000  0.6100
  0.3200  0.0000  0.1200  0.0100  0.0000  0.5500
  0.0100  0.1500  0.1000  0.2100  0.0000  0.5300
  0.0100  0.0000  0.1500  0.2500  0.0000  0.5900
  0.1500  0.4500  0.0400  0.0300  0.0100  0.3200
  0.0500  0.3200  0.0000  0.5700  0.0600  0.0000
  0.3100  0.5200  0.0000  0.0800  0.0200  0.0700
  0.1500  0.0400  0.1300  0.6700  0.0100  0.0000
  0.0000  0.2100  0.2000  0.5800  0.0100  0.0000
  0.0000  0.0100  0.2800  0.6700  0.0100  0.0300
  0.0100  0.2800  0.1100  0.4600  0.1100  0.0300
  0.4900  0.0600  0.0000  0.1400  0.0200  0.2900
  0.1400  0.0000  0.0700  0.0100  0.0100  0.7700
  0.0300  0.5800  0.1800  0.0400  0.1000  0.0700
  0.0000  0.3100  0.0100  0.0200  0.1500  0.5100
  0.2500  0.0100  0.0100  0.0400  0.1300  0.5600
  0.2900  0.4500  0.0600  0.0800  0.1200  0.0000
  0.0200  0.0100  0.1600  0.0100  0.5000  0.3000
  0.0200  0.2400  0.0000  0.0300  0.2600  0.4500
  0.0000  0.0100  0.0000  0.0100  0.2700  0.7100
  0.0900  0.0200  0.0000  0.0600  0.4000  0.4300
  0.0000  0.1600  0.0000  0.0000  0.2500  0.5900
  0.3200  0.0900  0.0200  0.0100  0.0100  0.5500
  0.0000  0.0800  0.1300  0.0000  0.1100  0.6800
  0.3900  0.0100  0.0300  0.0000  0.0000  0.5700
  0.2600  0.1800  0.0200  0.0100  0.0100  0.5200
  0.2000  0.1600  0.0000  0.0000  0.0000  0.6400
  0.5100  0.3100  0.0700  0.0100  0.0100  0.0900
  0.1400  0.1700  0.0200  0.0000  0.0000  0.6700
  0.0000  0.0300  0.0200  0.2100  0.3200  0.4200
  0.5700  0.0000  0.1100  0.0100  0.1000  0.2100
  0.5100  0.2500  0.1000  0.0200  0.1200  0.0000
  0.5100  0.0100  0.0700  0.0200  0.1100  0.2800
  0.0000  0.0000  0.0000  0.0200  0.0000  0.9800
  0.6000  0.0000  0.0300  0.0000  0.0200  0.3500
  0.3400  0.0000  0.1100  0.0100  0.0600  0.4800
  0.4400  0.1100  0.1100  0.0000  0.0600  0.2800
  0.6600  0.0000  0.0800  0.0000  0.0000  0.2600
  0.3700  0.4700  0.1000  0.0000  0.0600  0.0000
  0.4400  0.3000  0.0900  0.0400  0.1300  0.0000
  0.2700  0.6100  0.1200  0.0000  0.0000  0.0000
  0.0100  0.0000  0.0000  0.0200  0.0800  0.8900
  0.2100  0.1100  0.0600  0.0000  0.1400  0.4800
  0.5200  0.0100  0.0100  0.0000  0.0000  0.4600
  0.0000  0.3800  0.0100  0.0000  0.0000  0.6100
  0.0000  0.3100  0.0100  0.0000  0.0000  0.6800
  0.3200  0.3400  0.0200  0.0000  0.0100  0.3100
  0.0100  0.4100  0.0000  0.0000  0.0100  0.5700
  0.0000  0.4100  0.0000  0.1300  0.0000  0.4600
  0.0000  0.1800  0.0000  0.2600  0.0100  0.5500
  0.0400  0.4500  0.0000  0.0700  0.0100  0.4300
  0.0000  0.2500  0.0000  0.2500  0.0000  0.5000
  0.3600  0.2000  0.0200  0.0800  0.0000  0.3400
  0.2100  0.0000  0.0000  0.3300  0.0100  0.4500
  0.2500  0.0000  0.0000  0.3100  0.0100  0.4300
  0.1900  0.0000  0.0000  0.3200  0.0100  0.4800
  0.0000  0.6300  0.1000  0.0000  0.0000  0.2700
  0.0000  0.6600  0.0900  0.0000  0.0000  0.2500
  0.0000  0.3300  0.1100  0.0100  0.0000  0.5500
  0.0000  0.6800  0.0900  0.0000  0.0100  0.2200
  0.3500  0.0000  0.0000  0.0100  0.0000  0.6400
  0.0100  0.0000  0.0000  0.3600  0.0000  0.6300
  0.4800  0.0000  0.0100  0.0000  0.1200  0.3900
  0.3900  0.0000  0.0000  0.0200  0.0100  0.5800
  0.4000  0.1700  0.0000  0.0000  0.1200  0.3100
  0.4400  0.2700  0.0000  0.0000  0.1700  0.1200
  0.3400  0.1400  0.0000  0.0000  0.1300  0.3900
  0.3300  0.1200  0.0000  0.0000  0.1300  0.4200
  0.3900  0.0000  0.0000  0.0000  0.2200  0.3900
  0.3900  0.3100  0.0000  0.0000  0.2200  0.0800
  0.4100  0.0000  0.0000  0.0000  0.2500  0.3400
  0.3500  0.0000  0.0000  0.0000  0.2000  0.4500
  0.3300  0.0000  0.0000  0.0000  0.2100  0.4600
  0.3100  0.0000  0.0000  0.0000  0.2000  0.4900
  0.3500  0.0000  0.0000  0.0000  0.2100  0.4400
  0.2000  0.0000  0.0000  0.0000  0.0100  0.7900
  0.5000  0.0000  0.0000  0.0000  0.3000  0.2000
  0.5300  0.0600  0.0000  0.0000  0.3200  0.0900
  0.5300  0.0000  0.0000  0.0000  0.3300  0.1400
  0.4200  0.0000  0.0000  0.0000  0.2700  0.3100
  0.4200  0.0100  0.0000  0.0000  0.1400  0.4300
  0.3900  0.0000  0.0000  0.0000  0.1300  0.4800
  0.4400  0.0000  0.0000  0.0500  0.1300  0.3800
  0.2800  0.0000  0.0000  0.1100  0.0800  0.5300

 Initial output data matrix:
      f1      f2      f3
-477.3645 -1.2974-78049.1925
-454.7535 -1.3662-68112.8155
-279.9044 -2.1133-51731.0693
-469.5247 -1.7578-77876.9026
-440.0426 -1.9634-76654.9118
-365.6047 -1.2303-62118.0243
-410.9856 -1.1190-66049.6554
-136.1656 -0.8962-22268.5639
-369.0088 -1.3142-61644.3643
-533.9811 -0.8968-68784.7611
-442.6768 -0.7257-59416.2131
-507.4257 -0.9822-66650.9629
-443.6008 -1.1184-65323.0907
-489.5899 -1.3294-72483.9913
-359.3333 -1.7335-60280.1487
-485.2462 -0.8865-66192.4108
-228.9585 -0.7284-49588.2084
-435.6576 -1.1748-60782.1527
-368.0328 -0.0378-29839.9581
-558.3333 -1.0147-72324.3305
-545.1107 -1.0090-76481.1353
-595.9865 -1.0313-80252.0073
-577.5167 -1.0272-78299.5278
-603.0115 -1.0486-79494.8772
-536.4679 -1.3385-83057.1828
-380.6202 -1.5761-63939.3838
-487.9964 -1.6929-74452.7693
-492.2164 -2.0354-77476.1977
-483.0457 -1.7036-74331.8675
-461.0062 -1.5331-68683.9650
-428.6732 -1.9582-73565.0149
-420.3458 -1.7501-70958.0370
-185.7397 -1.9998-39188.2443
-307.5914 -2.9333-68673.8814
-248.0791 -0.3369-41639.4837
-330.4220 -1.6093-58954.7196
-261.1897 -2.5356-54113.5267
-374.3907 -2.1313-72005.0906
-442.1932 -1.6426-73645.0393
-325.5454 -2.2577-65492.6760
-407.4563 -1.7142-79298.8675
-280.7768 -2.0890-55835.4428
-345.4445 -2.2639-66935.4850
-337.8766 -1.7123-65225.4544
-380.5099 -0.6146-47362.4095
-423.7886 -1.3121-68132.9194
-412.9137 -0.7221-59055.9302
-389.7163 -1.2975-60315.7332
-243.9299 -1.5816-43427.1956
-418.8166 -1.1219-61444.5239
-463.1094 -1.4660-81856.9346
-260.4919 -1.9421-59060.6871
-461.1271 -1.5697-75813.0466
-434.9195 -1.9723-80545.7853
-411.2741 -1.7072-85333.3874
-593.8157 -1.0758-82484.6477
-331.6431 -1.2261-62332.4475
-461.8788 -1.5726-80820.6379
-386.3988 -1.9098-76223.9832
-458.6168 -1.3865-78606.8274
-386.1546 -1.7969-73308.3934
-420.6757 -1.8963-83069.8760
-256.3444 -2.2542-53258.3199
-343.7864 -1.8975-72697.8828
-317.0968 -1.9236-66141.3310
-405.5608 -1.9380-81223.2023
-579.2708 -1.0437-87100.5169
-297.2664 -2.2664-61771.9743
-230.0024 -1.7750-53153.7094
-296.3126 -0.8946-60049.3899
-625.1337 -1.1253-94708.7918
-559.4404 -1.5604-98460.5528
-350.2734 -2.6724-74202.1381
-483.8073 -1.5770-91455.1658
-333.6048 -1.8340-67470.0844
-401.3639 -1.5176-75081.6898
-339.8147 -1.1731-68370.6235
-619.8270 -1.3159-92324.8900
-456.6095 -1.0320-73399.8497
-527.1160 -1.2052-80673.3135
-182.0132 -2.1459-33836.3245
-299.4935 -1.9115-62779.5207
-342.4831 -1.8084-73190.6083
-292.5484 -2.1003-64376.6034
-284.1961 -2.0337-60695.8700
-418.6794 -1.5121-75788.0791
-272.5130 -1.9527-60034.6655
-324.9663 -1.9969-65021.8788
-361.4059 -2.0913-69395.5054
-310.1195 -1.9192-61302.0228
-321.0298 -2.0199-62665.9535
-408.2643 -1.5818-76317.7672
-398.2560 -1.9114-74552.8783
-437.9660 -1.8110-79745.2693
-402.9772 -1.8842-75747.1961
-367.7646 -1.7661-65605.9795
-392.9406 -1.8913-69484.2021
-317.1051 -2.1952-63761.7220
-355.6015 -1.8014-64450.3268
-438.2688 -2.1205-87348.6010
-334.7339 -2.0407-65124.3183
-514.0293 -1.5443-93643.6527
-526.1093 -1.9176-98663.7705
-555.0826 -1.4101-91162.3449
-653.9760 -1.1215-96005.8355
-613.3157 -1.3545-102903.8092
-574.5688 -1.4762-99854.6710
-596.1996 -1.5851-97568.0584
-673.8733 -1.3085-96609.9429
-570.9253 -1.5720-97057.6408
-453.6160 -1.8559-85374.7271
-512.3685 -1.7799-93175.9066
-384.8236 -1.8510-77997.5467
-536.0149 -1.7113-96497.9814
-289.9712 -1.9717-66399.4183
-596.7186 -0.9982-92484.7776
-390.5278 -0.8869-64360.6166
-429.9865 -0.7968-68899.7837
-397.0291 -1.0850-76450.3138
-413.4216 -1.7276-80202.5821
-512.4700 -1.6664-92116.8858
-627.3105 -1.5880-103558.9154
-459.2870 -1.8760-85164.1567

 ¯¯¯¯¯¯¯¯¯¯¯¯¯¯¯¯¯¯¯¯¯¯¯¯¯¯¯¯¯¯¯¯¯¯¯¯¯¯¯¯¯¯¯¯¯¯¯¯¯¯¯¯¯¯¯¯¯¯¯¯¯¯¯¯¯¯¯¯¯¯¯¯¯¯¯¯¯¯¯¯¯¯¯¯¯¯¯¯¯¯¯¯¯¯¯¯¯¯¯¯¯¯
 Algorithm iteration 1 

 Predicted hypervolume improvement:    0.0511
 Time taken:   42.5335 

 Proposed evaluation point(s): 
      x1      x2      x3      x4      x5      x6
  0.4200  0.1200  0.0000  0.0000  0.0600  0.4000
  0.4200  0.1100  0.0000  0.0100  0.0700  0.3900
  0.4200  0.1100  0.0000  0.0000  0.0400  0.4300
  0.4500  0.0800  0.0000  0.0000  0.0500  0.4200

 Corresponding observation(s): 
      f1      f2      f3
-547.6313 -1.6515-94208.2009
-550.4200 -1.6241-94949.8550
-532.6634 -1.7350-91855.5702
-538.4858 -1.7026-93173.0409

 ¯¯¯¯¯¯¯¯¯¯¯¯¯¯¯¯¯¯¯¯¯¯¯¯¯¯¯¯¯¯¯¯¯¯¯¯¯¯¯¯¯¯¯¯¯¯¯¯¯¯¯¯¯¯¯¯¯¯¯¯¯¯¯¯¯¯¯¯¯¯¯¯¯¯¯¯¯¯¯¯¯¯¯¯¯¯¯¯¯¯¯¯¯¯¯¯¯¯¯¯¯¯
 Final algorithm output 

 Final input data matrix:
        x1        x2        x3        x4        x5        x6
    0.3200    0.1300    0.0500    0.2100    0.0400    0.2500
    0.0000    0.1800    0.2100    0.2800    0.2000    0.1300
    0.0000    0.0200    0.3800    0.0400    0.2900    0.2700
    0.1900    0.3000    0.1000    0.0600    0.0700    0.2800
    0.0800    0.1600    0.1400    0.0400    0.1900    0.3900
    0.3400    0.0600    0.2300    0.1600    0.1900    0.0200
    0.1400    0.1000    0.0700    0.2000    0.2700    0.2200
    0.0700    0.0700    0.3200    0.2100    0.0300    0.3000
    0.0200    0.0100    0.2700    0.1300    0.4900    0.0800
    0.0900    0.3200    0.0300    0.1300    0.3700    0.0600
    0.0800    0.2100    0.0200    0.0000    0.6100    0.0800
    0.0900    0.3200    0.0400    0.2100    0.1700    0.1700
    0.1400    0.3000    0.0700    0.1000    0.2500    0.1400
    0.0400    0.1700    0.0700    0.2200    0.2400    0.2600
    0.1700    0.1500    0.2800    0.2900    0.0000    0.1100
    0.1000    0.1400    0.1400    0.2600    0.2700    0.0900
    1.0000    0.0000    0.0000    0.0000    0.0000    0.0000
    0.0000    1.0000    0.0000    0.0000    0.0000    0.0000
    0.0000    0.0000    0.0000    1.0000    0.0000    0.0000
    0.6000    0.4000    0.0000    0.0000    0.0000    0.0000
    0.5500    0.4500    0.0000    0.0000    0.0000    0.0000
    0.5000    0.5000    0.0000    0.0000    0.0000    0.0000
    0.4500    0.5500    0.0000    0.0000    0.0000    0.0000
    0.4000    0.6000    0.0000    0.0000    0.0000    0.0000
    0.2700    0.4400    0.0900    0.0400    0.0800    0.0800
    0.0400    0.1900    0.3600    0.2000    0.1200    0.0900
    0.0000    0.5900    0.0000    0.0800    0.0800    0.2500
    0.0000    0.3900    0.1300    0.0700    0.0300    0.3800
    0.0100    0.5100    0.0000    0.1000    0.0200    0.3600
    0.0100    0.6200    0.0100    0.0300    0.1000    0.2300
    0.0600    0.3000    0.4100    0.0100    0.0100    0.2100
    0.0800    0.3200    0.5000    0.0700    0.0200    0.0100
    0.1500    0.2800    0.2500    0.0100    0.0600    0.2500
    0.0000    0.0000    0.0000    0.0000    0.0000    1.0000
    0.0000    0.0000    0.0000    0.0000    1.0000    0.0000
    0.0200    0.1100    0.0000    0.5000    0.0300    0.3400
    0.0100    0.1900    0.0000    0.0000    0.0000    0.8000
    0.0100    0.3900    0.0000    0.0200    0.0100    0.5700
    0.1800    0.1200    0.0000    0.3600    0.0000    0.3400
    0.0100    0.0000    0.1300    0.2500    0.0000    0.6100
    0.3200    0.0000    0.1200    0.0100    0.0000    0.5500
    0.0100    0.1500    0.1000    0.2100    0.0000    0.5300
    0.0100    0.0000    0.1500    0.2500    0.0000    0.5900
    0.1500    0.4500    0.0400    0.0300    0.0100    0.3200
    0.0500    0.3200    0.0000    0.5700    0.0600    0.0000
    0.3100    0.5200    0.0000    0.0800    0.0200    0.0700
    0.1500    0.0400    0.1300    0.6700    0.0100    0.0000
    0.0000    0.2100    0.2000    0.5800    0.0100    0.0000
    0.0000    0.0100    0.2800    0.6700    0.0100    0.0300
    0.0100    0.2800    0.1100    0.4600    0.1100    0.0300
    0.4900    0.0600    0.0000    0.1400    0.0200    0.2900
    0.1400    0.0000    0.0700    0.0100    0.0100    0.7700
    0.0300    0.5800    0.1800    0.0400    0.1000    0.0700
    0.0000    0.3100    0.0100    0.0200    0.1500    0.5100
    0.2500    0.0100    0.0100    0.0400    0.1300    0.5600
    0.2900    0.4500    0.0600    0.0800    0.1200    0.0000
    0.0200    0.0100    0.1600    0.0100    0.5000    0.3000
    0.0200    0.2400    0.0000    0.0300    0.2600    0.4500
    0.0000    0.0100    0.0000    0.0100    0.2700    0.7100
    0.0900    0.0200    0.0000    0.0600    0.4000    0.4300
    0.0000    0.1600    0.0000    0.0000    0.2500    0.5900
    0.3200    0.0900    0.0200    0.0100    0.0100    0.5500
    0.0000    0.0800    0.1300    0.0000    0.1100    0.6800
    0.3900    0.0100    0.0300    0.0000    0.0000    0.5700
    0.2600    0.1800    0.0200    0.0100    0.0100    0.5200
    0.2000    0.1600    0.0000    0.0000    0.0000    0.6400
    0.5100    0.3100    0.0700    0.0100    0.0100    0.0900
    0.1400    0.1700    0.0200    0.0000    0.0000    0.6700
    0.0000    0.0300    0.0200    0.2100    0.3200    0.4200
    0.5700    0.0000    0.1100    0.0100    0.1000    0.2100
    0.5100    0.2500    0.1000    0.0200    0.1200    0.0000
    0.5100    0.0100    0.0700    0.0200    0.1100    0.2800
    0.0000    0.0000    0.0000    0.0200    0.0000    0.9800
    0.6000    0.0000    0.0300    0.0000    0.0200    0.3500
    0.3400    0.0000    0.1100    0.0100    0.0600    0.4800
    0.4400    0.1100    0.1100    0.0000    0.0600    0.2800
    0.6600    0.0000    0.0800    0.0000    0.0000    0.2600
    0.3700    0.4700    0.1000    0.0000    0.0600    0.0000
    0.4400    0.3000    0.0900    0.0400    0.1300    0.0000
    0.2700    0.6100    0.1200    0.0000    0.0000    0.0000
    0.0100    0.0000    0.0000    0.0200    0.0800    0.8900
    0.2100    0.1100    0.0600    0.0000    0.1400    0.4800
    0.5200    0.0100    0.0100    0.0000    0.0000    0.4600
    0.0000    0.3800    0.0100    0.0000    0.0000    0.6100
    0.0000    0.3100    0.0100    0.0000    0.0000    0.6800
    0.3200    0.3400    0.0200    0.0000    0.0100    0.3100
    0.0100    0.4100    0.0000    0.0000    0.0100    0.5700
    0.0000    0.4100    0.0000    0.1300    0.0000    0.4600
    0.0000    0.1800    0.0000    0.2600    0.0100    0.5500
    0.0400    0.4500    0.0000    0.0700    0.0100    0.4300
    0.0000    0.2500    0.0000    0.2500    0.0000    0.5000
    0.3600    0.2000    0.0200    0.0800    0.0000    0.3400
    0.2100    0.0000    0.0000    0.3300    0.0100    0.4500
    0.2500    0.0000    0.0000    0.3100    0.0100    0.4300
    0.1900    0.0000    0.0000    0.3200    0.0100    0.4800
    0.0000    0.6300    0.1000    0.0000    0.0000    0.2700
    0.0000    0.6600    0.0900    0.0000    0.0000    0.2500
    0.0000    0.3300    0.1100    0.0100    0.0000    0.5500
    0.0000    0.6800    0.0900    0.0000    0.0100    0.2200
    0.3500    0.0000    0.0000    0.0100    0.0000    0.6400
    0.0100    0.0000    0.0000    0.3600    0.0000    0.6300
    0.4800    0.0000    0.0100    0.0000    0.1200    0.3900
    0.3900    0.0000    0.0000    0.0200    0.0100    0.5800
    0.4000    0.1700    0.0000    0.0000    0.1200    0.3100
    0.4400    0.2700    0.0000    0.0000    0.1700    0.1200
    0.3400    0.1400    0.0000    0.0000    0.1300    0.3900
    0.3300    0.1200    0.0000    0.0000    0.1300    0.4200
    0.3900    0.0000    0.0000    0.0000    0.2200    0.3900
    0.3900    0.3100    0.0000    0.0000    0.2200    0.0800
    0.4100    0.0000    0.0000    0.0000    0.2500    0.3400
    0.3500    0.0000    0.0000    0.0000    0.2000    0.4500
    0.3300    0.0000    0.0000    0.0000    0.2100    0.4600
    0.3100    0.0000    0.0000    0.0000    0.2000    0.4900
    0.3500    0.0000    0.0000    0.0000    0.2100    0.4400
    0.2000    0.0000    0.0000    0.0000    0.0100    0.7900
    0.5000    0.0000    0.0000    0.0000    0.3000    0.2000
    0.5300    0.0600    0.0000    0.0000    0.3200    0.0900
    0.5300    0.0000    0.0000    0.0000    0.3300    0.1400
    0.4200    0.0000    0.0000    0.0000    0.2700    0.3100
    0.4200    0.0100    0.0000    0.0000    0.1400    0.4300
    0.3900    0.0000    0.0000    0.0000    0.1300    0.4800
    0.4400    0.0000    0.0000    0.0500    0.1300    0.3800
    0.2800    0.0000    0.0000    0.1100    0.0800    0.5300
    0.4200    0.1200    0.0000    0.0000    0.0600    0.4000
    0.4200    0.1100    0.0000    0.0100    0.0700    0.3900
    0.4200    0.1100    0.0000    0.0000    0.0400    0.4300
    0.4500    0.0800    0.0000    0.0000    0.0500    0.4200

 Final output data matrix:
        f1        f2        f3
 -477.3645   -1.2974-78049.1925
 -454.7535   -1.3662-68112.8155
 -279.9044   -2.1133-51731.0693
 -469.5247   -1.7578-77876.9026
 -440.0426   -1.9634-76654.9118
 -365.6047   -1.2303-62118.0243
 -410.9856   -1.1190-66049.6554
 -136.1656   -0.8962-22268.5639
 -369.0088   -1.3142-61644.3643
 -533.9811   -0.8968-68784.7611
 -442.6768   -0.7257-59416.2131
 -507.4257   -0.9822-66650.9629
 -443.6008   -1.1184-65323.0907
 -489.5899   -1.3294-72483.9913
 -359.3333   -1.7335-60280.1487
 -485.2462   -0.8865-66192.4108
 -228.9585   -0.7284-49588.2084
 -435.6576   -1.1748-60782.1527
 -368.0328   -0.0378-29839.9581
 -558.3333   -1.0147-72324.3305
 -545.1107   -1.0090-76481.1353
 -595.9865   -1.0313-80252.0073
 -577.5167   -1.0272-78299.5278
 -603.0115   -1.0486-79494.8772
 -536.4679   -1.3385-83057.1828
 -380.6202   -1.5761-63939.3838
 -487.9964   -1.6929-74452.7693
 -492.2164   -2.0354-77476.1977
 -483.0457   -1.7036-74331.8675
 -461.0062   -1.5331-68683.9650
 -428.6732   -1.9582-73565.0149
 -420.3458   -1.7501-70958.0370
 -185.7397   -1.9998-39188.2443
 -307.5914   -2.9333-68673.8814
 -248.0791   -0.3369-41639.4837
 -330.4220   -1.6093-58954.7196
 -261.1897   -2.5356-54113.5267
 -374.3907   -2.1313-72005.0906
 -442.1932   -1.6426-73645.0393
 -325.5454   -2.2577-65492.6760
 -407.4563   -1.7142-79298.8675
 -280.7768   -2.0890-55835.4428
 -345.4445   -2.2639-66935.4850
 -337.8766   -1.7123-65225.4544
 -380.5099   -0.6146-47362.4095
 -423.7886   -1.3121-68132.9194
 -412.9137   -0.7221-59055.9302
 -389.7163   -1.2975-60315.7332
 -243.9299   -1.5816-43427.1956
 -418.8166   -1.1219-61444.5239
 -463.1094   -1.4660-81856.9346
 -260.4919   -1.9421-59060.6871
 -461.1271   -1.5697-75813.0466
 -434.9195   -1.9723-80545.7853
 -411.2741   -1.7072-85333.3874
 -593.8157   -1.0758-82484.6477
 -331.6431   -1.2261-62332.4475
 -461.8788   -1.5726-80820.6379
 -386.3988   -1.9098-76223.9832
 -458.6168   -1.3865-78606.8274
 -386.1546   -1.7969-73308.3934
 -420.6757   -1.8963-83069.8760
 -256.3444   -2.2542-53258.3199
 -343.7864   -1.8975-72697.8828
 -317.0968   -1.9236-66141.3310
 -405.5608   -1.9380-81223.2023
 -579.2708   -1.0437-87100.5169
 -297.2664   -2.2664-61771.9743
 -230.0024   -1.7750-53153.7094
 -296.3126   -0.8946-60049.3899
 -625.1337   -1.1253-94708.7918
 -559.4404   -1.5604-98460.5528
 -350.2734   -2.6724-74202.1381
 -483.8073   -1.5770-91455.1658
 -333.6048   -1.8340-67470.0844
 -401.3639   -1.5176-75081.6898
 -339.8147   -1.1731-68370.6235
 -619.8270   -1.3159-92324.8900
 -456.6095   -1.0320-73399.8497
 -527.1160   -1.2052-80673.3135
 -182.0132   -2.1459-33836.3245
 -299.4935   -1.9115-62779.5207
 -342.4831   -1.8084-73190.6083
 -292.5484   -2.1003-64376.6034
 -284.1961   -2.0337-60695.8700
 -418.6794   -1.5121-75788.0791
 -272.5130   -1.9527-60034.6655
 -324.9663   -1.9969-65021.8788
 -361.4059   -2.0913-69395.5054
 -310.1195   -1.9192-61302.0228
 -321.0298   -2.0199-62665.9535
 -408.2643   -1.5818-76317.7672
 -398.2560   -1.9114-74552.8783
 -437.9660   -1.8110-79745.2693
 -402.9772   -1.8842-75747.1961
 -367.7646   -1.7661-65605.9795
 -392.9406   -1.8913-69484.2021
 -317.1051   -2.1952-63761.7220
 -355.6015   -1.8014-64450.3268
 -438.2688   -2.1205-87348.6010
 -334.7339   -2.0407-65124.3183
 -514.0293   -1.5443-93643.6527
 -526.1093   -1.9176-98663.7705
 -555.0826   -1.4101-91162.3449
 -653.9760   -1.1215-96005.8355
 -613.3157   -1.3545-102903.8092
 -574.5688   -1.4762-99854.6710
 -596.1996   -1.5851-97568.0584
 -673.8733   -1.3085-96609.9429
 -570.9253   -1.5720-97057.6408
 -453.6160   -1.8559-85374.7271
 -512.3685   -1.7799-93175.9066
 -384.8236   -1.8510-77997.5467
 -536.0149   -1.7113-96497.9814
 -289.9712   -1.9717-66399.4183
 -596.7186   -0.9982-92484.7776
 -390.5278   -0.8869-64360.6166
 -429.9865   -0.7968-68899.7837
 -397.0291   -1.0850-76450.3138
 -413.4216   -1.7276-80202.5821
 -512.4700   -1.6664-92116.8858
 -627.3105   -1.5880-103558.9154
 -459.2870   -1.8760-85164.1567
 -547.6313   -1.6515-94208.2009
 -550.4200   -1.6241-94949.8550
 -532.6634   -1.7350-91855.5702
 -538.4858   -1.7026-93173.0409

 Input data matrix of corresponding Pareto front:
        x1        x2        x3        x4        x5        x6
    0.0000    0.3900    0.1300    0.0700    0.0300    0.3800
    0.0000    0.0000    0.0000    0.0000    0.0000    1.0000
    0.0100    0.3900    0.0000    0.0200    0.0100    0.5700
    0.0000    0.0000    0.0000    0.0200    0.0000    0.9800
    0.3500    0.0000    0.0000    0.0100    0.0000    0.6400
    0.3900    0.0000    0.0000    0.0200    0.0100    0.5800
    0.3900    0.3100    0.0000    0.0000    0.2200    0.0800
    0.3500    0.0000    0.0000    0.0000    0.2100    0.4400
    0.4400    0.0000    0.0000    0.0500    0.1300    0.3800

 Output data matrix of corresponding Pareto front:
        f1        f2        f3
 -492.2164   -2.0354-77476.1977
 -307.5914   -2.9333-68673.8814
 -374.3907   -2.1313-72005.0906
 -350.2734   -2.6724-74202.1381
 -438.2688   -2.1205-87348.6010
 -526.1093   -1.9176-98663.7705
 -673.8733   -1.3085-96609.9429
 -536.0149   -1.7113-96497.9814
 -627.3105   -1.5880-103558.9154

 Input data matrix of Pareto front of final Gaussian process model:
        x1        x2        x3        x4        x5        x6
    0.0000    0.0000    0.0000    0.0000    0.0000    1.0000
    0.4158    0.4195    0.0000    0.0062    0.1584    0.0000
    0.4210    0.0873    0.0000    0.0009    0.1562    0.3346
    0.0190    0.0019    0.0000    0.0042    0.0000    0.9749
    0.0000    0.0000    0.0000    0.0000    0.0000    1.0000
    0.3848    0.0187    0.0000    0.0002    0.1146    0.4817
    0.2457    0.0658    0.0000    0.0025    0.0001    0.6860
    0.4105    0.4175    0.0000    0.0050    0.1558    0.0112
    0.2464    0.0801    0.0000    0.0013    0.0001    0.6721
    0.1091    0.0000    0.0000    0.0000    0.0000    0.8909
    0.3973    0.0071    0.0000    0.0037    0.0994    0.4926
    0.3834    0.0430    0.0000    0.0027    0.1060    0.4649
    0.1436    0.0000    0.0000    0.0000    0.0000    0.8563
    0.3856    0.0667    0.0000    0.0022    0.0169    0.5286
    0.3248    0.0793    0.0000    0.0030    0.0004    0.5925
    0.2503    0.0923    0.0000    0.0027    0.0002    0.6545
    0.1736    0.0014    0.0000    0.0054    0.0000    0.8195
    0.4033    0.4124    0.0000    0.0028    0.1595    0.0220
    0.2524    0.0753    0.0000    0.0022    0.0002    0.6699
    0.3657    0.0756    0.0000    0.0023    0.0017    0.5547
    0.1864    0.0000    0.0000    0.0000    0.0000    0.8136
    0.0424    0.0000    0.0000    0.0007    0.0000    0.9569
    0.3880    0.0122    0.0000    0.0102    0.0197    0.5698
    0.4201    0.0070    0.0000    0.0037    0.0779    0.4913
    0.4162    0.0083    0.0000    0.0036    0.1437    0.4282
    0.2816    0.0866    0.0000    0.0025    0.0002    0.6291
    0.3174    0.0822    0.0000    0.0031    0.0003    0.5971
    0.3970    0.0250    0.0000    0.0034    0.1371    0.4375
    0.2869    0.0861    0.0000    0.0033    0.0002    0.6235
    0.3479    0.0721    0.0000    0.0029    0.0028    0.5743
    0.1034    0.0000    0.0000    0.0031    0.0000    0.8935
    0.3160    0.4349    0.0000    0.0025    0.1188    0.1278
    0.3691    0.4309    0.0000    0.0037    0.1303    0.0660
    0.3920    0.0065    0.0000    0.0188    0.0543    0.5284
    0.4116    0.3096    0.0000    0.0056    0.1557    0.1176
    0.3847    0.3659    0.0000    0.0091    0.1633    0.0770
    0.4084    0.0894    0.0000    0.0022    0.1448    0.3552
    0.3954    0.0335    0.0000    0.0041    0.0630    0.5040
    0.2408    0.0456    0.0000    0.0035    0.0000    0.7101
    0.1271    0.0005    0.0000    0.0036    0.0000    0.8688
    0.1209    0.0003    0.0000    0.0065    0.0004    0.8719
    0.1953    0.0000    0.0000    0.0000    0.0000    0.8047
    0.3666    0.0611    0.0000    0.0031    0.0115    0.5577
    0.1653    0.0000    0.0000    0.0027    0.0000    0.8320
    0.1726    0.0000    0.0000    0.0000    0.0000    0.8274
    0.2641    0.0779    0.0000    0.0029    0.0004    0.6547
    0.3223    0.2762    0.0000    0.0041    0.1335    0.2639
    0.0525    0.0000    0.0000    0.0000    0.0000    0.9475
    0.3813    0.0125    0.0000    0.0304    0.0118    0.5640
    0.0054    0.0000    0.0000    0.0000    0.0000    0.9946
    0.3861    0.0753    0.0000    0.0043    0.1411    0.3932
    0.1358    0.0024    0.0000    0.0038    0.0000    0.8580
    0.3629    0.2711    0.0000    0.0057    0.1064    0.2539
    0.0627    0.0008    0.0000    0.0001    0.0001    0.9363
    0.3975    0.2175    0.0000    0.0000    0.0987    0.2862
    0.1319    0.0009    0.0000    0.0000    0.0000    0.8673
    0.2256    0.0550    0.0000    0.0020    0.0007    0.7166
    0.2948    0.0724    0.0000    0.0030    0.0003    0.6296
    0.2381    0.0753    0.0000    0.0003    0.0001    0.6862
    0.3545    0.0824    0.0000    0.0028    0.0001    0.5603
    0.3477    0.3760    0.0000    0.0037    0.1000    0.1725
    0.2028    0.0897    0.0000    0.0025    0.0000    0.7050
    0.3561    0.1122    0.0000    0.0163    0.1267    0.3888
    0.4118    0.3511    0.0000    0.0034    0.1725    0.0612
    0.3232    0.3900    0.0000    0.0027    0.1353    0.1488
    0.1494    0.0073    0.0000    0.0031    0.0000    0.8402
    0.0628    0.0011    0.0000    0.0070    0.0000    0.9291
    0.2750    0.0782    0.0000    0.0025    0.0002    0.6441
    0.0981    0.0000    0.0000    0.0029    0.0000    0.8990
    0.1602    0.0000    0.0000    0.0027    0.0000    0.8370
    0.3482    0.0454    0.0000    0.0038    0.0003    0.6022
    0.4000    0.0066    0.0000    0.0309    0.0221    0.5404
    0.1817    0.0000    0.0000    0.0000    0.0000    0.8182
    0.2332    0.0850    0.0000    0.0025    0.0002    0.6791
    0.3785    0.0519    0.0000    0.0037    0.1180    0.4479
    0.3832    0.1306    0.0000    0.0030    0.1121    0.3713
    0.1797    0.0602    0.0000    0.0017    0.0002    0.7583
    0.2049    0.0009    0.0000    0.0000    0.0000    0.7941
    0.2762    0.0881    0.0000    0.0032    0.0002    0.6323
    0.3306    0.0745    0.0000    0.0034    0.0003    0.5912
    0.0737    0.0002    0.0000    0.0000    0.0002    0.9259
    0.1650    0.0096    0.0000    0.0028    0.0000    0.8225
    0.4001    0.3978    0.0000    0.0024    0.1649    0.0348
    0.4249    0.1020    0.0000    0.0038    0.1489    0.3205
    0.2311    0.0000    0.0000    0.0029    0.0000    0.7660
    0.3390    0.3446    0.0000    0.0029    0.0991    0.2145
    0.2293    0.0768    0.0000    0.0015    0.0001    0.6922
    0.4180    0.0394    0.0000    0.0055    0.0000    0.5371
    0.1201    0.0007    0.0000    0.0000    0.0001    0.8791
    0.3919    0.0737    0.0000    0.0041    0.1445    0.3858
    0.3573    0.1893    0.0000    0.0027    0.1045    0.3462
    0.0775    0.0000    0.0000    0.0048    0.0001    0.9176
    0.2982    0.0377    0.0000    0.0352    0.0000    0.6290
    0.4135    0.0046    0.0000    0.0025    0.0139    0.5655
    0.3356    0.3303    0.0000    0.0038    0.1355    0.1948
    0.2982    0.0896    0.0000    0.0034    0.0001    0.6087
    0.3755    0.0288    0.0000    0.0051    0.1312    0.4594
    0.2019    0.0009    0.0000    0.0000    0.0000    0.7972
    0.2595    0.0798    0.0000    0.0023    0.0003    0.6581
    0.3143    0.0402    0.0000    0.0036    0.0003    0.6416
    0.3963    0.0093    0.0000    0.0024    0.0500    0.5420
    0.3479    0.3612    0.0000    0.0044    0.1453    0.1411
    0.2722    0.0828    0.0000    0.0014    0.0001    0.6435
    0.2255    0.0402    0.0000    0.0044    0.0003    0.7296
    0.3974    0.0065    0.0000    0.0191    0.0414    0.5356
    0.0277    0.0000    0.0000    0.0036    0.0000    0.9687
    0.2322    0.0538    0.0000    0.0038    0.0005    0.7097
    0.3775    0.3411    0.0000    0.0084    0.1414    0.1316
    0.2670    0.0868    0.0000    0.0014    0.0001    0.6447
    0.1550    0.0006    0.0000    0.0022    0.0001    0.8421
    0.4009    0.0194    0.0000    0.0047    0.0732    0.5018
    0.0598    0.0000    0.0000    0.0000    0.0000    0.9402
    0.2238    0.0674    0.0000    0.0050    0.0003    0.7035
    0.3431    0.3715    0.0000    0.0042    0.1686    0.1126
    0.4309    0.0000    0.0000    0.0045    0.1524    0.4122
    0.0149    0.0000    0.0000    0.0000    0.0000    0.9851
    0.0836    0.0000    0.0000    0.0035    0.0000    0.9129
    0.3790    0.0000    0.0000    0.0045    0.0000    0.6164
    0.4024    0.0414    0.0000    0.0033    0.1389    0.4140
    0.3345    0.0793    0.0000    0.0023    0.0002    0.5838
    0.2170    0.0559    0.0000    0.0033    0.0007    0.7231
    0.4338    0.0177    0.0000    0.0039    0.0946    0.4499
    0.1347    0.0019    0.0000    0.0024    0.0000    0.8610
    0.1657    0.1243    0.0000    0.0033    0.0000    0.7068
    0.2655    0.0863    0.0000    0.0016    0.0002    0.6464
    0.3460    0.3150    0.0000    0.0030    0.1172    0.2189
    0.3842    0.0977    0.0000    0.0038    0.1468    0.3675
    0.3638    0.3017    0.0000    0.0024    0.1134    0.2188
    0.3494    0.3102    0.0000    0.0058    0.1287    0.2059
    0.2111    0.0000    0.0000    0.0036    0.0003    0.7849
    0.4095    0.2648    0.0000    0.0034    0.1563    0.1659
    0.0092    0.0007    0.0000    0.0041    0.0001    0.9859
    0.0379    0.0000    0.0000    0.0000    0.0000    0.9621
    0.3782    0.3057    0.0000    0.0048    0.1580    0.1534
    0.4190    0.0433    0.0000    0.0059    0.0375    0.4943
    0.4376    0.1211    0.0000    0.0069    0.1283    0.3061
    0.3749    0.3253    0.0000    0.0040    0.1756    0.1202
    0.3792    0.0131    0.0000    0.0044    0.0000    0.6032
    0.3749    0.1809    0.0000    0.0020    0.1303    0.3118
    0.2096    0.0920    0.0000    0.0028    0.0001    0.6954
    0.1166    0.0010    0.0000    0.0000    0.0000    0.8824
    0.0916    0.0020    0.0000    0.0032    0.0004    0.9028
    0.3919    0.2596    0.0000    0.0043    0.1412    0.2030
    0.3854    0.3722    0.0000    0.0021    0.1017    0.1386
    0.0899    0.0000    0.0000    0.0002    0.0000    0.9099
    0.4271    0.0462    0.0000    0.0039    0.1492    0.3736
    0.1910    0.0000    0.0000    0.0000    0.0000    0.8089
    0.1166    0.0010    0.0000    0.0000    0.0000    0.8824
    0.3861    0.1299    0.0000    0.0056    0.1455    0.3329
    0.3828    0.2755    0.0000    0.0062    0.1515    0.1840
    0.0549    0.0000    0.0000    0.0000    0.0000    0.9451
    0.1813    0.0000    0.0000    0.0031    0.0000    0.8156
    0.3644    0.2534    0.0000    0.0013    0.1270    0.2539
    0.1878    0.0982    0.0000    0.0036    0.0003    0.7100
    0.4108    0.0098    0.0000    0.0009    0.0529    0.5256
    0.2131    0.0444    0.0000    0.0020    0.0000    0.7405
    0.1476    0.0010    0.0000    0.0034    0.0000    0.8480
    0.2785    0.0864    0.0000    0.0025    0.0002    0.6324
    0.4051    0.4028    0.0000    0.0079    0.1489    0.0352
    0.4335    0.0899    0.0000    0.0020    0.1302    0.3445
    0.1481    0.0010    0.0000    0.0000    0.0000    0.8509
    0.0968    0.0003    0.0000    0.0000    0.0003    0.9026
    0.3657    0.4121    0.0000    0.0049    0.1256    0.0916
    0.3105    0.0803    0.0000    0.0025    0.0001    0.6067
    0.3161    0.0637    0.0000    0.0025    0.0001    0.6176
    0.3920    0.0608    0.0000    0.0009    0.1399    0.4065
    0.3034    0.0859    0.0000    0.0025    0.0002    0.6080
    0.3819    0.0760    0.0000    0.0037    0.0003    0.5381
    0.4061    0.0865    0.0000    0.0039    0.0940    0.4095
    0.3895    0.3690    0.0000    0.0032    0.1740    0.0643
    0.3159    0.0477    0.0000    0.0040    0.0004    0.6320
    0.2022    0.0735    0.0000    0.0026    0.0001    0.7215
    0.0239    0.0005    0.0000    0.0000    0.0000    0.9756
    0.4033    0.0622    0.0000    0.0009    0.1181    0.4156
    0.2160    0.0013    0.0000    0.0052    0.0000    0.7775
    0.3935    0.0606    0.0000    0.0009    0.1395    0.4055
    0.2304    0.0539    0.0000    0.0041    0.0005    0.7110
    0.0794    0.0018    0.0000    0.0039    0.0000    0.9149
    0.3501    0.3384    0.0000    0.0029    0.1498    0.1589
    0.0341    0.0000    0.0000    0.0000    0.0000    0.9659
    0.4127    0.0027    0.0000    0.0075    0.1377    0.4393
    0.3541    0.3200    0.0000    0.0056    0.1033    0.2171
    0.1909    0.0007    0.0000    0.0000    0.0000    0.8084
    0.2624    0.0707    0.0000    0.0053    0.0003    0.6614
    0.3499    0.0368    0.0000    0.0024    0.0002    0.6107
    0.1895    0.0858    0.0000    0.0025    0.0003    0.7219
    0.3181    0.0697    0.0000    0.0045    0.0003    0.6073
    0.3798    0.3728    0.0000    0.0036    0.1788    0.0650
    0.1717    0.1221    0.0000    0.0034    0.0000    0.7028
    0.3633    0.0498    0.0000    0.0119    0.0028    0.5722
    0.3800    0.1315    0.0000    0.0044    0.1472    0.3369
    0.4091    0.0000    0.0000    0.0043    0.0652    0.5214
    0.4306    0.0000    0.0000    0.0045    0.0686    0.4963
    0.1830    0.0809    0.0000    0.0023    0.0000    0.7338
    0.3977    0.2674    0.0000    0.0045    0.1408    0.1896
    0.3726    0.1172    0.0000    0.0044    0.1273    0.3785
    0.3620    0.2477    0.0000    0.0437    0.1333    0.2134
    0.0875    0.0000    0.0000    0.0027    0.0000    0.9097
    0.4029    0.1001    0.0000    0.0023    0.1505    0.3442
    0.1584    0.0000    0.0000    0.0000    0.0000    0.8416

 Output data matrix of Pareto front of final Gaussian process model:
        f1        f2        f3
 -284.7022   -2.7771-62181.4499
 -641.6208   -1.0062-87870.2211
 -555.6397   -1.4418-95633.8923
 -285.0897   -2.6803-61908.7269
 -284.7022   -2.7771-62181.4499
 -503.5870   -1.7750-92671.7722
 -372.5939   -2.0283-76322.9565
 -640.7366   -1.0350-88220.8847
 -375.5989   -2.0244-76818.9419
 -300.6477   -2.3438-63741.6898
 -497.8642   -1.7990-92293.9398
 -507.9799   -1.7541-92756.9425
 -312.4006   -2.2364-65534.9735
 -462.3717   -1.8872-87340.8938
 -423.9335   -1.9548-83319.7924
 -380.7888   -2.0156-77605.7451
 -325.4507   -2.1521-67719.6549
 -639.8988   -1.0588-88596.0492
 -378.5501   -2.0189-77269.4470
 -445.8646   -1.9217-85667.0363
 -330.7104   -2.1367-68611.1181
 -286.9936   -2.6020-62091.5258
 -450.9222   -1.9082-87042.3919
 -494.6008   -1.8088-91934.3769
 -522.4533   -1.6692-94594.2280
 -399.1510   -1.9883-80198.4781
 -420.1957   -1.9598-82858.4889
 -520.4493   -1.6892-94179.7663
 -402.4830   -1.9836-80639.5661
 -436.4756   -1.9365-84760.5295
 -299.1496   -2.3539-63488.1239
 -599.3242   -1.2824-88395.6821
 -626.6913   -1.1713-88810.1476
 -473.1483   -1.8646-89456.9598
 -623.6019   -1.1456-91438.6687
 -631.0145   -1.1317-90007.1214
 -550.4894   -1.4978-95480.5661
 -485.8916   -1.8329-90477.3812
 -366.1542   -2.0380-75188.3354
 -306.6233   -2.2744-64597.8955
 -304.7520   -2.2844-64258.8266
 -334.9369   -2.1202-69348.0512
 -448.5689   -1.9154-86106.1564
 -321.4297   -2.1764-67022.1597
 -324.3950   -2.1651-67524.8675
 -386.5027   -2.0062-78458.3073
 -573.2613   -1.3791-92873.7217
 -288.2470   -2.5628-62206.4137
 -446.8001   -1.9163-86467.3667
 -284.7312   -2.7561-62131.2999
 -536.7741   -1.5891-94790.1577
 -309.8361   -2.2453-65100.2030
 -577.6100   -1.3667-92815.2806
 -289.8204   -2.5179-62336.3826
 -570.2693   -1.4031-93674.3528
 -308.0969   -2.2689-64854.7585
 -359.0337   -2.0527-73988.4542
 -404.1939   -1.9808-80948.9552
 -369.5212   -2.0351-75840.7236
