
 TSEMO log file created on 27-Feb-2020 

 This file shows the initial specifications of TSEMO and logs the output.
 ¯¯¯¯¯¯¯¯¯¯¯¯¯¯¯¯¯¯¯¯¯¯¯¯¯¯¯¯¯¯¯¯¯¯¯¯¯¯¯¯¯¯¯¯¯¯¯¯¯¯¯¯¯¯¯¯¯¯¯¯¯¯¯¯¯¯¯¯¯¯¯¯¯¯¯¯¯¯¯¯¯¯¯¯¯¯¯¯¯¯¯¯¯¯¯¯¯¯¯¯¯¯
 License information 

 BSD 2-Clause License 

 Copyright (c) 2017, Eric Bradford, Artur M. Schweidtmann and Alexei Lapkin
 All rights reserved. 

 Redistribution and use in source and binary forms, with or without
 modification, are permitted provided that the following conditions are met: 

 *Redistributions of source code must retain the above copyright notice, this   
  list of conditions and the following disclaimer. 

 *Redistributions in binary form must reproduce the above copyright notice,   
  this list of conditions and the following disclaimer in the documentation   
  and/or other materials provided with the distribution. 

 Modified by Mina Konakovic Lukovic 2019. 

 ¯¯¯¯¯¯¯¯¯¯¯¯¯¯¯¯¯¯¯¯¯¯¯¯¯¯¯¯¯¯¯¯¯¯¯¯¯¯¯¯¯¯¯¯¯¯¯¯¯¯¯¯¯¯¯¯¯¯¯¯¯¯¯¯¯¯¯¯¯¯¯¯¯¯¯¯¯¯¯¯¯¯¯¯¯¯¯¯¯¯¯¯¯¯¯¯¯¯¯¯¯¯
 Problem specifications 

 Function used:   consta 

 Number of inputs:   6
 Number of outputs:  3 

 Lower bounds of decision variables:
      x1      x2      x3      x4      x5      x6
  0.0000  0.0000  0.0000  0.0000  0.0000  0.0000
 
 Upper bounds of decision variables:
      x1      x2      x3      x4      x5      x6
  1.0000  1.0000  0.5000  1.0000  1.0000  1.0000
 ¯¯¯¯¯¯¯¯¯¯¯¯¯¯¯¯¯¯¯¯¯¯¯¯¯¯¯¯¯¯¯¯¯¯¯¯¯¯¯¯¯¯¯¯¯¯¯¯¯¯¯¯¯¯¯¯¯¯¯¯¯¯¯¯¯¯¯¯¯¯¯¯¯¯¯¯¯¯¯¯¯¯¯¯¯¯¯¯¯¯¯¯¯¯¯¯¯¯¯¯¯¯
 Algorithm options 

 Maximum number of function evaluations:  4
 Sample batch size:                       4
 Number of algorithm iterations:          1 

 Genetic algorithm population size:        200
 Genetic algorithm number of generations:  200 

                                               f1      f2      f3
 Number of spectral sampling points:         4000    4000    4000
 Type of matern function:                       5       5       5
 Direct evaluations per input dimension:      200     200     200
 ¯¯¯¯¯¯¯¯¯¯¯¯¯¯¯¯¯¯¯¯¯¯¯¯¯¯¯¯¯¯¯¯¯¯¯¯¯¯¯¯¯¯¯¯¯¯¯¯¯¯¯¯¯¯¯¯¯¯¯¯¯¯¯¯¯¯¯¯¯¯¯¯¯¯¯¯¯¯¯¯¯¯¯¯¯¯¯¯¯¯¯¯¯¯¯¯¯¯¯¯¯¯
 Initial data set 

 Number of initial data points:  123 

 Initial input data matrix:
      x1      x2      x3      x4      x5      x6
  0.3200  0.1300  0.0500  0.2100  0.0400  0.2500
  0.0000  0.1800  0.2100  0.2800  0.2000  0.1300
  0.0000  0.0200  0.3800  0.0400  0.2900  0.2700
  0.1900  0.3000  0.1000  0.0600  0.0700  0.2800
  0.0800  0.1600  0.1400  0.0400  0.1900  0.3900
  0.3400  0.0600  0.2300  0.1600  0.1900  0.0200
  0.1400  0.1000  0.0700  0.2000  0.2700  0.2200
  0.0700  0.0700  0.3200  0.2100  0.0300  0.3000
  0.0200  0.0100  0.2700  0.1300  0.4900  0.0800
  0.0900  0.3200  0.0300  0.1300  0.3700  0.0600
  0.0800  0.2100  0.0200  0.0000  0.6100  0.0800
  0.0900  0.3200  0.0400  0.2100  0.1700  0.1700
  0.1400  0.3000  0.0700  0.1000  0.2500  0.1400
  0.0400  0.1700  0.0700  0.2200  0.2400  0.2600
  0.1700  0.1500  0.2800  0.2900  0.0000  0.1100
  0.1000  0.1400  0.1400  0.2600  0.2700  0.0900
  1.0000  0.0000  0.0000  0.0000  0.0000  0.0000
  0.0000  1.0000  0.0000  0.0000  0.0000  0.0000
  0.0000  0.0000  0.0000  1.0000  0.0000  0.0000
  0.6000  0.4000  0.0000  0.0000  0.0000  0.0000
  0.5500  0.4500  0.0000  0.0000  0.0000  0.0000
  0.5000  0.5000  0.0000  0.0000  0.0000  0.0000
  0.4500  0.5500  0.0000  0.0000  0.0000  0.0000
  0.4000  0.6000  0.0000  0.0000  0.0000  0.0000
  0.2700  0.4400  0.0900  0.0400  0.0800  0.0800
  0.0400  0.1900  0.3600  0.2000  0.1200  0.0900
  0.0000  0.5900  0.0000  0.0800  0.0800  0.2500
  0.0000  0.3900  0.1300  0.0700  0.0300  0.3800
  0.0100  0.5100  0.0000  0.1000  0.0200  0.3600
  0.0100  0.6200  0.0100  0.0300  0.1000  0.2300
  0.0600  0.3000  0.4100  0.0100  0.0100  0.2100
  0.0800  0.3200  0.5000  0.0700  0.0200  0.0100
  0.1500  0.2800  0.2500  0.0100  0.0600  0.2500
  0.0000  0.0000  0.0000  0.0000  0.0000  1.0000
  0.0000  0.0000  0.0000  0.0000  1.0000  0.0000
  0.0200  0.1100  0.0000  0.5000  0.0300  0.3400
  0.0100  0.1900  0.0000  0.0000  0.0000  0.8000
  0.0100  0.3900  0.0000  0.0200  0.0100  0.5700
  0.1800  0.1200  0.0000  0.3600  0.0000  0.3400
  0.0100  0.0000  0.1300  0.2500  0.0000  0.6100
  0.3200  0.0000  0.1200  0.0100  0.0000  0.5500
  0.0100  0.1500  0.1000  0.2100  0.0000  0.5300
  0.0100  0.0000  0.1500  0.2500  0.0000  0.5900
  0.1500  0.4500  0.0400  0.0300  0.0100  0.3200
  0.0500  0.3200  0.0000  0.5700  0.0600  0.0000
  0.3100  0.5200  0.0000  0.0800  0.0200  0.0700
  0.1500  0.0400  0.1300  0.6700  0.0100  0.0000
  0.0000  0.2100  0.2000  0.5800  0.0100  0.0000
  0.0000  0.0100  0.2800  0.6700  0.0100  0.0300
  0.0100  0.2800  0.1100  0.4600  0.1100  0.0300
  0.4900  0.0600  0.0000  0.1400  0.0200  0.2900
  0.1400  0.0000  0.0700  0.0100  0.0100  0.7700
  0.0300  0.5800  0.1800  0.0400  0.1000  0.0700
  0.0000  0.3100  0.0100  0.0200  0.1500  0.5100
  0.2500  0.0100  0.0100  0.0400  0.1300  0.5600
  0.2900  0.4500  0.0600  0.0800  0.1200  0.0000
  0.0200  0.0100  0.1600  0.0100  0.5000  0.3000
  0.0200  0.2400  0.0000  0.0300  0.2600  0.4500
  0.0000  0.0100  0.0000  0.0100  0.2700  0.7100
  0.0900  0.0200  0.0000  0.0600  0.4000  0.4300
  0.0000  0.1600  0.0000  0.0000  0.2500  0.5900
  0.3200  0.0900  0.0200  0.0100  0.0100  0.5500
  0.0000  0.0800  0.1300  0.0000  0.1100  0.6800
  0.3900  0.0100  0.0300  0.0000  0.0000  0.5700
  0.2600  0.1800  0.0200  0.0100  0.0100  0.5200
  0.2000  0.1600  0.0000  0.0000  0.0000  0.6400
  0.5100  0.3100  0.0700  0.0100  0.0100  0.0900
  0.1400  0.1700  0.0200  0.0000  0.0000  0.6700
  0.0000  0.0300  0.0200  0.2100  0.3200  0.4200
  0.5700  0.0000  0.1100  0.0100  0.1000  0.2100
  0.5100  0.2500  0.1000  0.0200  0.1200  0.0000
  0.5100  0.0100  0.0700  0.0200  0.1100  0.2800
  0.0000  0.0000  0.0000  0.0200  0.0000  0.9800
  0.6000  0.0000  0.0300  0.0000  0.0200  0.3500
  0.3400  0.0000  0.1100  0.0100  0.0600  0.4800
  0.4400  0.1100  0.1100  0.0000  0.0600  0.2800
  0.6600  0.0000  0.0800  0.0000  0.0000  0.2600
  0.3700  0.4700  0.1000  0.0000  0.0600  0.0000
  0.4400  0.3000  0.0900  0.0400  0.1300  0.0000
  0.2700  0.6100  0.1200  0.0000  0.0000  0.0000
  0.0100  0.0000  0.0000  0.0200  0.0800  0.8900
  0.2100  0.1100  0.0600  0.0000  0.1400  0.4800
  0.5200  0.0100  0.0100  0.0000  0.0000  0.4600
  0.0000  0.3800  0.0100  0.0000  0.0000  0.6100
  0.0000  0.3100  0.0100  0.0000  0.0000  0.6800
  0.3200  0.3400  0.0200  0.0000  0.0100  0.3100
  0.0100  0.4100  0.0000  0.0000  0.0100  0.5700
  0.0000  0.4100  0.0000  0.1300  0.0000  0.4600
  0.0000  0.1800  0.0000  0.2600  0.0100  0.5500
  0.0400  0.4500  0.0000  0.0700  0.0100  0.4300
  0.0000  0.2500  0.0000  0.2500  0.0000  0.5000
  0.3600  0.2000  0.0200  0.0800  0.0000  0.3400
  0.2100  0.0000  0.0000  0.3300  0.0100  0.4500
  0.2500  0.0000  0.0000  0.3100  0.0100  0.4300
  0.1900  0.0000  0.0000  0.3200  0.0100  0.4800
  0.0000  0.6300  0.1000  0.0000  0.0000  0.2700
  0.0000  0.6600  0.0900  0.0000  0.0000  0.2500
  0.0000  0.3300  0.1100  0.0100  0.0000  0.5500
  0.0000  0.6800  0.0900  0.0000  0.0100  0.2200
  0.3500  0.0000  0.0000  0.0100  0.0000  0.6400
  0.0100  0.0000  0.0000  0.3600  0.0000  0.6300
  0.4800  0.0000  0.0100  0.0000  0.1200  0.3900
  0.3900  0.0000  0.0000  0.0200  0.0100  0.5800
  0.4000  0.1700  0.0000  0.0000  0.1200  0.3100
  0.4400  0.2700  0.0000  0.0000  0.1700  0.1200
  0.3400  0.1400  0.0000  0.0000  0.1300  0.3900
  0.3300  0.1200  0.0000  0.0000  0.1300  0.4200
  0.3900  0.0000  0.0000  0.0000  0.2200  0.3900
  0.3900  0.3100  0.0000  0.0000  0.2200  0.0800
  0.4100  0.0000  0.0000  0.0000  0.2500  0.3400
  0.3500  0.0000  0.0000  0.0000  0.2000  0.4500
  0.3300  0.0000  0.0000  0.0000  0.2100  0.4600
  0.3100  0.0000  0.0000  0.0000  0.2000  0.4900
  0.3500  0.0000  0.0000  0.0000  0.2100  0.4400
  0.2000  0.0000  0.0000  0.0000  0.0100  0.7900
  0.5000  0.0000  0.0000  0.0000  0.3000  0.2000
  0.5300  0.0600  0.0000  0.0000  0.3200  0.0900
  0.5300  0.0000  0.0000  0.0000  0.3300  0.1400
  0.4200  0.0000  0.0000  0.0000  0.2700  0.3100
  0.4200  0.0100  0.0000  0.0000  0.1400  0.4300
  0.3900  0.0000  0.0000  0.0000  0.1300  0.4800
  0.4400  0.0000  0.0000  0.0500  0.1300  0.3800
  0.2800  0.0000  0.0000  0.1100  0.0800  0.5300

 Initial output data matrix:
      f1      f2      f3
-477.3645 -1.2974-78049.1925
-454.7535 -1.3662-68112.8155
-279.9044 -2.1133-51731.0693
-469.5247 -1.7578-77876.9026
-440.0426 -1.9634-76654.9118
-365.6047 -1.2303-62118.0243
-410.9856 -1.1190-66049.6554
-136.1656 -0.8962-22268.5639
-369.0088 -1.3142-61644.3643
-533.9811 -0.8968-68784.7611
-442.6768 -0.7257-59416.2131
-507.4257 -0.9822-66650.9629
-443.6008 -1.1184-65323.0907
-489.5899 -1.3294-72483.9913
-359.3333 -1.7335-60280.1487
-485.2462 -0.8865-66192.4108
-228.9585 -0.7284-49588.2084
-435.6576 -1.1748-60782.1527
-368.0328 -0.0378-29839.9581
-558.3333 -1.0147-72324.3305
-545.1107 -1.0090-76481.1353
-595.9865 -1.0313-80252.0073
-577.5167 -1.0272-78299.5278
-603.0115 -1.0486-79494.8772
-536.4679 -1.3385-83057.1828
-380.6202 -1.5761-63939.3838
-487.9964 -1.6929-74452.7693
-492.2164 -2.0354-77476.1977
-483.0457 -1.7036-74331.8675
-461.0062 -1.5331-68683.9650
-428.6732 -1.9582-73565.0149
-420.3458 -1.7501-70958.0370
-185.7397 -1.9998-39188.2443
-307.5914 -2.9333-68673.8814
-248.0791 -0.3369-41639.4837
-330.4220 -1.6093-58954.7196
-261.1897 -2.5356-54113.5267
-374.3907 -2.1313-72005.0906
-442.1932 -1.6426-73645.0393
-325.5454 -2.2577-65492.6760
-407.4563 -1.7142-79298.8675
-280.7768 -2.0890-55835.4428
-345.4445 -2.2639-66935.4850
-337.8766 -1.7123-65225.4544
-380.5099 -0.6146-47362.4095
-423.7886 -1.3121-68132.9194
-412.9137 -0.7221-59055.9302
-389.7163 -1.2975-60315.7332
-243.9299 -1.5816-43427.1956
-418.8166 -1.1219-61444.5239
-463.1094 -1.4660-81856.9346
-260.4919 -1.9421-59060.6871
-461.1271 -1.5697-75813.0466
-434.9195 -1.9723-80545.7853
-411.2741 -1.7072-85333.3874
-593.8157 -1.0758-82484.6477
-331.6431 -1.2261-62332.4475
-461.8788 -1.5726-80820.6379
-386.3988 -1.9098-76223.9832
-458.6168 -1.3865-78606.8274
-386.1546 -1.7969-73308.3934
-420.6757 -1.8963-83069.8760
-256.3444 -2.2542-53258.3199
-343.7864 -1.8975-72697.8828
-317.0968 -1.9236-66141.3310
-405.5608 -1.9380-81223.2023
-579.2708 -1.0437-87100.5169
-297.2664 -2.2664-61771.9743
-230.0024 -1.7750-53153.7094
-296.3126 -0.8946-60049.3899
-625.1337 -1.1253-94708.7918
-559.4404 -1.5604-98460.5528
-350.2734 -2.6724-74202.1381
-483.8073 -1.5770-91455.1658
-333.6048 -1.8340-67470.0844
-401.3639 -1.5176-75081.6898
-339.8147 -1.1731-68370.6235
-619.8270 -1.3159-92324.8900
-456.6095 -1.0320-73399.8497
-527.1160 -1.2052-80673.3135
-182.0132 -2.1459-33836.3245
-299.4935 -1.9115-62779.5207
-342.4831 -1.8084-73190.6083
-292.5484 -2.1003-64376.6034
-284.1961 -2.0337-60695.8700
-418.6794 -1.5121-75788.0791
-272.5130 -1.9527-60034.6655
-324.9663 -1.9969-65021.8788
-361.4059 -2.0913-69395.5054
-310.1195 -1.9192-61302.0228
-321.0298 -2.0199-62665.9535
-408.2643 -1.5818-76317.7672
-398.2560 -1.9114-74552.8783
-437.9660 -1.8110-79745.2693
-402.9772 -1.8842-75747.1961
-367.7646 -1.7661-65605.9795
-392.9406 -1.8913-69484.2021
-317.1051 -2.1952-63761.7220
-355.6015 -1.8014-64450.3268
-438.2688 -2.1205-87348.6010
-334.7339 -2.0407-65124.3183
-514.0293 -1.5443-93643.6527
-526.1093 -1.9176-98663.7705
-555.0826 -1.4101-91162.3449
-653.9760 -1.1215-96005.8355
-613.3157 -1.3545-102903.8092
-574.5688 -1.4762-99854.6710
-596.1996 -1.5851-97568.0584
-673.8733 -1.3085-96609.9429
-570.9253 -1.5720-97057.6408
-453.6160 -1.8559-85374.7271
-512.3685 -1.7799-93175.9066
-384.8236 -1.8510-77997.5467
-536.0149 -1.7113-96497.9814
-289.9712 -1.9717-66399.4183
-596.7186 -0.9982-92484.7776
-390.5278 -0.8869-64360.6166
-429.9865 -0.7968-68899.7837
-397.0291 -1.0850-76450.3138
-413.4216 -1.7276-80202.5821
-512.4700 -1.6664-92116.8858
-627.3105 -1.5880-103558.9154
-459.2870 -1.8760-85164.1567

 ¯¯¯¯¯¯¯¯¯¯¯¯¯¯¯¯¯¯¯¯¯¯¯¯¯¯¯¯¯¯¯¯¯¯¯¯¯¯¯¯¯¯¯¯¯¯¯¯¯¯¯¯¯¯¯¯¯¯¯¯¯¯¯¯¯¯¯¯¯¯¯¯¯¯¯¯¯¯¯¯¯¯¯¯¯¯¯¯¯¯¯¯¯¯¯¯¯¯¯¯¯¯
 Algorithm iteration 1 

 Predicted hypervolume improvement:    0.0020
 Time taken:   43.9407 

 Proposed evaluation point(s): 
      x1      x2      x3      x4      x5      x6
  0.4900  0.0100  0.0000  0.0100  0.1000  0.3900
  0.0000  0.0000  0.0000  0.7200  0.2800  0.0000
  0.0000  0.0000  0.0000  0.7200  0.2800  0.0000
  0.0000  0.0000  0.0000  0.7200  0.2800  0.0000

 Corresponding observation(s): 
      f1      f2      f3
-497.3604 -1.6141-98993.6693
-449.3829 -0.0425-66923.5674
-449.3829 -0.0425-66923.5674
-449.3829 -0.0425-66923.5674

 ¯¯¯¯¯¯¯¯¯¯¯¯¯¯¯¯¯¯¯¯¯¯¯¯¯¯¯¯¯¯¯¯¯¯¯¯¯¯¯¯¯¯¯¯¯¯¯¯¯¯¯¯¯¯¯¯¯¯¯¯¯¯¯¯¯¯¯¯¯¯¯¯¯¯¯¯¯¯¯¯¯¯¯¯¯¯¯¯¯¯¯¯¯¯¯¯¯¯¯¯¯¯
 Final algorithm output 

 Final input data matrix:
        x1        x2        x3        x4        x5        x6
    0.3200    0.1300    0.0500    0.2100    0.0400    0.2500
    0.0000    0.1800    0.2100    0.2800    0.2000    0.1300
    0.0000    0.0200    0.3800    0.0400    0.2900    0.2700
    0.1900    0.3000    0.1000    0.0600    0.0700    0.2800
    0.0800    0.1600    0.1400    0.0400    0.1900    0.3900
    0.3400    0.0600    0.2300    0.1600    0.1900    0.0200
    0.1400    0.1000    0.0700    0.2000    0.2700    0.2200
    0.0700    0.0700    0.3200    0.2100    0.0300    0.3000
    0.0200    0.0100    0.2700    0.1300    0.4900    0.0800
    0.0900    0.3200    0.0300    0.1300    0.3700    0.0600
    0.0800    0.2100    0.0200    0.0000    0.6100    0.0800
    0.0900    0.3200    0.0400    0.2100    0.1700    0.1700
    0.1400    0.3000    0.0700    0.1000    0.2500    0.1400
    0.0400    0.1700    0.0700    0.2200    0.2400    0.2600
    0.1700    0.1500    0.2800    0.2900    0.0000    0.1100
    0.1000    0.1400    0.1400    0.2600    0.2700    0.0900
    1.0000    0.0000    0.0000    0.0000    0.0000    0.0000
    0.0000    1.0000    0.0000    0.0000    0.0000    0.0000
    0.0000    0.0000    0.0000    1.0000    0.0000    0.0000
    0.6000    0.4000    0.0000    0.0000    0.0000    0.0000
    0.5500    0.4500    0.0000    0.0000    0.0000    0.0000
    0.5000    0.5000    0.0000    0.0000    0.0000    0.0000
    0.4500    0.5500    0.0000    0.0000    0.0000    0.0000
    0.4000    0.6000    0.0000    0.0000    0.0000    0.0000
    0.2700    0.4400    0.0900    0.0400    0.0800    0.0800
    0.0400    0.1900    0.3600    0.2000    0.1200    0.0900
    0.0000    0.5900    0.0000    0.0800    0.0800    0.2500
    0.0000    0.3900    0.1300    0.0700    0.0300    0.3800
    0.0100    0.5100    0.0000    0.1000    0.0200    0.3600
    0.0100    0.6200    0.0100    0.0300    0.1000    0.2300
    0.0600    0.3000    0.4100    0.0100    0.0100    0.2100
    0.0800    0.3200    0.5000    0.0700    0.0200    0.0100
    0.1500    0.2800    0.2500    0.0100    0.0600    0.2500
    0.0000    0.0000    0.0000    0.0000    0.0000    1.0000
    0.0000    0.0000    0.0000    0.0000    1.0000    0.0000
    0.0200    0.1100    0.0000    0.5000    0.0300    0.3400
    0.0100    0.1900    0.0000    0.0000    0.0000    0.8000
    0.0100    0.3900    0.0000    0.0200    0.0100    0.5700
    0.1800    0.1200    0.0000    0.3600    0.0000    0.3400
    0.0100    0.0000    0.1300    0.2500    0.0000    0.6100
    0.3200    0.0000    0.1200    0.0100    0.0000    0.5500
    0.0100    0.1500    0.1000    0.2100    0.0000    0.5300
    0.0100    0.0000    0.1500    0.2500    0.0000    0.5900
    0.1500    0.4500    0.0400    0.0300    0.0100    0.3200
    0.0500    0.3200    0.0000    0.5700    0.0600    0.0000
    0.3100    0.5200    0.0000    0.0800    0.0200    0.0700
    0.1500    0.0400    0.1300    0.6700    0.0100    0.0000
    0.0000    0.2100    0.2000    0.5800    0.0100    0.0000
    0.0000    0.0100    0.2800    0.6700    0.0100    0.0300
    0.0100    0.2800    0.1100    0.4600    0.1100    0.0300
    0.4900    0.0600    0.0000    0.1400    0.0200    0.2900
    0.1400    0.0000    0.0700    0.0100    0.0100    0.7700
    0.0300    0.5800    0.1800    0.0400    0.1000    0.0700
    0.0000    0.3100    0.0100    0.0200    0.1500    0.5100
    0.2500    0.0100    0.0100    0.0400    0.1300    0.5600
    0.2900    0.4500    0.0600    0.0800    0.1200    0.0000
    0.0200    0.0100    0.1600    0.0100    0.5000    0.3000
    0.0200    0.2400    0.0000    0.0300    0.2600    0.4500
    0.0000    0.0100    0.0000    0.0100    0.2700    0.7100
    0.0900    0.0200    0.0000    0.0600    0.4000    0.4300
    0.0000    0.1600    0.0000    0.0000    0.2500    0.5900
    0.3200    0.0900    0.0200    0.0100    0.0100    0.5500
    0.0000    0.0800    0.1300    0.0000    0.1100    0.6800
    0.3900    0.0100    0.0300    0.0000    0.0000    0.5700
    0.2600    0.1800    0.0200    0.0100    0.0100    0.5200
    0.2000    0.1600    0.0000    0.0000    0.0000    0.6400
    0.5100    0.3100    0.0700    0.0100    0.0100    0.0900
    0.1400    0.1700    0.0200    0.0000    0.0000    0.6700
    0.0000    0.0300    0.0200    0.2100    0.3200    0.4200
    0.5700    0.0000    0.1100    0.0100    0.1000    0.2100
    0.5100    0.2500    0.1000    0.0200    0.1200    0.0000
    0.5100    0.0100    0.0700    0.0200    0.1100    0.2800
    0.0000    0.0000    0.0000    0.0200    0.0000    0.9800
    0.6000    0.0000    0.0300    0.0000    0.0200    0.3500
    0.3400    0.0000    0.1100    0.0100    0.0600    0.4800
    0.4400    0.1100    0.1100    0.0000    0.0600    0.2800
    0.6600    0.0000    0.0800    0.0000    0.0000    0.2600
    0.3700    0.4700    0.1000    0.0000    0.0600    0.0000
    0.4400    0.3000    0.0900    0.0400    0.1300    0.0000
    0.2700    0.6100    0.1200    0.0000    0.0000    0.0000
    0.0100    0.0000    0.0000    0.0200    0.0800    0.8900
    0.2100    0.1100    0.0600    0.0000    0.1400    0.4800
    0.5200    0.0100    0.0100    0.0000    0.0000    0.4600
    0.0000    0.3800    0.0100    0.0000    0.0000    0.6100
    0.0000    0.3100    0.0100    0.0000    0.0000    0.6800
    0.3200    0.3400    0.0200    0.0000    0.0100    0.3100
    0.0100    0.4100    0.0000    0.0000    0.0100    0.5700
    0.0000    0.4100    0.0000    0.1300    0.0000    0.4600
    0.0000    0.1800    0.0000    0.2600    0.0100    0.5500
    0.0400    0.4500    0.0000    0.0700    0.0100    0.4300
    0.0000    0.2500    0.0000    0.2500    0.0000    0.5000
    0.3600    0.2000    0.0200    0.0800    0.0000    0.3400
    0.2100    0.0000    0.0000    0.3300    0.0100    0.4500
    0.2500    0.0000    0.0000    0.3100    0.0100    0.4300
    0.1900    0.0000    0.0000    0.3200    0.0100    0.4800
    0.0000    0.6300    0.1000    0.0000    0.0000    0.2700
    0.0000    0.6600    0.0900    0.0000    0.0000    0.2500
    0.0000    0.3300    0.1100    0.0100    0.0000    0.5500
    0.0000    0.6800    0.0900    0.0000    0.0100    0.2200
    0.3500    0.0000    0.0000    0.0100    0.0000    0.6400
    0.0100    0.0000    0.0000    0.3600    0.0000    0.6300
    0.4800    0.0000    0.0100    0.0000    0.1200    0.3900
    0.3900    0.0000    0.0000    0.0200    0.0100    0.5800
    0.4000    0.1700    0.0000    0.0000    0.1200    0.3100
    0.4400    0.2700    0.0000    0.0000    0.1700    0.1200
    0.3400    0.1400    0.0000    0.0000    0.1300    0.3900
    0.3300    0.1200    0.0000    0.0000    0.1300    0.4200
    0.3900    0.0000    0.0000    0.0000    0.2200    0.3900
    0.3900    0.3100    0.0000    0.0000    0.2200    0.0800
    0.4100    0.0000    0.0000    0.0000    0.2500    0.3400
    0.3500    0.0000    0.0000    0.0000    0.2000    0.4500
    0.3300    0.0000    0.0000    0.0000    0.2100    0.4600
    0.3100    0.0000    0.0000    0.0000    0.2000    0.4900
    0.3500    0.0000    0.0000    0.0000    0.2100    0.4400
    0.2000    0.0000    0.0000    0.0000    0.0100    0.7900
    0.5000    0.0000    0.0000    0.0000    0.3000    0.2000
    0.5300    0.0600    0.0000    0.0000    0.3200    0.0900
    0.5300    0.0000    0.0000    0.0000    0.3300    0.1400
    0.4200    0.0000    0.0000    0.0000    0.2700    0.3100
    0.4200    0.0100    0.0000    0.0000    0.1400    0.4300
    0.3900    0.0000    0.0000    0.0000    0.1300    0.4800
    0.4400    0.0000    0.0000    0.0500    0.1300    0.3800
    0.2800    0.0000    0.0000    0.1100    0.0800    0.5300
    0.4900    0.0100    0.0000    0.0100    0.1000    0.3900
    0.0000    0.0000    0.0000    0.7200    0.2800    0.0000
    0.0000    0.0000    0.0000    0.7200    0.2800    0.0000
    0.0000    0.0000    0.0000    0.7200    0.2800    0.0000

 Final output data matrix:
        f1        f2        f3
 -477.3645   -1.2974-78049.1925
 -454.7535   -1.3662-68112.8155
 -279.9044   -2.1133-51731.0693
 -469.5247   -1.7578-77876.9026
 -440.0426   -1.9634-76654.9118
 -365.6047   -1.2303-62118.0243
 -410.9856   -1.1190-66049.6554
 -136.1656   -0.8962-22268.5639
 -369.0088   -1.3142-61644.3643
 -533.9811   -0.8968-68784.7611
 -442.6768   -0.7257-59416.2131
 -507.4257   -0.9822-66650.9629
 -443.6008   -1.1184-65323.0907
 -489.5899   -1.3294-72483.9913
 -359.3333   -1.7335-60280.1487
 -485.2462   -0.8865-66192.4108
 -228.9585   -0.7284-49588.2084
 -435.6576   -1.1748-60782.1527
 -368.0328   -0.0378-29839.9581
 -558.3333   -1.0147-72324.3305
 -545.1107   -1.0090-76481.1353
 -595.9865   -1.0313-80252.0073
 -577.5167   -1.0272-78299.5278
 -603.0115   -1.0486-79494.8772
 -536.4679   -1.3385-83057.1828
 -380.6202   -1.5761-63939.3838
 -487.9964   -1.6929-74452.7693
 -492.2164   -2.0354-77476.1977
 -483.0457   -1.7036-74331.8675
 -461.0062   -1.5331-68683.9650
 -428.6732   -1.9582-73565.0149
 -420.3458   -1.7501-70958.0370
 -185.7397   -1.9998-39188.2443
 -307.5914   -2.9333-68673.8814
 -248.0791   -0.3369-41639.4837
 -330.4220   -1.6093-58954.7196
 -261.1897   -2.5356-54113.5267
 -374.3907   -2.1313-72005.0906
 -442.1932   -1.6426-73645.0393
 -325.5454   -2.2577-65492.6760
 -407.4563   -1.7142-79298.8675
 -280.7768   -2.0890-55835.4428
 -345.4445   -2.2639-66935.4850
 -337.8766   -1.7123-65225.4544
 -380.5099   -0.6146-47362.4095
 -423.7886   -1.3121-68132.9194
 -412.9137   -0.7221-59055.9302
 -389.7163   -1.2975-60315.7332
 -243.9299   -1.5816-43427.1956
 -418.8166   -1.1219-61444.5239
 -463.1094   -1.4660-81856.9346
 -260.4919   -1.9421-59060.6871
 -461.1271   -1.5697-75813.0466
 -434.9195   -1.9723-80545.7853
 -411.2741   -1.7072-85333.3874
 -593.8157   -1.0758-82484.6477
 -331.6431   -1.2261-62332.4475
 -461.8788   -1.5726-80820.6379
 -386.3988   -1.9098-76223.9832
 -458.6168   -1.3865-78606.8274
 -386.1546   -1.7969-73308.3934
 -420.6757   -1.8963-83069.8760
 -256.3444   -2.2542-53258.3199
 -343.7864   -1.8975-72697.8828
 -317.0968   -1.9236-66141.3310
 -405.5608   -1.9380-81223.2023
 -579.2708   -1.0437-87100.5169
 -297.2664   -2.2664-61771.9743
 -230.0024   -1.7750-53153.7094
 -296.3126   -0.8946-60049.3899
 -625.1337   -1.1253-94708.7918
 -559.4404   -1.5604-98460.5528
 -350.2734   -2.6724-74202.1381
 -483.8073   -1.5770-91455.1658
 -333.6048   -1.8340-67470.0844
 -401.3639   -1.5176-75081.6898
 -339.8147   -1.1731-68370.6235
 -619.8270   -1.3159-92324.8900
 -456.6095   -1.0320-73399.8497
 -527.1160   -1.2052-80673.3135
 -182.0132   -2.1459-33836.3245
 -299.4935   -1.9115-62779.5207
 -342.4831   -1.8084-73190.6083
 -292.5484   -2.1003-64376.6034
 -284.1961   -2.0337-60695.8700
 -418.6794   -1.5121-75788.0791
 -272.5130   -1.9527-60034.6655
 -324.9663   -1.9969-65021.8788
 -361.4059   -2.0913-69395.5054
 -310.1195   -1.9192-61302.0228
 -321.0298   -2.0199-62665.9535
 -408.2643   -1.5818-76317.7672
 -398.2560   -1.9114-74552.8783
 -437.9660   -1.8110-79745.2693
 -402.9772   -1.8842-75747.1961
 -367.7646   -1.7661-65605.9795
 -392.9406   -1.8913-69484.2021
 -317.1051   -2.1952-63761.7220
 -355.6015   -1.8014-64450.3268
 -438.2688   -2.1205-87348.6010
 -334.7339   -2.0407-65124.3183
 -514.0293   -1.5443-93643.6527
 -526.1093   -1.9176-98663.7705
 -555.0826   -1.4101-91162.3449
 -653.9760   -1.1215-96005.8355
 -613.3157   -1.3545-102903.8092
 -574.5688   -1.4762-99854.6710
 -596.1996   -1.5851-97568.0584
 -673.8733   -1.3085-96609.9429
 -570.9253   -1.5720-97057.6408
 -453.6160   -1.8559-85374.7271
 -512.3685   -1.7799-93175.9066
 -384.8236   -1.8510-77997.5467
 -536.0149   -1.7113-96497.9814
 -289.9712   -1.9717-66399.4183
 -596.7186   -0.9982-92484.7776
 -390.5278   -0.8869-64360.6166
 -429.9865   -0.7968-68899.7837
 -397.0291   -1.0850-76450.3138
 -413.4216   -1.7276-80202.5821
 -512.4700   -1.6664-92116.8858
 -627.3105   -1.5880-103558.9154
 -459.2870   -1.8760-85164.1567
 -497.3604   -1.6141-98993.6693
 -449.3829   -0.0425-66923.5674
 -449.3829   -0.0425-66923.5674
 -449.3829   -0.0425-66923.5674

 Input data matrix of corresponding Pareto front:
        x1        x2        x3        x4        x5        x6
    0.0000    0.3900    0.1300    0.0700    0.0300    0.3800
    0.0000    0.0000    0.0000    0.0000    0.0000    1.0000
    0.0100    0.3900    0.0000    0.0200    0.0100    0.5700
    0.0000    0.0000    0.0000    0.0200    0.0000    0.9800
    0.3500    0.0000    0.0000    0.0100    0.0000    0.6400
    0.3900    0.0000    0.0000    0.0200    0.0100    0.5800
    0.3900    0.3100    0.0000    0.0000    0.2200    0.0800
    0.3500    0.0000    0.0000    0.0000    0.2100    0.4400
    0.4400    0.0000    0.0000    0.0500    0.1300    0.3800

 Output data matrix of corresponding Pareto front:
        f1        f2        f3
 -492.2164   -2.0354-77476.1977
 -307.5914   -2.9333-68673.8814
 -374.3907   -2.1313-72005.0906
 -350.2734   -2.6724-74202.1381
 -438.2688   -2.1205-87348.6010
 -526.1093   -1.9176-98663.7705
 -673.8733   -1.3085-96609.9429
 -536.0149   -1.7113-96497.9814
 -627.3105   -1.5880-103558.9154

 Input data matrix of Pareto front of final Gaussian process model:
        x1        x2        x3        x4        x5        x6
    0.0703    0.0061    0.0000    0.0038    0.0105    0.9092
    0.0071    0.0010    0.0000    0.0021    0.0015    0.9883
    0.4276    0.0846    0.0000    0.0034    0.1458    0.3385
    0.3989    0.4173    0.0000    0.0028    0.1775    0.0035
    0.3989    0.4173    0.0000    0.0028    0.1775    0.0035
    0.1839    0.0867    0.0000    0.0022    0.0006    0.7266
    0.1742    0.0885    0.0000    0.0009    0.0004    0.7361
    0.2114    0.0673    0.0000    0.0027    0.0009    0.7177
    0.3732    0.3254    0.0000    0.0039    0.1343    0.1632
    0.1596    0.0086    0.0000    0.0005    0.0013    0.8299
    0.2588    0.0932    0.0000    0.0032    0.0008    0.6440
    0.2778    0.0832    0.0000    0.0001    0.0019    0.6370
    0.3849    0.0038    0.0000    0.0358    0.0162    0.5593
    0.1235    0.0195    0.0000    0.0010    0.0015    0.8544
    0.1495    0.0050    0.0000    0.0000    0.0007    0.8449
    0.1998    0.0851    0.0000    0.0030    0.0009    0.7111
    0.2566    0.0826    0.0000    0.0021    0.0009    0.6578
    0.3830    0.0110    0.0000    0.0163    0.0056    0.5841
    0.3879    0.0044    0.0000    0.0361    0.0181    0.5534
    0.1695    0.0001    0.0000    0.0000    0.0007    0.8297
    0.0383    0.0048    0.0000    0.0002    0.0010    0.9558
    0.3548    0.0330    0.0000    0.0032    0.0010    0.6080
    0.1546    0.0073    0.0000    0.0013    0.0006    0.8361
    0.1923    0.0190    0.0000    0.0032    0.0011    0.7845
    0.0993    0.0078    0.0000    0.0010    0.0006    0.8912
    0.3145    0.0663    0.0000    0.0044    0.0008    0.6140
    0.3628    0.3395    0.0000    0.0030    0.1621    0.1325
    0.3729    0.0268    0.0000    0.0000    0.0018    0.5985
    0.3541    0.3360    0.0000    0.0044    0.1296    0.1759
    0.0481    0.0131    0.0000    0.0019    0.0023    0.9346
    0.4120    0.4310    0.0000    0.0029    0.1506    0.0036
    0.3058    0.0492    0.0000    0.0038    0.0008    0.6404
    0.2246    0.0962    0.0000    0.0022    0.0007    0.6763
    0.2827    0.0753    0.0000    0.0052    0.0016    0.6353
    0.0153    0.0050    0.0000    0.0020    0.0025    0.9752
    0.2209    0.0893    0.0000    0.0033    0.0015    0.6850
    0.4157    0.0051    0.0000    0.0047    0.1316    0.4429
    0.3910    0.0032    0.0000    0.0114    0.0276    0.5668
    0.0505    0.0137    0.0000    0.0030    0.0024    0.9303
    0.3748    0.0791    0.0000    0.0072    0.1349    0.4041
    0.1187    0.0195    0.0000    0.0015    0.0004    0.8599
    0.3027    0.0458    0.0000    0.0024    0.0004    0.6487
    0.1886    0.0062    0.0000    0.0033    0.0005    0.8012
    0.4066    0.0126    0.0000    0.0097    0.0938    0.4773
    0.1970    0.0839    0.0000    0.0037    0.0009    0.7145
    0.1546    0.0929    0.0000    0.0036    0.0019    0.7469
    0.3480    0.1237    0.0000    0.0028    0.1373    0.3883
    0.2678    0.0778    0.0000    0.0034    0.0010    0.6499
    0.2895    0.0657    0.0000    0.0084    0.0016    0.6348
    0.1937    0.0825    0.0000    0.0029    0.0009    0.7200
    0.4213    0.2687    0.0000    0.0027    0.1502    0.1571
    0.3306    0.3677    0.0000    0.0045    0.1037    0.1935
    0.3773    0.3423    0.0000    0.0045    0.1332    0.1428
    0.1795    0.0060    0.0000    0.0000    0.0008    0.8137
    0.2458    0.0860    0.0000    0.0026    0.0010    0.6646
    0.3754    0.0350    0.0000    0.0034    0.0010    0.5853
    0.3287    0.0451    0.0000    0.0008    0.0003    0.6251
    0.2132    0.0754    0.0000    0.0032    0.0018    0.7063
    0.3627    0.3953    0.0000    0.0089    0.1482    0.0850
    0.2495    0.0821    0.0000    0.0032    0.0015    0.6638
    0.1038    0.0066    0.0000    0.0039    0.0007    0.8850
    0.3720    0.3581    0.0000    0.0022    0.1581    0.1095
    0.0750    0.0069    0.0000    0.0040    0.0008    0.9133
    0.1154    0.0086    0.0000    0.0000    0.0018    0.8742
    0.3753    0.0571    0.0000    0.0000    0.0017    0.5659
    0.1074    0.0168    0.0000    0.0032    0.0005    0.8720
    0.3239    0.3053    0.0000    0.0037    0.1432    0.2238
    0.2575    0.0673    0.0000    0.0056    0.0015    0.6682
    0.4203    0.0090    0.0000    0.0017    0.1223    0.4468
    0.0642    0.0085    0.0000    0.0034    0.0009    0.9229
    0.3630    0.0122    0.0000    0.0343    0.0000    0.5904
    0.0710    0.0062    0.0000    0.0039    0.0008    0.9181
    0.1196    0.0057    0.0000    0.0010    0.0004    0.8733
    0.4050    0.0405    0.0000    0.0092    0.1151    0.4301
    0.4077    0.2005    0.0000    0.0035    0.1535    0.2348
    0.1452    0.0000    0.0000    0.0000    0.0007    0.8541
    0.3519    0.0115    0.0000    0.0177    0.0595    0.5595
    0.0293    0.0066    0.0000    0.0016    0.0005    0.9620
    0.2723    0.0761    0.0000    0.0033    0.0008    0.6475
    0.4159    0.3812    0.0000    0.0049    0.1620    0.0360
    0.3344    0.3151    0.0000    0.0039    0.1505    0.1962
    0.4028    0.0055    0.0000    0.0105    0.0233    0.5580
    0.3708    0.1155    0.0000    0.0030    0.1453    0.3654
    0.3160    0.3464    0.0000    0.0028    0.1430    0.1918
    0.4491    0.0132    0.0000    0.0086    0.1359    0.3932
    0.4034    0.0136    0.0000    0.0153    0.0461    0.5216
    0.4109    0.0006    0.0000    0.0089    0.0694    0.5102
    0.2098    0.1088    0.0000    0.0016    0.0007    0.6791
    0.3823    0.1699    0.0000    0.0031    0.1386    0.3061
    0.1673    0.0048    0.0000    0.0050    0.0016    0.8213
    0.3914    0.4093    0.0000    0.0027    0.1742    0.0224
    0.2667    0.0732    0.0000    0.0250    0.0008    0.6342
    0.0076    0.0011    0.0000    0.0023    0.0021    0.9869
    0.3903    0.1262    0.0000    0.0033    0.1376    0.3427
    0.3954    0.0114    0.0000    0.0168    0.0057    0.5707
    0.3899    0.0051    0.0000    0.0098    0.0498    0.5453
    0.4083    0.0054    0.0000    0.0092    0.0617    0.5153
    0.4029    0.0000    0.0000    0.0096    0.0896    0.4979
    0.1391    0.0066    0.0000    0.0012    0.0005    0.8526
    0.3678    0.0006    0.0000    0.0625    0.0377    0.5314
    0.3543    0.0462    0.0000    0.0035    0.0015    0.5944
    0.3745    0.1073    0.0000    0.0032    0.1320    0.3830
    0.1320    0.0098    0.0000    0.0000    0.0015    0.8567
    0.1944    0.0688    0.0000    0.0028    0.0009    0.7332
    0.0938    0.0066    0.0000    0.0039    0.0008    0.8948
    0.0624    0.0064    0.0000    0.0016    0.0009    0.9286
    0.0453    0.0033    0.0000    0.0017    0.0020    0.9477
    0.3832    0.0669    0.0000    0.0092    0.1142    0.4265
    0.1455    0.0066    0.0000    0.0016    0.0005    0.8458
    0.3334    0.2924    0.0000    0.0042    0.1464    0.2236
    0.3895    0.3561    0.0000    0.0083    0.1654    0.0807
    0.3997    0.0070    0.0000    0.0096    0.1179    0.4659
    0.4351    0.0436    0.0000    0.0035    0.1577    0.3600
    0.3310    0.0432    0.0000    0.0030    0.0014    0.6215
    0.4399    0.0565    0.0000    0.0038    0.1284    0.3714
    0.0222    0.0058    0.0000    0.0023    0.0029    0.9667
    0.3791    0.0104    0.0000    0.0069    0.0515    0.5521
    0.3470    0.0323    0.0000    0.0031    0.0010    0.6165
    0.3338    0.2910    0.0000    0.0079    0.1202    0.2470
    0.3859    0.0988    0.0000    0.0032    0.1368    0.3754
    0.1704    0.0149    0.0000    0.0017    0.0005    0.8125
    0.3714    0.0106    0.0000    0.0082    0.0713    0.5386
    0.4158    0.0079    0.0000    0.0109    0.1525    0.4129
    0.3987    0.3783    0.0000    0.0028    0.1575    0.0627
    0.4097    0.2613    0.0000    0.0026    0.1461    0.1803
    0.3794    0.4135    0.0000    0.0093    0.1550    0.0428
    0.3888    0.0304    0.0000    0.0093    0.1183    0.4531
    0.3717    0.0104    0.0000    0.0154    0.0514    0.5511
    0.1079    0.0061    0.0000    0.0015    0.0005    0.8841
    0.3319    0.0557    0.0000    0.0099    0.0049    0.5977
    0.3417    0.0315    0.0000    0.0022    0.0004    0.6242
    0.3476    0.1963    0.0000    0.0030    0.1329    0.3202
    0.4039    0.3757    0.0000    0.0099    0.1650    0.0456
    0.4443    0.0076    0.0000    0.0047    0.1585    0.3848
    0.3482    0.1125    0.0000    0.0150    0.1227    0.4016
    0.3334    0.2798    0.0000    0.0039    0.1078    0.2752
    0.3614    0.1364    0.0000    0.0031    0.1657    0.3334
    0.3963    0.3703    0.0000    0.0033    0.1778    0.0522
    0.1561    0.0095    0.0000    0.0003    0.0015    0.8326
    0.2511    0.0531    0.0000    0.0041    0.0008    0.6908
    0.3681    0.1220    0.0000    0.0030    0.1442    0.3627
    0.3686    0.1391    0.0000    0.0032    0.1491    0.3400
    0.4051    0.0006    0.0000    0.0072    0.0841    0.5030
    0.4069    0.3573    0.0000    0.0029    0.1666    0.0663
    0.1947    0.0074    0.0000    0.0010    0.0006    0.7963
    0.1716    0.0075    0.0000    0.0043    0.0015    0.8152
    0.3659    0.0100    0.0000    0.0059    0.0854    0.5328
    0.1361    0.0075    0.0000    0.0013    0.0007    0.8544
    0.3863    0.3615    0.0000    0.0032    0.1229    0.1261
    0.3828    0.0107    0.0000    0.0165    0.0692    0.5208
    0.1865    0.0955    0.0000    0.0030    0.0009    0.7141
    0.3093    0.0588    0.0000    0.0000    0.0006    0.6313
    0.3878    0.0414    0.0000    0.0043    0.1379    0.4286
    0.3969    0.1389    0.0000    0.0032    0.1433    0.3178
    0.2315    0.0842    0.0000    0.0023    0.0008    0.6811
    0.3729    0.0106    0.0000    0.0102    0.0655    0.5408
    0.2374    0.0865    0.0000    0.0123    0.0020    0.6618
    0.3036    0.0650    0.0000    0.0035    0.0012    0.6267
    0.2139    0.0796    0.0000    0.0029    0.0009    0.7027
    0.3653    0.2216    0.0000    0.0038    0.1447    0.2646
    0.3043    0.0797    0.0000    0.0091    0.0003    0.6066
    0.3686    0.3549    0.0000    0.0015    0.1814    0.0936
    0.1810    0.0045    0.0000    0.0033    0.0016    0.8096
    0.3822    0.0721    0.0000    0.0047    0.1229    0.4182
    0.0869    0.0032    0.0000    0.0080    0.0012    0.9008
    0.4021    0.3271    0.0000    0.0057    0.1290    0.1360
    0.3349    0.2460    0.0000    0.0033    0.1268    0.2890
    0.1980    0.1308    0.0000    0.0024    0.0006    0.6682
    0.4185    0.0955    0.0000    0.0043    0.1337    0.3479
    0.0479    0.0010    0.0000    0.0021    0.0013    0.9478
    0.3671    0.1927    0.0000    0.0044    0.1479    0.2878
    0.4131    0.0063    0.0000    0.0040    0.0632    0.5134
    0.0842    0.0050    0.0000    0.0052    0.0009    0.9048
    0.4023    0.0282    0.0000    0.0042    0.1071    0.4582
    0.4027    0.0128    0.0000    0.0199    0.0376    0.5270
    0.2350    0.0839    0.0000    0.0018    0.0007    0.6786
    0.3912    0.0103    0.0000    0.0057    0.0821    0.5107
    0.3924    0.4006    0.0000    0.0051    0.1746    0.0273
    0.3657    0.2296    0.0000    0.0050    0.1196    0.2800
    0.4009    0.0048    0.0000    0.0155    0.0893    0.4894
    0.4241    0.0121    0.0000    0.0116    0.0745    0.4777
    0.4230    0.2261    0.0000    0.0027    0.1508    0.1974
    0.3874    0.2847    0.0000    0.0051    0.1178    0.2049
    0.4008    0.0281    0.0000    0.0041    0.1103    0.4566
    0.3201    0.3368    0.0000    0.0046    0.1063    0.2322
    0.3837    0.2481    0.0000    0.0046    0.1355    0.2282
    0.3683    0.0070    0.0000    0.0096    0.1346    0.4804
    0.4331    0.0100    0.0000    0.0075    0.1350    0.4143
    0.3062    0.0722    0.0000    0.0072    0.0006    0.6138
    0.3689    0.0134    0.0000    0.0097    0.0651    0.5429
    0.3832    0.0042    0.0000    0.0070    0.0475    0.5580
    0.3892    0.3434    0.0000    0.0012    0.1755    0.0906
    0.0214    0.0034    0.0000    0.0022    0.0021    0.9709
    0.3847    0.0089    0.0000    0.0036    0.1116    0.4912
    0.3976    0.0114    0.0000    0.0121    0.0052    0.5737
    0.3701    0.3563    0.0000    0.0015    0.1631    0.1090
    0.3909    0.0122    0.0000    0.0084    0.0821    0.5064
    0.0895    0.0081    0.0000    0.0059    0.0007    0.8958
    0.1809    0.0045    0.0000    0.0047    0.0008    0.8091
    0.1562    0.1086    0.0000    0.0003    0.0007    0.7341

 Output data matrix of Pareto front of final Gaussian process model:
        f1        f2        f3
 -292.2683   -2.4343-61673.8511
 -285.4245   -2.7288-63066.5595
 -542.7316   -1.4626-96560.6398
 -633.7875   -0.9918-89579.2264
 -633.7875   -0.9918-89579.2264
 -338.1327   -2.0893-71055.5702
 -333.0977   -2.1047-70197.2835
 -350.3135   -2.0592-72908.8567
 -597.8477   -1.2676-93871.7356
 -317.8820   -2.1939-66860.2238
 -383.1191   -2.0018-77999.5544
 -392.6559   -1.9885-79250.6228
 -442.8519   -1.9119-85914.8337
 -305.1385   -2.2771-64673.2680
 -313.4084   -2.2288-66110.8092
 -346.7636   -2.0671-72480.7455
 -379.5275   -2.0078-77469.9187
 -434.8973   -1.9266-84981.7557
 -445.2613   -1.9072-86179.2693
 -321.2416   -2.1816-67404.1711
 -287.0936   -2.6089-62529.6642
 -423.4460   -1.9457-83470.2589
 -315.6517   -2.2088-66526.7885
 -333.8722   -2.1077-69734.7842
 -297.4982   -2.3768-63470.7613
 -410.4384   -1.9642-81609.9826
 -608.0045   -1.2120-93568.3251
 -429.8904   -1.9360-84291.8961
 -591.0166   -1.3008-93471.7257
 -288.1475   -2.5407-62087.8421
 -632.4553   -1.0065-89388.7603
 -401.7456   -1.9747-80562.5035
 -362.8053   -2.0352-75089.0452
 -394.5921   -1.9851-79546.5248
 -285.5860   -2.6840-62584.5420
 -359.8720   -2.0397-74587.4269
 -507.5265   -1.7026-94708.8828
 -447.2374   -1.9022-86721.3618
 -288.4790   -2.5256-62053.7308
 -522.7038   -1.6183-95276.9997
 -303.4129   -2.2939-64462.9004
 -398.9021   -1.9781-80169.7508
 -330.6690   -2.1248-69104.3602
 -491.2253   -1.7793-92575.0933
 -345.1109   -2.0706-72209.3679
 -325.0387   -2.1267-68730.9426
 -527.1886   -1.5844-94990.7405
 -385.6424   -1.9983-78327.9096
 -397.1438   -1.9809-79917.0254
 -342.9576   -2.0763-71830.3959
 -600.7430   -1.2025-94593.6818
 -572.9279   -1.3668-91228.3290
 -602.8121   -1.2439-93325.7925
 -326.1847   -2.1508-68281.0433
 -373.8163   -2.0165-76664.2287
 -432.9528   -1.9319-84500.7973
 -412.5414   -1.9613-82015.0472
 -353.1506   -2.0524-73408.0193
 -615.3961   -1.1627-91524.6874
