
 TSEMO log file created on 24-Feb-2020 

 This file shows the initial specifications of TSEMO and logs the output.
 ¯¯¯¯¯¯¯¯¯¯¯¯¯¯¯¯¯¯¯¯¯¯¯¯¯¯¯¯¯¯¯¯¯¯¯¯¯¯¯¯¯¯¯¯¯¯¯¯¯¯¯¯¯¯¯¯¯¯¯¯¯¯¯¯¯¯¯¯¯¯¯¯¯¯¯¯¯¯¯¯¯¯¯¯¯¯¯¯¯¯¯¯¯¯¯¯¯¯¯¯¯¯
 License information 

 BSD 2-Clause License 

 Copyright (c) 2017, Eric Bradford, Artur M. Schweidtmann and Alexei Lapkin
 All rights reserved. 

 Redistribution and use in source and binary forms, with or without
 modification, are permitted provided that the following conditions are met: 

 *Redistributions of source code must retain the above copyright notice, this   
  list of conditions and the following disclaimer. 

 *Redistributions in binary form must reproduce the above copyright notice,   
  this list of conditions and the following disclaimer in the documentation   
  and/or other materials provided with the distribution. 

 Modified by Mina Konakovic Lukovic 2019. 

 ¯¯¯¯¯¯¯¯¯¯¯¯¯¯¯¯¯¯¯¯¯¯¯¯¯¯¯¯¯¯¯¯¯¯¯¯¯¯¯¯¯¯¯¯¯¯¯¯¯¯¯¯¯¯¯¯¯¯¯¯¯¯¯¯¯¯¯¯¯¯¯¯¯¯¯¯¯¯¯¯¯¯¯¯¯¯¯¯¯¯¯¯¯¯¯¯¯¯¯¯¯¯
 Problem specifications 

 Function used:   consta 

 Number of inputs:   6
 Number of outputs:  3 

 Lower bounds of decision variables:
      x1      x2      x3      x4      x5      x6
  0.0000  0.0000  0.0000  0.0000  0.0000  0.0000
 
 Upper bounds of decision variables:
      x1      x2      x3      x4      x5      x6
  1.0000  1.0000  0.5000  1.0000  1.0000  1.0000
 ¯¯¯¯¯¯¯¯¯¯¯¯¯¯¯¯¯¯¯¯¯¯¯¯¯¯¯¯¯¯¯¯¯¯¯¯¯¯¯¯¯¯¯¯¯¯¯¯¯¯¯¯¯¯¯¯¯¯¯¯¯¯¯¯¯¯¯¯¯¯¯¯¯¯¯¯¯¯¯¯¯¯¯¯¯¯¯¯¯¯¯¯¯¯¯¯¯¯¯¯¯¯
 Algorithm options 

 Maximum number of function evaluations:  4
 Sample batch size:                       4
 Number of algorithm iterations:          1 

 Genetic algorithm population size:        200
 Genetic algorithm number of generations:  200 

                                               f1      f2      f3
 Number of spectral sampling points:         4000    4000    4000
 Type of matern function:                       5       5       5
 Direct evaluations per input dimension:      200     200     200
 ¯¯¯¯¯¯¯¯¯¯¯¯¯¯¯¯¯¯¯¯¯¯¯¯¯¯¯¯¯¯¯¯¯¯¯¯¯¯¯¯¯¯¯¯¯¯¯¯¯¯¯¯¯¯¯¯¯¯¯¯¯¯¯¯¯¯¯¯¯¯¯¯¯¯¯¯¯¯¯¯¯¯¯¯¯¯¯¯¯¯¯¯¯¯¯¯¯¯¯¯¯¯
 Initial data set 

 Number of initial data points:  111 

 Initial input data matrix:
      x1      x2      x3      x4      x5      x6
  0.3200  0.1300  0.0500  0.2100  0.0400  0.2500
  0.0000  0.1800  0.2100  0.2800  0.2000  0.1300
  0.0000  0.0200  0.3800  0.0400  0.2900  0.2700
  0.1900  0.3000  0.1000  0.0600  0.0700  0.2800
  0.0800  0.1600  0.1400  0.0400  0.1900  0.3900
  0.3400  0.0600  0.2300  0.1600  0.1900  0.0200
  0.1400  0.1000  0.0700  0.2000  0.2700  0.2200
  0.0700  0.0700  0.3200  0.2100  0.0300  0.3000
  0.0200  0.0100  0.2700  0.1300  0.4900  0.0800
  0.0900  0.3200  0.0300  0.1300  0.3700  0.0600
  0.0800  0.2100  0.0200  0.0000  0.6100  0.0800
  0.0900  0.3200  0.0400  0.2100  0.1700  0.1700
  0.1400  0.3000  0.0700  0.1000  0.2500  0.1400
  0.0400  0.1700  0.0700  0.2200  0.2400  0.2600
  0.1700  0.1500  0.2800  0.2900  0.0000  0.1100
  0.1000  0.1400  0.1400  0.2600  0.2700  0.0900
  1.0000  0.0000  0.0000  0.0000  0.0000  0.0000
  0.0000  1.0000  0.0000  0.0000  0.0000  0.0000
  0.0000  0.0000  0.0000  1.0000  0.0000  0.0000
  0.6000  0.4000  0.0000  0.0000  0.0000  0.0000
  0.5500  0.4500  0.0000  0.0000  0.0000  0.0000
  0.5000  0.5000  0.0000  0.0000  0.0000  0.0000
  0.4500  0.5500  0.0000  0.0000  0.0000  0.0000
  0.4000  0.6000  0.0000  0.0000  0.0000  0.0000
  0.2700  0.4400  0.0900  0.0400  0.0800  0.0800
  0.0400  0.1900  0.3600  0.2000  0.1200  0.0900
  0.0000  0.5900  0.0000  0.0800  0.0800  0.2500
  0.0000  0.3900  0.1300  0.0700  0.0300  0.3800
  0.0100  0.5100  0.0000  0.1000  0.0200  0.3600
  0.0100  0.6200  0.0100  0.0300  0.1000  0.2300
  0.0600  0.3000  0.4100  0.0100  0.0100  0.2100
  0.0800  0.3200  0.5000  0.0700  0.0200  0.0100
  0.1500  0.2800  0.2500  0.0100  0.0600  0.2500
  0.0000  0.0000  0.0000  0.0000  0.0000  1.0000
  0.0000  0.0000  0.0000  0.0000  1.0000  0.0000
  0.0200  0.1100  0.0000  0.5000  0.0300  0.3400
  0.0100  0.1900  0.0000  0.0000  0.0000  0.8000
  0.0100  0.3900  0.0000  0.0200  0.0100  0.5700
  0.1800  0.1200  0.0000  0.3600  0.0000  0.3400
  0.0100  0.0000  0.1300  0.2500  0.0000  0.6100
  0.3200  0.0000  0.1200  0.0100  0.0000  0.5500
  0.0100  0.1500  0.1000  0.2100  0.0000  0.5300
  0.0100  0.0000  0.1500  0.2500  0.0000  0.5900
  0.1500  0.4500  0.0400  0.0300  0.0100  0.3200
  0.0500  0.3200  0.0000  0.5700  0.0600  0.0000
  0.3100  0.5200  0.0000  0.0800  0.0200  0.0700
  0.1500  0.0400  0.1300  0.6700  0.0100  0.0000
  0.0000  0.2100  0.2000  0.5800  0.0100  0.0000
  0.0000  0.0100  0.2800  0.6700  0.0100  0.0300
  0.0100  0.2800  0.1100  0.4600  0.1100  0.0300
  0.4900  0.0600  0.0000  0.1400  0.0200  0.2900
  0.1400  0.0000  0.0700  0.0100  0.0100  0.7700
  0.0300  0.5800  0.1800  0.0400  0.1000  0.0700
  0.0000  0.3100  0.0100  0.0200  0.1500  0.5100
  0.2500  0.0100  0.0100  0.0400  0.1300  0.5600
  0.2900  0.4500  0.0600  0.0800  0.1200  0.0000
  0.0200  0.0100  0.1600  0.0100  0.5000  0.3000
  0.0200  0.2400  0.0000  0.0300  0.2600  0.4500
  0.0000  0.0100  0.0000  0.0100  0.2700  0.7100
  0.0900  0.0200  0.0000  0.0600  0.4000  0.4300
  0.0000  0.1600  0.0000  0.0000  0.2500  0.5900
  0.3200  0.0900  0.0200  0.0100  0.0100  0.5500
  0.0000  0.0800  0.1300  0.0000  0.1100  0.6800
  0.3900  0.0100  0.0300  0.0000  0.0000  0.5700
  0.2600  0.1800  0.0200  0.0100  0.0100  0.5200
  0.2000  0.1600  0.0000  0.0000  0.0000  0.6400
  0.5100  0.3100  0.0700  0.0100  0.0100  0.0900
  0.1400  0.1700  0.0200  0.0000  0.0000  0.6700
  0.0000  0.0300  0.0200  0.2100  0.3200  0.4200
  0.5700  0.0000  0.1100  0.0100  0.1000  0.2100
  0.5100  0.2500  0.1000  0.0200  0.1200  0.0000
  0.5100  0.0100  0.0700  0.0200  0.1100  0.2800
  0.0000  0.0000  0.0000  0.0200  0.0000  0.9800
  0.6000  0.0000  0.0300  0.0000  0.0200  0.3500
  0.3400  0.0000  0.1100  0.0100  0.0600  0.4800
  0.4400  0.1100  0.1100  0.0000  0.0600  0.2800
  0.6600  0.0000  0.0800  0.0000  0.0000  0.2600
  0.3700  0.4700  0.1000  0.0000  0.0600  0.0000
  0.4400  0.3000  0.0900  0.0400  0.1300  0.0000
  0.2700  0.6100  0.1200  0.0000  0.0000  0.0000
  0.0100  0.0000  0.0000  0.0200  0.0800  0.8900
  0.2100  0.1100  0.0600  0.0000  0.1400  0.4800
  0.5200  0.0100  0.0100  0.0000  0.0000  0.4600
  0.0000  0.3800  0.0100  0.0000  0.0000  0.6100
  0.0000  0.3100  0.0100  0.0000  0.0000  0.6800
  0.3200  0.3400  0.0200  0.0000  0.0100  0.3100
  0.0100  0.4100  0.0000  0.0000  0.0100  0.5700
  0.0000  0.4100  0.0000  0.1300  0.0000  0.4600
  0.0000  0.1800  0.0000  0.2600  0.0100  0.5500
  0.0400  0.4500  0.0000  0.0700  0.0100  0.4300
  0.0000  0.2500  0.0000  0.2500  0.0000  0.5000
  0.3600  0.2000  0.0200  0.0800  0.0000  0.3400
  0.2100  0.0000  0.0000  0.3300  0.0100  0.4500
  0.2500  0.0000  0.0000  0.3100  0.0100  0.4300
  0.1900  0.0000  0.0000  0.3200  0.0100  0.4800
  0.0000  0.6300  0.1000  0.0000  0.0000  0.2700
  0.0000  0.6600  0.0900  0.0000  0.0000  0.2500
  0.0000  0.3300  0.1100  0.0100  0.0000  0.5500
  0.0000  0.6800  0.0900  0.0000  0.0100  0.2200
  0.3500  0.0000  0.0000  0.0100  0.0000  0.6400
  0.0100  0.0000  0.0000  0.3600  0.0000  0.6300
  0.4800  0.0000  0.0100  0.0000  0.1200  0.3900
  0.3900  0.0000  0.0000  0.0200  0.0100  0.5800
  0.4000  0.1700  0.0000  0.0000  0.1200  0.3100
  0.4400  0.2700  0.0000  0.0000  0.1700  0.1200
  0.3400  0.1400  0.0000  0.0000  0.1300  0.3900
  0.3300  0.1200  0.0000  0.0000  0.1300  0.4200
  0.3900  0.0000  0.0000  0.0000  0.2200  0.3900
  0.3900  0.3100  0.0000  0.0000  0.2200  0.0800
  0.4100  0.0000  0.0000  0.0000  0.2500  0.3400
  0.3500  0.0000  0.0000  0.0000  0.2000  0.4500

 Initial output data matrix:
      f1      f2      f3
-477.3645 -1.2974-78049.1925
-454.7535 -1.3662-68112.8155
-279.9044 -2.1133-51731.0693
-469.5247 -1.7578-77876.9026
-440.0426 -1.9634-76654.9118
-365.6047 -1.2303-62118.0243
-410.9856 -1.1190-66049.6554
-136.1656 -0.8962-22268.5639
-369.0088 -1.3142-61644.3643
-533.9811 -0.8968-68784.7611
-442.6768 -0.7257-59416.2131
-507.4257 -0.9822-66650.9629
-443.6008 -1.1184-65323.0907
-489.5899 -1.3294-72483.9913
-359.3333 -1.7335-60280.1487
-485.2462 -0.8865-66192.4108
-228.9585 -0.7284-49588.2084
-435.6576 -1.1748-60782.1527
-368.0328 -0.0378-29839.9581
-558.3333 -1.0147-72324.3305
-545.1107 -1.0090-76481.1353
-595.9865 -1.0313-80252.0073
-577.5167 -1.0272-78299.5278
-603.0115 -1.0486-79494.8772
-536.4679 -1.3385-83057.1828
-380.6202 -1.5761-63939.3838
-487.9964 -1.6929-74452.7693
-492.2164 -2.0354-77476.1977
-483.0457 -1.7036-74331.8675
-461.0062 -1.5331-68683.9650
-428.6732 -1.9582-73565.0149
-420.3458 -1.7501-70958.0370
-185.7397 -1.9998-39188.2443
-307.5914 -2.9333-68673.8814
-248.0791 -0.3369-41639.4837
-330.4220 -1.6093-58954.7196
-261.1897 -2.5356-54113.5267
-374.3907 -2.1313-72005.0906
-442.1932 -1.6426-73645.0393
-325.5454 -2.2577-65492.6760
-407.4563 -1.7142-79298.8675
-280.7768 -2.0890-55835.4428
-345.4445 -2.2639-66935.4850
-337.8766 -1.7123-65225.4544
-380.5099 -0.6146-47362.4095
-423.7886 -1.3121-68132.9194
-412.9137 -0.7221-59055.9302
-389.7163 -1.2975-60315.7332
-243.9299 -1.5816-43427.1956
-418.8166 -1.1219-61444.5239
-463.1094 -1.4660-81856.9346
-260.4919 -1.9421-59060.6871
-461.1271 -1.5697-75813.0466
-434.9195 -1.9723-80545.7853
-411.2741 -1.7072-85333.3874
-593.8157 -1.0758-82484.6477
-331.6431 -1.2261-62332.4475
-461.8788 -1.5726-80820.6379
-386.3988 -1.9098-76223.9832
-458.6168 -1.3865-78606.8274
-386.1546 -1.7969-73308.3934
-420.6757 -1.8963-83069.8760
-256.3444 -2.2542-53258.3199
-343.7864 -1.8975-72697.8828
-317.0968 -1.9236-66141.3310
-405.5608 -1.9380-81223.2023
-579.2708 -1.0437-87100.5169
-297.2664 -2.2664-61771.9743
-230.0024 -1.7750-53153.7094
-296.3126 -0.8946-60049.3899
-625.1337 -1.1253-94708.7918
-559.4404 -1.5604-98460.5528
-350.2734 -2.6724-74202.1381
-483.8073 -1.5770-91455.1658
-333.6048 -1.8340-67470.0844
-401.3639 -1.5176-75081.6898
-339.8147 -1.1731-68370.6235
-619.8270 -1.3159-92324.8900
-456.6095 -1.0320-73399.8497
-527.1160 -1.2052-80673.3135
-182.0132 -2.1459-33836.3245
-299.4935 -1.9115-62779.5207
-342.4831 -1.8084-73190.6083
-292.5484 -2.1003-64376.6034
-284.1961 -2.0337-60695.8700
-418.6794 -1.5121-75788.0791
-272.5130 -1.9527-60034.6655
-324.9663 -1.9969-65021.8788
-361.4059 -2.0913-69395.5054
-310.1195 -1.9192-61302.0228
-321.0298 -2.0199-62665.9535
-408.2643 -1.5818-76317.7672
-398.2560 -1.9114-74552.8783
-437.9660 -1.8110-79745.2693
-402.9772 -1.8842-75747.1961
-367.7646 -1.7661-65605.9795
-392.9406 -1.8913-69484.2021
-317.1051 -2.1952-63761.7220
-355.6015 -1.8014-64450.3268
-438.2688 -2.1205-87348.6010
-334.7339 -2.0407-65124.3183
-514.0293 -1.5443-93643.6527
-526.1093 -1.9176-98663.7705
-555.0826 -1.4101-91162.3449
-653.9760 -1.1215-96005.8355
-613.3157 -1.3545-102903.8092
-574.5688 -1.4762-99854.6710
-596.1996 -1.5851-97568.0584
-673.8733 -1.3085-96609.9429
-570.9253 -1.5720-97057.6408
-453.6160 -1.8559-85374.7271

 ¯¯¯¯¯¯¯¯¯¯¯¯¯¯¯¯¯¯¯¯¯¯¯¯¯¯¯¯¯¯¯¯¯¯¯¯¯¯¯¯¯¯¯¯¯¯¯¯¯¯¯¯¯¯¯¯¯¯¯¯¯¯¯¯¯¯¯¯¯¯¯¯¯¯¯¯¯¯¯¯¯¯¯¯¯¯¯¯¯¯¯¯¯¯¯¯¯¯¯¯¯¯
 Algorithm iteration 1 

 Predicted hypervolume improvement:    0.1937
 Time taken:   39.1785 

 Proposed evaluation point(s): 
      x1      x2      x3      x4      x5      x6
  0.3900  0.0600  0.0000  0.0000  0.1100  0.4400
  0.3700  0.0700  0.0000  0.0000  0.1400  0.4200
  0.4300  0.1300  0.0000  0.0000  0.1200  0.3200
  0.3600  0.0600  0.0000  0.0000  0.1200  0.4600

 Corresponding observation(s): 
      f1      f2      f3
-549.3418 -1.6885-95669.0833
-563.2144 -1.6398-96325.5559
-603.6574 -1.4334-97512.2932
-541.4626 -1.7169-94407.8402

 ¯¯¯¯¯¯¯¯¯¯¯¯¯¯¯¯¯¯¯¯¯¯¯¯¯¯¯¯¯¯¯¯¯¯¯¯¯¯¯¯¯¯¯¯¯¯¯¯¯¯¯¯¯¯¯¯¯¯¯¯¯¯¯¯¯¯¯¯¯¯¯¯¯¯¯¯¯¯¯¯¯¯¯¯¯¯¯¯¯¯¯¯¯¯¯¯¯¯¯¯¯¯
 Final algorithm output 

 Final input data matrix:
        x1        x2        x3        x4        x5        x6
    0.3200    0.1300    0.0500    0.2100    0.0400    0.2500
    0.0000    0.1800    0.2100    0.2800    0.2000    0.1300
    0.0000    0.0200    0.3800    0.0400    0.2900    0.2700
    0.1900    0.3000    0.1000    0.0600    0.0700    0.2800
    0.0800    0.1600    0.1400    0.0400    0.1900    0.3900
    0.3400    0.0600    0.2300    0.1600    0.1900    0.0200
    0.1400    0.1000    0.0700    0.2000    0.2700    0.2200
    0.0700    0.0700    0.3200    0.2100    0.0300    0.3000
    0.0200    0.0100    0.2700    0.1300    0.4900    0.0800
    0.0900    0.3200    0.0300    0.1300    0.3700    0.0600
    0.0800    0.2100    0.0200    0.0000    0.6100    0.0800
    0.0900    0.3200    0.0400    0.2100    0.1700    0.1700
    0.1400    0.3000    0.0700    0.1000    0.2500    0.1400
    0.0400    0.1700    0.0700    0.2200    0.2400    0.2600
    0.1700    0.1500    0.2800    0.2900    0.0000    0.1100
    0.1000    0.1400    0.1400    0.2600    0.2700    0.0900
    1.0000    0.0000    0.0000    0.0000    0.0000    0.0000
    0.0000    1.0000    0.0000    0.0000    0.0000    0.0000
    0.0000    0.0000    0.0000    1.0000    0.0000    0.0000
    0.6000    0.4000    0.0000    0.0000    0.0000    0.0000
    0.5500    0.4500    0.0000    0.0000    0.0000    0.0000
    0.5000    0.5000    0.0000    0.0000    0.0000    0.0000
    0.4500    0.5500    0.0000    0.0000    0.0000    0.0000
    0.4000    0.6000    0.0000    0.0000    0.0000    0.0000
    0.2700    0.4400    0.0900    0.0400    0.0800    0.0800
    0.0400    0.1900    0.3600    0.2000    0.1200    0.0900
    0.0000    0.5900    0.0000    0.0800    0.0800    0.2500
    0.0000    0.3900    0.1300    0.0700    0.0300    0.3800
    0.0100    0.5100    0.0000    0.1000    0.0200    0.3600
    0.0100    0.6200    0.0100    0.0300    0.1000    0.2300
    0.0600    0.3000    0.4100    0.0100    0.0100    0.2100
    0.0800    0.3200    0.5000    0.0700    0.0200    0.0100
    0.1500    0.2800    0.2500    0.0100    0.0600    0.2500
    0.0000    0.0000    0.0000    0.0000    0.0000    1.0000
    0.0000    0.0000    0.0000    0.0000    1.0000    0.0000
    0.0200    0.1100    0.0000    0.5000    0.0300    0.3400
    0.0100    0.1900    0.0000    0.0000    0.0000    0.8000
    0.0100    0.3900    0.0000    0.0200    0.0100    0.5700
    0.1800    0.1200    0.0000    0.3600    0.0000    0.3400
    0.0100    0.0000    0.1300    0.2500    0.0000    0.6100
    0.3200    0.0000    0.1200    0.0100    0.0000    0.5500
    0.0100    0.1500    0.1000    0.2100    0.0000    0.5300
    0.0100    0.0000    0.1500    0.2500    0.0000    0.5900
    0.1500    0.4500    0.0400    0.0300    0.0100    0.3200
    0.0500    0.3200    0.0000    0.5700    0.0600    0.0000
    0.3100    0.5200    0.0000    0.0800    0.0200    0.0700
    0.1500    0.0400    0.1300    0.6700    0.0100    0.0000
    0.0000    0.2100    0.2000    0.5800    0.0100    0.0000
    0.0000    0.0100    0.2800    0.6700    0.0100    0.0300
    0.0100    0.2800    0.1100    0.4600    0.1100    0.0300
    0.4900    0.0600    0.0000    0.1400    0.0200    0.2900
    0.1400    0.0000    0.0700    0.0100    0.0100    0.7700
    0.0300    0.5800    0.1800    0.0400    0.1000    0.0700
    0.0000    0.3100    0.0100    0.0200    0.1500    0.5100
    0.2500    0.0100    0.0100    0.0400    0.1300    0.5600
    0.2900    0.4500    0.0600    0.0800    0.1200    0.0000
    0.0200    0.0100    0.1600    0.0100    0.5000    0.3000
    0.0200    0.2400    0.0000    0.0300    0.2600    0.4500
    0.0000    0.0100    0.0000    0.0100    0.2700    0.7100
    0.0900    0.0200    0.0000    0.0600    0.4000    0.4300
    0.0000    0.1600    0.0000    0.0000    0.2500    0.5900
    0.3200    0.0900    0.0200    0.0100    0.0100    0.5500
    0.0000    0.0800    0.1300    0.0000    0.1100    0.6800
    0.3900    0.0100    0.0300    0.0000    0.0000    0.5700
    0.2600    0.1800    0.0200    0.0100    0.0100    0.5200
    0.2000    0.1600    0.0000    0.0000    0.0000    0.6400
    0.5100    0.3100    0.0700    0.0100    0.0100    0.0900
    0.1400    0.1700    0.0200    0.0000    0.0000    0.6700
    0.0000    0.0300    0.0200    0.2100    0.3200    0.4200
    0.5700    0.0000    0.1100    0.0100    0.1000    0.2100
    0.5100    0.2500    0.1000    0.0200    0.1200    0.0000
    0.5100    0.0100    0.0700    0.0200    0.1100    0.2800
    0.0000    0.0000    0.0000    0.0200    0.0000    0.9800
    0.6000    0.0000    0.0300    0.0000    0.0200    0.3500
    0.3400    0.0000    0.1100    0.0100    0.0600    0.4800
    0.4400    0.1100    0.1100    0.0000    0.0600    0.2800
    0.6600    0.0000    0.0800    0.0000    0.0000    0.2600
    0.3700    0.4700    0.1000    0.0000    0.0600    0.0000
    0.4400    0.3000    0.0900    0.0400    0.1300    0.0000
    0.2700    0.6100    0.1200    0.0000    0.0000    0.0000
    0.0100    0.0000    0.0000    0.0200    0.0800    0.8900
    0.2100    0.1100    0.0600    0.0000    0.1400    0.4800
    0.5200    0.0100    0.0100    0.0000    0.0000    0.4600
    0.0000    0.3800    0.0100    0.0000    0.0000    0.6100
    0.0000    0.3100    0.0100    0.0000    0.0000    0.6800
    0.3200    0.3400    0.0200    0.0000    0.0100    0.3100
    0.0100    0.4100    0.0000    0.0000    0.0100    0.5700
    0.0000    0.4100    0.0000    0.1300    0.0000    0.4600
    0.0000    0.1800    0.0000    0.2600    0.0100    0.5500
    0.0400    0.4500    0.0000    0.0700    0.0100    0.4300
    0.0000    0.2500    0.0000    0.2500    0.0000    0.5000
    0.3600    0.2000    0.0200    0.0800    0.0000    0.3400
    0.2100    0.0000    0.0000    0.3300    0.0100    0.4500
    0.2500    0.0000    0.0000    0.3100    0.0100    0.4300
    0.1900    0.0000    0.0000    0.3200    0.0100    0.4800
    0.0000    0.6300    0.1000    0.0000    0.0000    0.2700
    0.0000    0.6600    0.0900    0.0000    0.0000    0.2500
    0.0000    0.3300    0.1100    0.0100    0.0000    0.5500
    0.0000    0.6800    0.0900    0.0000    0.0100    0.2200
    0.3500    0.0000    0.0000    0.0100    0.0000    0.6400
    0.0100    0.0000    0.0000    0.3600    0.0000    0.6300
    0.4800    0.0000    0.0100    0.0000    0.1200    0.3900
    0.3900    0.0000    0.0000    0.0200    0.0100    0.5800
    0.4000    0.1700    0.0000    0.0000    0.1200    0.3100
    0.4400    0.2700    0.0000    0.0000    0.1700    0.1200
    0.3400    0.1400    0.0000    0.0000    0.1300    0.3900
    0.3300    0.1200    0.0000    0.0000    0.1300    0.4200
    0.3900    0.0000    0.0000    0.0000    0.2200    0.3900
    0.3900    0.3100    0.0000    0.0000    0.2200    0.0800
    0.4100    0.0000    0.0000    0.0000    0.2500    0.3400
    0.3500    0.0000    0.0000    0.0000    0.2000    0.4500
    0.3900    0.0600    0.0000    0.0000    0.1100    0.4400
    0.3700    0.0700    0.0000    0.0000    0.1400    0.4200
    0.4300    0.1300    0.0000    0.0000    0.1200    0.3200
    0.3600    0.0600    0.0000    0.0000    0.1200    0.4600

 Final output data matrix:
        f1        f2        f3
 -477.3645   -1.2974-78049.1925
 -454.7535   -1.3662-68112.8155
 -279.9044   -2.1133-51731.0693
 -469.5247   -1.7578-77876.9026
 -440.0426   -1.9634-76654.9118
 -365.6047   -1.2303-62118.0243
 -410.9856   -1.1190-66049.6554
 -136.1656   -0.8962-22268.5639
 -369.0088   -1.3142-61644.3643
 -533.9811   -0.8968-68784.7611
 -442.6768   -0.7257-59416.2131
 -507.4257   -0.9822-66650.9629
 -443.6008   -1.1184-65323.0907
 -489.5899   -1.3294-72483.9913
 -359.3333   -1.7335-60280.1487
 -485.2462   -0.8865-66192.4108
 -228.9585   -0.7284-49588.2084
 -435.6576   -1.1748-60782.1527
 -368.0328   -0.0378-29839.9581
 -558.3333   -1.0147-72324.3305
 -545.1107   -1.0090-76481.1353
 -595.9865   -1.0313-80252.0073
 -577.5167   -1.0272-78299.5278
 -603.0115   -1.0486-79494.8772
 -536.4679   -1.3385-83057.1828
 -380.6202   -1.5761-63939.3838
 -487.9964   -1.6929-74452.7693
 -492.2164   -2.0354-77476.1977
 -483.0457   -1.7036-74331.8675
 -461.0062   -1.5331-68683.9650
 -428.6732   -1.9582-73565.0149
 -420.3458   -1.7501-70958.0370
 -185.7397   -1.9998-39188.2443
 -307.5914   -2.9333-68673.8814
 -248.0791   -0.3369-41639.4837
 -330.4220   -1.6093-58954.7196
 -261.1897   -2.5356-54113.5267
 -374.3907   -2.1313-72005.0906
 -442.1932   -1.6426-73645.0393
 -325.5454   -2.2577-65492.6760
 -407.4563   -1.7142-79298.8675
 -280.7768   -2.0890-55835.4428
 -345.4445   -2.2639-66935.4850
 -337.8766   -1.7123-65225.4544
 -380.5099   -0.6146-47362.4095
 -423.7886   -1.3121-68132.9194
 -412.9137   -0.7221-59055.9302
 -389.7163   -1.2975-60315.7332
 -243.9299   -1.5816-43427.1956
 -418.8166   -1.1219-61444.5239
 -463.1094   -1.4660-81856.9346
 -260.4919   -1.9421-59060.6871
 -461.1271   -1.5697-75813.0466
 -434.9195   -1.9723-80545.7853
 -411.2741   -1.7072-85333.3874
 -593.8157   -1.0758-82484.6477
 -331.6431   -1.2261-62332.4475
 -461.8788   -1.5726-80820.6379
 -386.3988   -1.9098-76223.9832
 -458.6168   -1.3865-78606.8274
 -386.1546   -1.7969-73308.3934
 -420.6757   -1.8963-83069.8760
 -256.3444   -2.2542-53258.3199
 -343.7864   -1.8975-72697.8828
 -317.0968   -1.9236-66141.3310
 -405.5608   -1.9380-81223.2023
 -579.2708   -1.0437-87100.5169
 -297.2664   -2.2664-61771.9743
 -230.0024   -1.7750-53153.7094
 -296.3126   -0.8946-60049.3899
 -625.1337   -1.1253-94708.7918
 -559.4404   -1.5604-98460.5528
 -350.2734   -2.6724-74202.1381
 -483.8073   -1.5770-91455.1658
 -333.6048   -1.8340-67470.0844
 -401.3639   -1.5176-75081.6898
 -339.8147   -1.1731-68370.6235
 -619.8270   -1.3159-92324.8900
 -456.6095   -1.0320-73399.8497
 -527.1160   -1.2052-80673.3135
 -182.0132   -2.1459-33836.3245
 -299.4935   -1.9115-62779.5207
 -342.4831   -1.8084-73190.6083
 -292.5484   -2.1003-64376.6034
 -284.1961   -2.0337-60695.8700
 -418.6794   -1.5121-75788.0791
 -272.5130   -1.9527-60034.6655
 -324.9663   -1.9969-65021.8788
 -361.4059   -2.0913-69395.5054
 -310.1195   -1.9192-61302.0228
 -321.0298   -2.0199-62665.9535
 -408.2643   -1.5818-76317.7672
 -398.2560   -1.9114-74552.8783
 -437.9660   -1.8110-79745.2693
 -402.9772   -1.8842-75747.1961
 -367.7646   -1.7661-65605.9795
 -392.9406   -1.8913-69484.2021
 -317.1051   -2.1952-63761.7220
 -355.6015   -1.8014-64450.3268
 -438.2688   -2.1205-87348.6010
 -334.7339   -2.0407-65124.3183
 -514.0293   -1.5443-93643.6527
 -526.1093   -1.9176-98663.7705
 -555.0826   -1.4101-91162.3449
 -653.9760   -1.1215-96005.8355
 -613.3157   -1.3545-102903.8092
 -574.5688   -1.4762-99854.6710
 -596.1996   -1.5851-97568.0584
 -673.8733   -1.3085-96609.9429
 -570.9253   -1.5720-97057.6408
 -453.6160   -1.8559-85374.7271
 -549.3418   -1.6885-95669.0833
 -563.2144   -1.6398-96325.5559
 -603.6574   -1.4334-97512.2932
 -541.4626   -1.7169-94407.8402

 Input data matrix of corresponding Pareto front:
        x1        x2        x3        x4        x5        x6
    0.0000    0.3900    0.1300    0.0700    0.0300    0.3800
    0.0000    0.0000    0.0000    0.0000    0.0000    1.0000
    0.0100    0.3900    0.0000    0.0200    0.0100    0.5700
    0.5100    0.0100    0.0700    0.0200    0.1100    0.2800
    0.0000    0.0000    0.0000    0.0200    0.0000    0.9800
    0.3700    0.4700    0.1000    0.0000    0.0600    0.0000
    0.3500    0.0000    0.0000    0.0100    0.0000    0.6400
    0.3900    0.0000    0.0000    0.0200    0.0100    0.5800
    0.3400    0.1400    0.0000    0.0000    0.1300    0.3900
    0.3300    0.1200    0.0000    0.0000    0.1300    0.4200
    0.3900    0.0000    0.0000    0.0000    0.2200    0.3900
    0.3900    0.3100    0.0000    0.0000    0.2200    0.0800

 Output data matrix of corresponding Pareto front:
        f1        f2        f3
 -492.2164   -2.0354-77476.1977
 -307.5914   -2.9333-68673.8814
 -374.3907   -2.1313-72005.0906
 -559.4404   -1.5604-98460.5528
 -350.2734   -2.6724-74202.1381
 -619.8270   -1.3159-92324.8900
 -438.2688   -2.1205-87348.6010
 -526.1093   -1.9176-98663.7705
 -613.3157   -1.3545-102903.8092
 -574.5688   -1.4762-99854.6710
 -596.1996   -1.5851-97568.0584
 -673.8733   -1.3085-96609.9429

 Input data matrix of Pareto front of final Gaussian process model:
        x1        x2        x3        x4        x5        x6
    0.4316    0.3117    0.0000    0.0016    0.2457    0.0094
    0.4178    0.0035    0.0000    0.0018    0.2549    0.3220
    0.0000    0.0014    0.0000    0.0018    0.0018    0.9950
    0.4166    0.3454    0.0000    0.0023    0.2290    0.0066
    0.0000    0.0021    0.0000    0.0031    0.0047    0.9900
    0.2590    0.0003    0.0000    0.0026    0.0018    0.7364
    0.2591    0.0083    0.0000    0.0027    0.0072    0.7227
    0.1950    0.0012    0.0000    0.0007    0.0024    0.8007
    0.2819    0.0029    0.0000    0.0032    0.0057    0.7062
    0.1047    0.0011    0.0001    0.0005    0.0019    0.8916
    0.1906    0.0024    0.0000    0.0018    0.0014    0.8038
    0.2010    0.0015    0.0000    0.0020    0.0035    0.7920
    0.2384    0.0010    0.0001    0.0020    0.0016    0.7569
    0.1313    0.0009    0.0001    0.0024    0.0021    0.8631
    0.0117    0.0030    0.0000    0.0016    0.0029    0.9808
    0.1375    0.0011    0.0001    0.0025    0.0030    0.8557
    0.3763    0.0029    0.0000    0.0027    0.1838    0.4342
    0.3872    0.0091    0.0000    0.0059    0.2472    0.3507
    0.3830    0.0604    0.0000    0.0017    0.2023    0.3526
    0.1105    0.0012    0.0001    0.0005    0.0036    0.8841
    0.2932    0.0032    0.0000    0.0020    0.0015    0.7001
    0.3814    0.0012    0.0000    0.0031    0.0567    0.5575
    0.1531    0.0034    0.0000    0.0017    0.0013    0.8404
    0.1175    0.0024    0.0001    0.0014    0.0025    0.8760
    0.2436    0.0026    0.0000    0.0021    0.0015    0.7503
    0.0697    0.0013    0.0000    0.0017    0.0016    0.9257
    0.2334    0.0047    0.0000    0.0020    0.0018    0.7581
    0.2554    0.0022    0.0000    0.0017    0.0000    0.7407
    0.1847    0.0012    0.0000    0.0007    0.0023    0.8112
    0.3930    0.0012    0.0000    0.0031    0.0556    0.5471
    0.0304    0.0018    0.0000    0.0046    0.0042    0.9591
    0.2505    0.0008    0.0000    0.0008    0.0027    0.7452
    0.0638    0.0030    0.0000    0.0018    0.0023    0.9291
    0.3799    0.0017    0.0000    0.0030    0.0672    0.5482
    0.3999    0.0010    0.0000    0.0028    0.1747    0.4215
    0.4265    0.3164    0.0000    0.0018    0.2275    0.0278
    0.3891    0.0133    0.0000    0.0083    0.0111    0.5782
    0.3798    0.1707    0.0000    0.0003    0.1787    0.2705
    0.3481    0.0004    0.0000    0.0008    0.0132    0.6375
    0.3860    0.0012    0.0000    0.0035    0.0489    0.5603
    0.1460    0.0012    0.0001    0.0034    0.0038    0.8456
    0.1234    0.0036    0.0000    0.0019    0.0014    0.8696
    0.0983    0.0025    0.0001    0.0014    0.0026    0.8951
    0.4021    0.0013    0.0000    0.0048    0.1502    0.4414
    0.2291    0.0023    0.0000    0.0018    0.0000    0.7668
    0.3749    0.0031    0.0001    0.0021    0.0015    0.6183
    0.4234    0.0010    0.0000    0.0024    0.0265    0.5467
    0.2762    0.0021    0.0000    0.0033    0.0000    0.7184
    0.3810    0.0021    0.0000    0.0023    0.1117    0.5028
    0.3325    0.0004    0.0000    0.0008    0.0041    0.6621
    0.1457    0.0012    0.0001    0.0017    0.0013    0.8498
    0.4229    0.0072    0.0000    0.0068    0.2025    0.3607
    0.0301    0.0028    0.0000    0.0004    0.0023    0.9643
    0.2187    0.0010    0.0000    0.0011    0.0029    0.7763
    0.3169    0.0412    0.0000    0.0029    0.0000    0.6390
    0.3705    0.0013    0.0000    0.0022    0.1842    0.4418
    0.4288    0.3069    0.0000    0.0022    0.2029    0.0593
    0.2416    0.0166    0.0000    0.0021    0.0019    0.7379
    0.3766    0.2679    0.0000    0.0029    0.1774    0.1751
    0.4268    0.1450    0.0000    0.0045    0.1997    0.2240
    0.1765    0.0007    0.0001    0.0022    0.0017    0.8188
    0.3805    0.0030    0.0000    0.0026    0.1404    0.4735
    0.1692    0.0025    0.0000    0.0037    0.0014    0.8232
    0.3673    0.0013    0.0000    0.0021    0.1826    0.4466
    0.3547    0.2785    0.0000    0.0015    0.1775    0.1878
    0.3426    0.3361    0.0000    0.0029    0.1963    0.1221
    0.3087    0.0092    0.0001    0.0022    0.0034    0.6764
    0.3798    0.2167    0.0000    0.0034    0.1608    0.2393
    0.3581    0.0058    0.0001    0.0035    0.0503    0.5821
    0.3167    0.0010    0.0000    0.0008    0.0034    0.6782
    0.0021    0.1696    0.1607    0.0006    0.0031    0.5032
    0.0489    0.0037    0.0000    0.0015    0.0028    0.9430
    0.3760    0.0039    0.0000    0.0021    0.0971    0.5209
    0.3873    0.0040    0.0000    0.0022    0.0997    0.5067
    0.3585    0.0015    0.0000    0.0022    0.1043    0.5335
    0.2293    0.0027    0.0000    0.0029    0.0017    0.7635
    0.3938    0.0012    0.0000    0.0028    0.0265    0.5756
    0.3875    0.0022    0.0000    0.0033    0.0954    0.5115
    0.4317    0.0127    0.0000    0.0030    0.1909    0.3617
    0.3550    0.0058    0.0000    0.0032    0.0314    0.6046
    0.3755    0.0037    0.0001    0.0004    0.0072    0.6129
    0.2054    0.0024    0.0000    0.0018    0.0013    0.7891
    0.1727    0.0029    0.0000    0.0015    0.0021    0.8209
    0.3947    0.2191    0.0000    0.0028    0.2197    0.1637
    0.3899    0.2973    0.0000    0.0033    0.2190    0.0905
    0.4005    0.0042    0.0000    0.0005    0.1931    0.4018
    0.4030    0.1469    0.0000    0.0034    0.2024    0.2442
    0.3612    0.2835    0.0000    0.0015    0.1626    0.1912
    0.3586    0.3540    0.0000    0.0034    0.2246    0.0595
    0.4057    0.0042    0.0000    0.0005    0.1827    0.4070
    0.4140    0.1614    0.0000    0.0018    0.2214    0.2015
    0.3982    0.0131    0.0000    0.0031    0.1967    0.3889
    0.1145    0.0014    0.0001    0.0004    0.0023    0.8814
    0.3932    0.0029    0.0000    0.0033    0.1385    0.4622
    0.4070    0.3038    0.0000    0.0033    0.1933    0.0925
    0.3248    0.0041    0.0000    0.0019    0.0016    0.6677
    0.1241    0.0010    0.0001    0.0004    0.0064    0.8679
    0.4162    0.2979    0.0000    0.0021    0.2262    0.0576
    0.0138    0.0003    0.0000    0.0004    0.0087    0.9768
    0.4088    0.0020    0.0000    0.0022    0.1067    0.4802
    0.3563    0.1602    0.0000    0.0003    0.2294    0.2538
    0.3535    0.3299    0.0000    0.0047    0.1972    0.1146
    0.4124    0.0023    0.0000    0.0029    0.0112    0.5713
    0.0021    0.1797    0.1589    0.0017    0.0031    0.4957
    0.3903    0.1339    0.0000    0.0042    0.1844    0.2873
    0.4540    0.2434    0.0000    0.0028    0.1930    0.1067
    0.4328    0.2071    0.0000    0.0000    0.1880    0.1720
    0.3806    0.0018    0.0000    0.0020    0.1358    0.4797
    0.2056    0.0141    0.0000    0.0017    0.0016    0.7769
    0.0948    0.0031    0.0000    0.0018    0.0022    0.8981
    0.3946    0.0012    0.0000    0.0020    0.1347    0.4675
    0.3693    0.0000    0.0000    0.0034    0.0493    0.5779
    0.3851    0.0253    0.0001    0.0037    0.0193    0.5664
    0.3364    0.0030    0.0000    0.0026    0.0028    0.6552
    0.4141    0.1697    0.0000    0.0033    0.1753    0.2376
    0.3904    0.0043    0.0000    0.0024    0.0066    0.5962
    0.4060    0.0355    0.0000    0.0114    0.2341    0.3129
    0.0576    0.0063    0.0000    0.0017    0.0018    0.9326
    0.3871    0.0000    0.0000    0.0018    0.0699    0.5412
    0.2702    0.0005    0.0000    0.0010    0.0030    0.7254
    0.2784    0.0031    0.0000    0.0024    0.0017    0.7144
    0.0425    0.0028    0.0001    0.0004    0.0018    0.9524
    0.0027    0.0881    0.1567    0.0032    0.0026    0.5899
    0.2161    0.0007    0.0000    0.0007    0.0023    0.7802
    0.3635    0.3360    0.0000    0.0027    0.1655    0.1322
    0.1797    0.0025    0.0000    0.0013    0.0024    0.8141
    0.3627    0.0026    0.0000    0.0098    0.1278    0.4971
    0.4153    0.0095    0.0000    0.0019    0.1663    0.4069
    0.3575    0.0158    0.0000    0.0018    0.0097    0.6151
    0.0926    0.0010    0.0001    0.0004    0.0017    0.9042
    0.3754    0.0620    0.0000    0.0017    0.2311    0.3298
    0.4109    0.0093    0.0000    0.0036    0.2394    0.3367
    0.4335    0.0011    0.0000    0.0031    0.1894    0.3729
    0.3896    0.1634    0.0000    0.0011    0.1593    0.2866
    0.4111    0.0010    0.0000    0.0028    0.1715    0.4136
    0.3671    0.3393    0.0000    0.0032    0.1924    0.0980
    0.3842    0.0000    0.0000    0.0019    0.0824    0.5316
    0.4316    0.3117    0.0000    0.0016    0.2457    0.0094
    0.4136    0.0010    0.0000    0.0024    0.0270    0.5560
    0.0750    0.0010    0.0001    0.0024    0.0023    0.9191
    0.4360    0.0565    0.0000    0.0025    0.2371    0.2678
    0.2229    0.0024    0.0000    0.0019    0.0014    0.7714
    0.3096    0.0003    0.0000    0.0026    0.0018    0.6857
    0.4322    0.1139    0.0000    0.0036    0.1912    0.2591
    0.3908    0.0022    0.0000    0.0018    0.0726    0.5325
    0.4052    0.0133    0.0000    0.0031    0.1998    0.3785
    0.4242    0.2541    0.0000    0.0016    0.2488    0.0711
    0.4198    0.3750    0.0000    0.0018    0.1847    0.0187
    0.3267    0.0387    0.0000    0.0191    0.0011    0.6143
    0.3780    0.2187    0.0000    0.0083    0.2032    0.1919
    0.4055    0.1977    0.0000    0.0011    0.1832    0.2126
    0.3632    0.0051    0.0000    0.0019    0.0948    0.5350
    0.4001    0.0021    0.0000    0.0023    0.1082    0.4873
    0.2965    0.0140    0.0000    0.0006    0.0013    0.6875
    0.0022    0.1314    0.1681    0.0006    0.0033    0.5264
    0.1645    0.0009    0.0001    0.0004    0.0016    0.8325
    0.3855    0.0022    0.0000    0.0018    0.0733    0.5372
    0.0536    0.0040    0.0000    0.0017    0.0031    0.9376
    0.4280    0.2437    0.0000    0.0033    0.2181    0.1068
    0.4368    0.0009    0.0000    0.0029    0.1805    0.3789
    0.4173    0.0604    0.0000    0.0036    0.2379    0.2808
    0.2802    0.0024    0.0000    0.0016    0.0027    0.7131
    0.3407    0.0389    0.0000    0.0024    0.0012    0.6168
    0.4159    0.3097    0.0000    0.0032    0.2279    0.0433
    0.3766    0.0197    0.0000    0.0022    0.1016    0.5000
    0.2111    0.0024    0.0000    0.0028    0.0019    0.7817
    0.2714    0.0037    0.0000    0.0020    0.0014    0.7215
    0.3987    0.0596    0.0000    0.0077    0.2313    0.3026
    0.3688    0.3182    0.0000    0.0020    0.2138    0.0972
    0.0847    0.0031    0.0000    0.0015    0.0019    0.9088
    0.4075    0.0038    0.0000    0.0023    0.0102    0.5763
    0.4117    0.0762    0.0000    0.0048    0.1847    0.3227
    0.3004    0.0013    0.0000    0.0033    0.0102    0.6849
    0.3815    0.0861    0.0000    0.0004    0.2116    0.3203
    0.4427    0.0268    0.0001    0.0037    0.2416    0.2851
    0.1652    0.0032    0.0000    0.0012    0.0029    0.8275
    0.3956    0.0011    0.0000    0.0030    0.1417    0.4585
    0.0888    0.0014    0.0000    0.0010    0.0027    0.9060
    0.2948    0.0032    0.0000    0.0025    0.0018    0.6978
    0.3610    0.0043    0.0000    0.0034    0.1414    0.4899
    0.3488    0.0018    0.0000    0.0023    0.0091    0.6380
    0.0153    0.0004    0.0000    0.0031    0.0097    0.9715
    0.2130    0.0024    0.0000    0.0029    0.0019    0.7797
    0.3900    0.0011    0.0000    0.0030    0.1539    0.4521
    0.3506    0.0042    0.0000    0.0005    0.1797    0.4650
    0.0254    0.0028    0.0000    0.0004    0.0024    0.9690
    0.3921    0.0012    0.0000    0.0031    0.1264    0.4771
    0.3602    0.3230    0.0000    0.0037    0.2150    0.0982
    0.3211    0.0041    0.0000    0.0017    0.0016    0.6715
    0.0804    0.0027    0.0000    0.0014    0.0021    0.9133
    0.4010    0.0580    0.0000    0.0035    0.2286    0.3088
    0.0804    0.0029    0.0000    0.0014    0.0018    0.9134
    0.0750    0.0012    0.0001    0.0023    0.0026    0.9187
    0.3877    0.2772    0.0000    0.0055    0.2309    0.0987
    0.3701    0.0140    0.0000    0.0016    0.0127    0.6015
    0.4021    0.0002    0.0000    0.0005    0.1939    0.4034
    0.2974    0.0061    0.0000    0.0000    0.0016    0.6949
    0.3015    0.0040    0.0000    0.0018    0.0031    0.6896
    0.2229    0.0024    0.0000    0.0019    0.0014    0.7714
    0.3420    0.0037    0.0000    0.0017    0.0029    0.6496

 Output data matrix of Pareto front of final Gaussian process model:
        f1        f2        f3
 -668.5394   -0.9294-91111.7919
 -579.1162   -1.4127-98684.9014
 -287.3032   -2.7578-61811.8530
 -670.4092   -0.9577-90596.7308
 -287.5192   -2.7395-61673.3430
 -383.4552   -2.0805-77419.4629
 -386.9276   -2.0646-77999.0513
 -351.7429   -2.1806-71449.8695
 -396.9529   -2.0396-79882.9330
 -312.6939   -2.3888-64871.5364
 -349.4209   -2.1881-71066.3697
 -355.1360   -2.1659-72056.5136
 -372.9975   -2.1110-75450.2533
 -322.9187   -2.3104-66441.7453
 -289.0084   -2.7068-61864.8401
 -325.7409   -2.2923-66875.1382
 -543.2901   -1.6496-96318.7314
 -570.9444   -1.4690-98063.6192
 -574.2362   -1.4832-97552.4783
 -315.1452   -2.3658-65185.2618
 -400.3078   -2.0337-80599.8612
 -469.7621   -1.8762-90101.6782
 -332.1222   -2.2605-68005.5016
 -317.6069   -2.3454-65585.4566
 -375.8907   -2.1025-76004.6882
 -301.6011   -2.5009-63308.4307
 -371.0845   -2.1159-75106.8854
 -381.1069   -2.0889-77020.6843
 -346.7452   -2.1992-70544.7185
 -473.0161   -1.8680-90460.1572
 -292.4951   -2.6238-62086.3738
 -379.5350   -2.0925-76643.4757
 -300.0680   -2.5145-63066.4431
 -476.1745   -1.8627-90685.5971
 -547.3917   -1.6336-96699.0151
 -666.8301   -0.9809-91461.8330
 -447.0140   -1.9217-87675.4857
 -600.6737   -1.3481-96586.3928
 -430.0754   -1.9589-85528.2434
 -466.3797   -1.8828-89804.8025
 -329.5547   -2.2688-67488.6911
 -319.7776   -2.3306-65954.4388
 -310.5689   -2.4008-64514.4056
 -535.9743   -1.6809-95754.0716
 -367.9759   -2.1280-74540.3915
 -433.8927   -1.9510-86342.7609
 -462.2403   -1.8829-89497.8278
 -391.5109   -2.0582-78994.3569
 -505.3004   -1.7909-93255.5882
 -418.7552   -1.9867-83852.7687
 -328.7008   -2.2791-67425.5430
 -568.5726   -1.5111-98025.7572
 -292.0650   -2.6444-62180.9953
 -363.6733   -2.1398-73647.6101
 -417.0657   -1.9885-83373.3030
 -540.3613   -1.6621-96099.1132
 -660.0854   -1.0417-92069.8244
 -376.5717   -2.0957-76237.8316
 -628.2657   -1.2119-94354.4317
 -615.9447   -1.2264-97110.0791
 -342.6097   -2.2138-69823.9631
 -522.7656   -1.7354-94693.0070
 -339.4416   -2.2248-69272.2111
 -538.2418   -1.6707-95917.2303
 -621.9194   -1.2464-94063.6690
 -638.8024   -1.1779-92014.4650
 -409.3399   -2.0082-82191.3931
 -606.1616   -1.3125-95351.0716
 -457.7150   -1.8998-88649.6967
 -411.6558   -2.0047-82612.4673
 -355.6858   -2.2596-68400.0525
 -296.3335   -2.5656-62590.7474
 -494.5062   -1.8197-92280.7201
 -500.6116   -1.8022-92840.4464
 -491.0139   -1.8284-91893.0885
 -368.8510   -2.1226-74676.4605
 -454.5597   -1.9062-88709.2852
 -497.5901   -1.8106-92604.4867
 -567.6383   -1.5166-97836.3218
 -444.8324   -1.9263-87270.7701
 -437.2985   -1.9435-86732.0202
 -356.6045   -2.1629-72387.2909
 -341.2019   -2.2195-69566.2831
 -636.7192   -1.1324-95640.4078
 -654.6513   -1.0814-92981.6099
 -556.4154   -1.5883-97363.3843
 -611.4846   -1.2724-97336.5830
 -618.3130   -1.2624-93780.5903
 -657.0745   -1.0816-90991.8188
 -553.6915   -1.6029-97147.2309
 -624.9820   -1.1731-97036.6927
 -560.6674   -1.5619-97478.8956
 -316.3419   -2.3590-65412.9800
 -526.5650   -1.7197-95006.0477
 -652.6384   -1.0984-92722.4049
 -414.9081   -1.9964-83222.1452
 -320.9994   -2.3200-66013.4347
 -661.8837   -1.0229-92406.9922
 -289.9222   -2.6857-61792.6028
 -511.7458   -1.7637-93791.3330
 -607.0376   -1.2865-96867.2663
 -642.5873   -1.1591-92177.4420
 -450.3914   -1.9113-88347.3379
 -358.4418   -2.2481-68732.6843
 -595.5387   -1.3692-97116.7243
 -645.3985   -1.0606-93497.6701
 -631.1740   -1.1517-95519.3299
 -519.6292   -1.7468-94457.1980
 -357.7879   -2.1541-72698.8740
 -309.5167   -2.4110-64362.5891
 -524.0887   -1.7298-94851.3509
 -460.3032   -1.8956-89101.0487
 -452.8864   -1.9091-88093.7893
 -420.3613   -1.9826-84139.2960
