
 TSEMO log file created on 24-Feb-2020 

 This file shows the initial specifications of TSEMO and logs the output.
 ¯¯¯¯¯¯¯¯¯¯¯¯¯¯¯¯¯¯¯¯¯¯¯¯¯¯¯¯¯¯¯¯¯¯¯¯¯¯¯¯¯¯¯¯¯¯¯¯¯¯¯¯¯¯¯¯¯¯¯¯¯¯¯¯¯¯¯¯¯¯¯¯¯¯¯¯¯¯¯¯¯¯¯¯¯¯¯¯¯¯¯¯¯¯¯¯¯¯¯¯¯¯
 License information 

 BSD 2-Clause License 

 Copyright (c) 2017, Eric Bradford, Artur M. Schweidtmann and Alexei Lapkin
 All rights reserved. 

 Redistribution and use in source and binary forms, with or without
 modification, are permitted provided that the following conditions are met: 

 *Redistributions of source code must retain the above copyright notice, this   
  list of conditions and the following disclaimer. 

 *Redistributions in binary form must reproduce the above copyright notice,   
  this list of conditions and the following disclaimer in the documentation   
  and/or other materials provided with the distribution. 

 Modified by Mina Konakovic Lukovic 2019. 

 ¯¯¯¯¯¯¯¯¯¯¯¯¯¯¯¯¯¯¯¯¯¯¯¯¯¯¯¯¯¯¯¯¯¯¯¯¯¯¯¯¯¯¯¯¯¯¯¯¯¯¯¯¯¯¯¯¯¯¯¯¯¯¯¯¯¯¯¯¯¯¯¯¯¯¯¯¯¯¯¯¯¯¯¯¯¯¯¯¯¯¯¯¯¯¯¯¯¯¯¯¯¯
 Problem specifications 

 Function used:   consta 

 Number of inputs:   6
 Number of outputs:  3 

 Lower bounds of decision variables:
      x1      x2      x3      x4      x5      x6
  0.0000  0.0000  0.0000  0.0000  0.0000  0.0000
 
 Upper bounds of decision variables:
      x1      x2      x3      x4      x5      x6
  1.0000  1.0000  0.5000  1.0000  1.0000  1.0000
 ¯¯¯¯¯¯¯¯¯¯¯¯¯¯¯¯¯¯¯¯¯¯¯¯¯¯¯¯¯¯¯¯¯¯¯¯¯¯¯¯¯¯¯¯¯¯¯¯¯¯¯¯¯¯¯¯¯¯¯¯¯¯¯¯¯¯¯¯¯¯¯¯¯¯¯¯¯¯¯¯¯¯¯¯¯¯¯¯¯¯¯¯¯¯¯¯¯¯¯¯¯¯
 Algorithm options 

 Maximum number of function evaluations:  4
 Sample batch size:                       4
 Number of algorithm iterations:          1 

 Genetic algorithm population size:        200
 Genetic algorithm number of generations:  200 

                                               f1      f2      f3
 Number of spectral sampling points:         4000    4000    4000
 Type of matern function:                       5       5       5
 Direct evaluations per input dimension:      200     200     200
 ¯¯¯¯¯¯¯¯¯¯¯¯¯¯¯¯¯¯¯¯¯¯¯¯¯¯¯¯¯¯¯¯¯¯¯¯¯¯¯¯¯¯¯¯¯¯¯¯¯¯¯¯¯¯¯¯¯¯¯¯¯¯¯¯¯¯¯¯¯¯¯¯¯¯¯¯¯¯¯¯¯¯¯¯¯¯¯¯¯¯¯¯¯¯¯¯¯¯¯¯¯¯
 Initial data set 

 Number of initial data points:  111 

 Initial input data matrix:
      x1      x2      x3      x4      x5      x6
  0.3200  0.1300  0.0500  0.2100  0.0400  0.2500
  0.0000  0.1800  0.2100  0.2800  0.2000  0.1300
  0.0000  0.0200  0.3800  0.0400  0.2900  0.2700
  0.1900  0.3000  0.1000  0.0600  0.0700  0.2800
  0.0800  0.1600  0.1400  0.0400  0.1900  0.3900
  0.3400  0.0600  0.2300  0.1600  0.1900  0.0200
  0.1400  0.1000  0.0700  0.2000  0.2700  0.2200
  0.0700  0.0700  0.3200  0.2100  0.0300  0.3000
  0.0200  0.0100  0.2700  0.1300  0.4900  0.0800
  0.0900  0.3200  0.0300  0.1300  0.3700  0.0600
  0.0800  0.2100  0.0200  0.0000  0.6100  0.0800
  0.0900  0.3200  0.0400  0.2100  0.1700  0.1700
  0.1400  0.3000  0.0700  0.1000  0.2500  0.1400
  0.0400  0.1700  0.0700  0.2200  0.2400  0.2600
  0.1700  0.1500  0.2800  0.2900  0.0000  0.1100
  0.1000  0.1400  0.1400  0.2600  0.2700  0.0900
  1.0000  0.0000  0.0000  0.0000  0.0000  0.0000
  0.0000  1.0000  0.0000  0.0000  0.0000  0.0000
  0.0000  0.0000  0.0000  1.0000  0.0000  0.0000
  0.6000  0.4000  0.0000  0.0000  0.0000  0.0000
  0.5500  0.4500  0.0000  0.0000  0.0000  0.0000
  0.5000  0.5000  0.0000  0.0000  0.0000  0.0000
  0.4500  0.5500  0.0000  0.0000  0.0000  0.0000
  0.4000  0.6000  0.0000  0.0000  0.0000  0.0000
  0.2700  0.4400  0.0900  0.0400  0.0800  0.0800
  0.0400  0.1900  0.3600  0.2000  0.1200  0.0900
  0.0000  0.5900  0.0000  0.0800  0.0800  0.2500
  0.0000  0.3900  0.1300  0.0700  0.0300  0.3800
  0.0100  0.5100  0.0000  0.1000  0.0200  0.3600
  0.0100  0.6200  0.0100  0.0300  0.1000  0.2300
  0.0600  0.3000  0.4100  0.0100  0.0100  0.2100
  0.0800  0.3200  0.5000  0.0700  0.0200  0.0100
  0.1500  0.2800  0.2500  0.0100  0.0600  0.2500
  0.0000  0.0000  0.0000  0.0000  0.0000  1.0000
  0.0000  0.0000  0.0000  0.0000  1.0000  0.0000
  0.0200  0.1100  0.0000  0.5000  0.0300  0.3400
  0.0100  0.1900  0.0000  0.0000  0.0000  0.8000
  0.0100  0.3900  0.0000  0.0200  0.0100  0.5700
  0.1800  0.1200  0.0000  0.3600  0.0000  0.3400
  0.0100  0.0000  0.1300  0.2500  0.0000  0.6100
  0.3200  0.0000  0.1200  0.0100  0.0000  0.5500
  0.0100  0.1500  0.1000  0.2100  0.0000  0.5300
  0.0100  0.0000  0.1500  0.2500  0.0000  0.5900
  0.1500  0.4500  0.0400  0.0300  0.0100  0.3200
  0.0500  0.3200  0.0000  0.5700  0.0600  0.0000
  0.3100  0.5200  0.0000  0.0800  0.0200  0.0700
  0.1500  0.0400  0.1300  0.6700  0.0100  0.0000
  0.0000  0.2100  0.2000  0.5800  0.0100  0.0000
  0.0000  0.0100  0.2800  0.6700  0.0100  0.0300
  0.0100  0.2800  0.1100  0.4600  0.1100  0.0300
  0.4900  0.0600  0.0000  0.1400  0.0200  0.2900
  0.1400  0.0000  0.0700  0.0100  0.0100  0.7700
  0.0300  0.5800  0.1800  0.0400  0.1000  0.0700
  0.0000  0.3100  0.0100  0.0200  0.1500  0.5100
  0.2500  0.0100  0.0100  0.0400  0.1300  0.5600
  0.2900  0.4500  0.0600  0.0800  0.1200  0.0000
  0.0200  0.0100  0.1600  0.0100  0.5000  0.3000
  0.0200  0.2400  0.0000  0.0300  0.2600  0.4500
  0.0000  0.0100  0.0000  0.0100  0.2700  0.7100
  0.0900  0.0200  0.0000  0.0600  0.4000  0.4300
  0.0000  0.1600  0.0000  0.0000  0.2500  0.5900
  0.3200  0.0900  0.0200  0.0100  0.0100  0.5500
  0.0000  0.0800  0.1300  0.0000  0.1100  0.6800
  0.3900  0.0100  0.0300  0.0000  0.0000  0.5700
  0.2600  0.1800  0.0200  0.0100  0.0100  0.5200
  0.2000  0.1600  0.0000  0.0000  0.0000  0.6400
  0.5100  0.3100  0.0700  0.0100  0.0100  0.0900
  0.1400  0.1700  0.0200  0.0000  0.0000  0.6700
  0.0000  0.0300  0.0200  0.2100  0.3200  0.4200
  0.5700  0.0000  0.1100  0.0100  0.1000  0.2100
  0.5100  0.2500  0.1000  0.0200  0.1200  0.0000
  0.5100  0.0100  0.0700  0.0200  0.1100  0.2800
  0.0000  0.0000  0.0000  0.0200  0.0000  0.9800
  0.6000  0.0000  0.0300  0.0000  0.0200  0.3500
  0.3400  0.0000  0.1100  0.0100  0.0600  0.4800
  0.4400  0.1100  0.1100  0.0000  0.0600  0.2800
  0.6600  0.0000  0.0800  0.0000  0.0000  0.2600
  0.3700  0.4700  0.1000  0.0000  0.0600  0.0000
  0.4400  0.3000  0.0900  0.0400  0.1300  0.0000
  0.2700  0.6100  0.1200  0.0000  0.0000  0.0000
  0.0100  0.0000  0.0000  0.0200  0.0800  0.8900
  0.2100  0.1100  0.0600  0.0000  0.1400  0.4800
  0.5200  0.0100  0.0100  0.0000  0.0000  0.4600
  0.0000  0.3800  0.0100  0.0000  0.0000  0.6100
  0.0000  0.3100  0.0100  0.0000  0.0000  0.6800
  0.3200  0.3400  0.0200  0.0000  0.0100  0.3100
  0.0100  0.4100  0.0000  0.0000  0.0100  0.5700
  0.0000  0.4100  0.0000  0.1300  0.0000  0.4600
  0.0000  0.1800  0.0000  0.2600  0.0100  0.5500
  0.0400  0.4500  0.0000  0.0700  0.0100  0.4300
  0.0000  0.2500  0.0000  0.2500  0.0000  0.5000
  0.3600  0.2000  0.0200  0.0800  0.0000  0.3400
  0.2100  0.0000  0.0000  0.3300  0.0100  0.4500
  0.2500  0.0000  0.0000  0.3100  0.0100  0.4300
  0.1900  0.0000  0.0000  0.3200  0.0100  0.4800
  0.0000  0.6300  0.1000  0.0000  0.0000  0.2700
  0.0000  0.6600  0.0900  0.0000  0.0000  0.2500
  0.0000  0.3300  0.1100  0.0100  0.0000  0.5500
  0.0000  0.6800  0.0900  0.0000  0.0100  0.2200
  0.3500  0.0000  0.0000  0.0100  0.0000  0.6400
  0.0100  0.0000  0.0000  0.3600  0.0000  0.6300
  0.4800  0.0000  0.0100  0.0000  0.1200  0.3900
  0.3900  0.0000  0.0000  0.0200  0.0100  0.5800
  0.4000  0.1700  0.0000  0.0000  0.1200  0.3100
  0.4400  0.2700  0.0000  0.0000  0.1700  0.1200
  0.3400  0.1400  0.0000  0.0000  0.1300  0.3900
  0.3300  0.1200  0.0000  0.0000  0.1300  0.4200
  0.3900  0.0000  0.0000  0.0000  0.2200  0.3900
  0.3900  0.3100  0.0000  0.0000  0.2200  0.0800
  0.4100  0.0000  0.0000  0.0000  0.2500  0.3400
  0.3500  0.0000  0.0000  0.0000  0.2000  0.4500

 Initial output data matrix:
      f1      f2      f3
-477.3645 -1.2974-78049.1925
-454.7535 -1.3662-68112.8155
-279.9044 -2.1133-51731.0693
-469.5247 -1.7578-77876.9026
-440.0426 -1.9634-76654.9118
-365.6047 -1.2303-62118.0243
-410.9856 -1.1190-66049.6554
-136.1656 -0.8962-22268.5639
-369.0088 -1.3142-61644.3643
-533.9811 -0.8968-68784.7611
-442.6768 -0.7257-59416.2131
-507.4257 -0.9822-66650.9629
-443.6008 -1.1184-65323.0907
-489.5899 -1.3294-72483.9913
-359.3333 -1.7335-60280.1487
-485.2462 -0.8865-66192.4108
-228.9585 -0.7284-49588.2084
-435.6576 -1.1748-60782.1527
-368.0328 -0.0378-29839.9581
-558.3333 -1.0147-72324.3305
-545.1107 -1.0090-76481.1353
-595.9865 -1.0313-80252.0073
-577.5167 -1.0272-78299.5278
-603.0115 -1.0486-79494.8772
-536.4679 -1.3385-83057.1828
-380.6202 -1.5761-63939.3838
-487.9964 -1.6929-74452.7693
-492.2164 -2.0354-77476.1977
-483.0457 -1.7036-74331.8675
-461.0062 -1.5331-68683.9650
-428.6732 -1.9582-73565.0149
-420.3458 -1.7501-70958.0370
-185.7397 -1.9998-39188.2443
-307.5914 -2.9333-68673.8814
-248.0791 -0.3369-41639.4837
-330.4220 -1.6093-58954.7196
-261.1897 -2.5356-54113.5267
-374.3907 -2.1313-72005.0906
-442.1932 -1.6426-73645.0393
-325.5454 -2.2577-65492.6760
-407.4563 -1.7142-79298.8675
-280.7768 -2.0890-55835.4428
-345.4445 -2.2639-66935.4850
-337.8766 -1.7123-65225.4544
-380.5099 -0.6146-47362.4095
-423.7886 -1.3121-68132.9194
-412.9137 -0.7221-59055.9302
-389.7163 -1.2975-60315.7332
-243.9299 -1.5816-43427.1956
-418.8166 -1.1219-61444.5239
-463.1094 -1.4660-81856.9346
-260.4919 -1.9421-59060.6871
-461.1271 -1.5697-75813.0466
-434.9195 -1.9723-80545.7853
-411.2741 -1.7072-85333.3874
-593.8157 -1.0758-82484.6477
-331.6431 -1.2261-62332.4475
-461.8788 -1.5726-80820.6379
-386.3988 -1.9098-76223.9832
-458.6168 -1.3865-78606.8274
-386.1546 -1.7969-73308.3934
-420.6757 -1.8963-83069.8760
-256.3444 -2.2542-53258.3199
-343.7864 -1.8975-72697.8828
-317.0968 -1.9236-66141.3310
-405.5608 -1.9380-81223.2023
-579.2708 -1.0437-87100.5169
-297.2664 -2.2664-61771.9743
-230.0024 -1.7750-53153.7094
-296.3126 -0.8946-60049.3899
-625.1337 -1.1253-94708.7918
-559.4404 -1.5604-98460.5528
-350.2734 -2.6724-74202.1381
-483.8073 -1.5770-91455.1658
-333.6048 -1.8340-67470.0844
-401.3639 -1.5176-75081.6898
-339.8147 -1.1731-68370.6235
-619.8270 -1.3159-92324.8900
-456.6095 -1.0320-73399.8497
-527.1160 -1.2052-80673.3135
-182.0132 -2.1459-33836.3245
-299.4935 -1.9115-62779.5207
-342.4831 -1.8084-73190.6083
-292.5484 -2.1003-64376.6034
-284.1961 -2.0337-60695.8700
-418.6794 -1.5121-75788.0791
-272.5130 -1.9527-60034.6655
-324.9663 -1.9969-65021.8788
-361.4059 -2.0913-69395.5054
-310.1195 -1.9192-61302.0228
-321.0298 -2.0199-62665.9535
-408.2643 -1.5818-76317.7672
-398.2560 -1.9114-74552.8783
-437.9660 -1.8110-79745.2693
-402.9772 -1.8842-75747.1961
-367.7646 -1.7661-65605.9795
-392.9406 -1.8913-69484.2021
-317.1051 -2.1952-63761.7220
-355.6015 -1.8014-64450.3268
-438.2688 -2.1205-87348.6010
-334.7339 -2.0407-65124.3183
-514.0293 -1.5443-93643.6527
-526.1093 -1.9176-98663.7705
-555.0826 -1.4101-91162.3449
-653.9760 -1.1215-96005.8355
-613.3157 -1.3545-102903.8092
-574.5688 -1.4762-99854.6710
-596.1996 -1.5851-97568.0584
-673.8733 -1.3085-96609.9429
-570.9253 -1.5720-97057.6408
-453.6160 -1.8559-85374.7271

 ¯¯¯¯¯¯¯¯¯¯¯¯¯¯¯¯¯¯¯¯¯¯¯¯¯¯¯¯¯¯¯¯¯¯¯¯¯¯¯¯¯¯¯¯¯¯¯¯¯¯¯¯¯¯¯¯¯¯¯¯¯¯¯¯¯¯¯¯¯¯¯¯¯¯¯¯¯¯¯¯¯¯¯¯¯¯¯¯¯¯¯¯¯¯¯¯¯¯¯¯¯¯
 Algorithm iteration 1 

 Predicted hypervolume improvement:    0.2026
 Time taken:   50.9730 

 Proposed evaluation point(s): 
      x1      x2      x3      x4      x5      x6
  0.4700  0.0000  0.0000  0.0000  0.1400  0.3900
  0.4000  0.0000  0.0000  0.0000  0.1600  0.4400
  0.4600  0.0000  0.0000  0.0000  0.1100  0.4300
  0.0100  0.3700  0.1100  0.0000  0.0100  0.5000

 Corresponding observation(s): 
      f1      f2      f3
-540.7007 -1.5914-100535.0653
-544.4302 -1.6621-96831.4743
-528.5549 -1.6810-99550.0462
-265.7417 -2.1238-56009.9514

 ¯¯¯¯¯¯¯¯¯¯¯¯¯¯¯¯¯¯¯¯¯¯¯¯¯¯¯¯¯¯¯¯¯¯¯¯¯¯¯¯¯¯¯¯¯¯¯¯¯¯¯¯¯¯¯¯¯¯¯¯¯¯¯¯¯¯¯¯¯¯¯¯¯¯¯¯¯¯¯¯¯¯¯¯¯¯¯¯¯¯¯¯¯¯¯¯¯¯¯¯¯¯
 Final algorithm output 

 Final input data matrix:
        x1        x2        x3        x4        x5        x6
    0.3200    0.1300    0.0500    0.2100    0.0400    0.2500
    0.0000    0.1800    0.2100    0.2800    0.2000    0.1300
    0.0000    0.0200    0.3800    0.0400    0.2900    0.2700
    0.1900    0.3000    0.1000    0.0600    0.0700    0.2800
    0.0800    0.1600    0.1400    0.0400    0.1900    0.3900
    0.3400    0.0600    0.2300    0.1600    0.1900    0.0200
    0.1400    0.1000    0.0700    0.2000    0.2700    0.2200
    0.0700    0.0700    0.3200    0.2100    0.0300    0.3000
    0.0200    0.0100    0.2700    0.1300    0.4900    0.0800
    0.0900    0.3200    0.0300    0.1300    0.3700    0.0600
    0.0800    0.2100    0.0200    0.0000    0.6100    0.0800
    0.0900    0.3200    0.0400    0.2100    0.1700    0.1700
    0.1400    0.3000    0.0700    0.1000    0.2500    0.1400
    0.0400    0.1700    0.0700    0.2200    0.2400    0.2600
    0.1700    0.1500    0.2800    0.2900    0.0000    0.1100
    0.1000    0.1400    0.1400    0.2600    0.2700    0.0900
    1.0000    0.0000    0.0000    0.0000    0.0000    0.0000
    0.0000    1.0000    0.0000    0.0000    0.0000    0.0000
    0.0000    0.0000    0.0000    1.0000    0.0000    0.0000
    0.6000    0.4000    0.0000    0.0000    0.0000    0.0000
    0.5500    0.4500    0.0000    0.0000    0.0000    0.0000
    0.5000    0.5000    0.0000    0.0000    0.0000    0.0000
    0.4500    0.5500    0.0000    0.0000    0.0000    0.0000
    0.4000    0.6000    0.0000    0.0000    0.0000    0.0000
    0.2700    0.4400    0.0900    0.0400    0.0800    0.0800
    0.0400    0.1900    0.3600    0.2000    0.1200    0.0900
    0.0000    0.5900    0.0000    0.0800    0.0800    0.2500
    0.0000    0.3900    0.1300    0.0700    0.0300    0.3800
    0.0100    0.5100    0.0000    0.1000    0.0200    0.3600
    0.0100    0.6200    0.0100    0.0300    0.1000    0.2300
    0.0600    0.3000    0.4100    0.0100    0.0100    0.2100
    0.0800    0.3200    0.5000    0.0700    0.0200    0.0100
    0.1500    0.2800    0.2500    0.0100    0.0600    0.2500
    0.0000    0.0000    0.0000    0.0000    0.0000    1.0000
    0.0000    0.0000    0.0000    0.0000    1.0000    0.0000
    0.0200    0.1100    0.0000    0.5000    0.0300    0.3400
    0.0100    0.1900    0.0000    0.0000    0.0000    0.8000
    0.0100    0.3900    0.0000    0.0200    0.0100    0.5700
    0.1800    0.1200    0.0000    0.3600    0.0000    0.3400
    0.0100    0.0000    0.1300    0.2500    0.0000    0.6100
    0.3200    0.0000    0.1200    0.0100    0.0000    0.5500
    0.0100    0.1500    0.1000    0.2100    0.0000    0.5300
    0.0100    0.0000    0.1500    0.2500    0.0000    0.5900
    0.1500    0.4500    0.0400    0.0300    0.0100    0.3200
    0.0500    0.3200    0.0000    0.5700    0.0600    0.0000
    0.3100    0.5200    0.0000    0.0800    0.0200    0.0700
    0.1500    0.0400    0.1300    0.6700    0.0100    0.0000
    0.0000    0.2100    0.2000    0.5800    0.0100    0.0000
    0.0000    0.0100    0.2800    0.6700    0.0100    0.0300
    0.0100    0.2800    0.1100    0.4600    0.1100    0.0300
    0.4900    0.0600    0.0000    0.1400    0.0200    0.2900
    0.1400    0.0000    0.0700    0.0100    0.0100    0.7700
    0.0300    0.5800    0.1800    0.0400    0.1000    0.0700
    0.0000    0.3100    0.0100    0.0200    0.1500    0.5100
    0.2500    0.0100    0.0100    0.0400    0.1300    0.5600
    0.2900    0.4500    0.0600    0.0800    0.1200    0.0000
    0.0200    0.0100    0.1600    0.0100    0.5000    0.3000
    0.0200    0.2400    0.0000    0.0300    0.2600    0.4500
    0.0000    0.0100    0.0000    0.0100    0.2700    0.7100
    0.0900    0.0200    0.0000    0.0600    0.4000    0.4300
    0.0000    0.1600    0.0000    0.0000    0.2500    0.5900
    0.3200    0.0900    0.0200    0.0100    0.0100    0.5500
    0.0000    0.0800    0.1300    0.0000    0.1100    0.6800
    0.3900    0.0100    0.0300    0.0000    0.0000    0.5700
    0.2600    0.1800    0.0200    0.0100    0.0100    0.5200
    0.2000    0.1600    0.0000    0.0000    0.0000    0.6400
    0.5100    0.3100    0.0700    0.0100    0.0100    0.0900
    0.1400    0.1700    0.0200    0.0000    0.0000    0.6700
    0.0000    0.0300    0.0200    0.2100    0.3200    0.4200
    0.5700    0.0000    0.1100    0.0100    0.1000    0.2100
    0.5100    0.2500    0.1000    0.0200    0.1200    0.0000
    0.5100    0.0100    0.0700    0.0200    0.1100    0.2800
    0.0000    0.0000    0.0000    0.0200    0.0000    0.9800
    0.6000    0.0000    0.0300    0.0000    0.0200    0.3500
    0.3400    0.0000    0.1100    0.0100    0.0600    0.4800
    0.4400    0.1100    0.1100    0.0000    0.0600    0.2800
    0.6600    0.0000    0.0800    0.0000    0.0000    0.2600
    0.3700    0.4700    0.1000    0.0000    0.0600    0.0000
    0.4400    0.3000    0.0900    0.0400    0.1300    0.0000
    0.2700    0.6100    0.1200    0.0000    0.0000    0.0000
    0.0100    0.0000    0.0000    0.0200    0.0800    0.8900
    0.2100    0.1100    0.0600    0.0000    0.1400    0.4800
    0.5200    0.0100    0.0100    0.0000    0.0000    0.4600
    0.0000    0.3800    0.0100    0.0000    0.0000    0.6100
    0.0000    0.3100    0.0100    0.0000    0.0000    0.6800
    0.3200    0.3400    0.0200    0.0000    0.0100    0.3100
    0.0100    0.4100    0.0000    0.0000    0.0100    0.5700
    0.0000    0.4100    0.0000    0.1300    0.0000    0.4600
    0.0000    0.1800    0.0000    0.2600    0.0100    0.5500
    0.0400    0.4500    0.0000    0.0700    0.0100    0.4300
    0.0000    0.2500    0.0000    0.2500    0.0000    0.5000
    0.3600    0.2000    0.0200    0.0800    0.0000    0.3400
    0.2100    0.0000    0.0000    0.3300    0.0100    0.4500
    0.2500    0.0000    0.0000    0.3100    0.0100    0.4300
    0.1900    0.0000    0.0000    0.3200    0.0100    0.4800
    0.0000    0.6300    0.1000    0.0000    0.0000    0.2700
    0.0000    0.6600    0.0900    0.0000    0.0000    0.2500
    0.0000    0.3300    0.1100    0.0100    0.0000    0.5500
    0.0000    0.6800    0.0900    0.0000    0.0100    0.2200
    0.3500    0.0000    0.0000    0.0100    0.0000    0.6400
    0.0100    0.0000    0.0000    0.3600    0.0000    0.6300
    0.4800    0.0000    0.0100    0.0000    0.1200    0.3900
    0.3900    0.0000    0.0000    0.0200    0.0100    0.5800
    0.4000    0.1700    0.0000    0.0000    0.1200    0.3100
    0.4400    0.2700    0.0000    0.0000    0.1700    0.1200
    0.3400    0.1400    0.0000    0.0000    0.1300    0.3900
    0.3300    0.1200    0.0000    0.0000    0.1300    0.4200
    0.3900    0.0000    0.0000    0.0000    0.2200    0.3900
    0.3900    0.3100    0.0000    0.0000    0.2200    0.0800
    0.4100    0.0000    0.0000    0.0000    0.2500    0.3400
    0.3500    0.0000    0.0000    0.0000    0.2000    0.4500
    0.4700    0.0000    0.0000    0.0000    0.1400    0.3900
    0.4000    0.0000    0.0000    0.0000    0.1600    0.4400
    0.4600    0.0000    0.0000    0.0000    0.1100    0.4300
    0.0100    0.3700    0.1100    0.0000    0.0100    0.5000

 Final output data matrix:
        f1        f2        f3
 -477.3645   -1.2974-78049.1925
 -454.7535   -1.3662-68112.8155
 -279.9044   -2.1133-51731.0693
 -469.5247   -1.7578-77876.9026
 -440.0426   -1.9634-76654.9118
 -365.6047   -1.2303-62118.0243
 -410.9856   -1.1190-66049.6554
 -136.1656   -0.8962-22268.5639
 -369.0088   -1.3142-61644.3643
 -533.9811   -0.8968-68784.7611
 -442.6768   -0.7257-59416.2131
 -507.4257   -0.9822-66650.9629
 -443.6008   -1.1184-65323.0907
 -489.5899   -1.3294-72483.9913
 -359.3333   -1.7335-60280.1487
 -485.2462   -0.8865-66192.4108
 -228.9585   -0.7284-49588.2084
 -435.6576   -1.1748-60782.1527
 -368.0328   -0.0378-29839.9581
 -558.3333   -1.0147-72324.3305
 -545.1107   -1.0090-76481.1353
 -595.9865   -1.0313-80252.0073
 -577.5167   -1.0272-78299.5278
 -603.0115   -1.0486-79494.8772
 -536.4679   -1.3385-83057.1828
 -380.6202   -1.5761-63939.3838
 -487.9964   -1.6929-74452.7693
 -492.2164   -2.0354-77476.1977
 -483.0457   -1.7036-74331.8675
 -461.0062   -1.5331-68683.9650
 -428.6732   -1.9582-73565.0149
 -420.3458   -1.7501-70958.0370
 -185.7397   -1.9998-39188.2443
 -307.5914   -2.9333-68673.8814
 -248.0791   -0.3369-41639.4837
 -330.4220   -1.6093-58954.7196
 -261.1897   -2.5356-54113.5267
 -374.3907   -2.1313-72005.0906
 -442.1932   -1.6426-73645.0393
 -325.5454   -2.2577-65492.6760
 -407.4563   -1.7142-79298.8675
 -280.7768   -2.0890-55835.4428
 -345.4445   -2.2639-66935.4850
 -337.8766   -1.7123-65225.4544
 -380.5099   -0.6146-47362.4095
 -423.7886   -1.3121-68132.9194
 -412.9137   -0.7221-59055.9302
 -389.7163   -1.2975-60315.7332
 -243.9299   -1.5816-43427.1956
 -418.8166   -1.1219-61444.5239
 -463.1094   -1.4660-81856.9346
 -260.4919   -1.9421-59060.6871
 -461.1271   -1.5697-75813.0466
 -434.9195   -1.9723-80545.7853
 -411.2741   -1.7072-85333.3874
 -593.8157   -1.0758-82484.6477
 -331.6431   -1.2261-62332.4475
 -461.8788   -1.5726-80820.6379
 -386.3988   -1.9098-76223.9832
 -458.6168   -1.3865-78606.8274
 -386.1546   -1.7969-73308.3934
 -420.6757   -1.8963-83069.8760
 -256.3444   -2.2542-53258.3199
 -343.7864   -1.8975-72697.8828
 -317.0968   -1.9236-66141.3310
 -405.5608   -1.9380-81223.2023
 -579.2708   -1.0437-87100.5169
 -297.2664   -2.2664-61771.9743
 -230.0024   -1.7750-53153.7094
 -296.3126   -0.8946-60049.3899
 -625.1337   -1.1253-94708.7918
 -559.4404   -1.5604-98460.5528
 -350.2734   -2.6724-74202.1381
 -483.8073   -1.5770-91455.1658
 -333.6048   -1.8340-67470.0844
 -401.3639   -1.5176-75081.6898
 -339.8147   -1.1731-68370.6235
 -619.8270   -1.3159-92324.8900
 -456.6095   -1.0320-73399.8497
 -527.1160   -1.2052-80673.3135
 -182.0132   -2.1459-33836.3245
 -299.4935   -1.9115-62779.5207
 -342.4831   -1.8084-73190.6083
 -292.5484   -2.1003-64376.6034
 -284.1961   -2.0337-60695.8700
 -418.6794   -1.5121-75788.0791
 -272.5130   -1.9527-60034.6655
 -324.9663   -1.9969-65021.8788
 -361.4059   -2.0913-69395.5054
 -310.1195   -1.9192-61302.0228
 -321.0298   -2.0199-62665.9535
 -408.2643   -1.5818-76317.7672
 -398.2560   -1.9114-74552.8783
 -437.9660   -1.8110-79745.2693
 -402.9772   -1.8842-75747.1961
 -367.7646   -1.7661-65605.9795
 -392.9406   -1.8913-69484.2021
 -317.1051   -2.1952-63761.7220
 -355.6015   -1.8014-64450.3268
 -438.2688   -2.1205-87348.6010
 -334.7339   -2.0407-65124.3183
 -514.0293   -1.5443-93643.6527
 -526.1093   -1.9176-98663.7705
 -555.0826   -1.4101-91162.3449
 -653.9760   -1.1215-96005.8355
 -613.3157   -1.3545-102903.8092
 -574.5688   -1.4762-99854.6710
 -596.1996   -1.5851-97568.0584
 -673.8733   -1.3085-96609.9429
 -570.9253   -1.5720-97057.6408
 -453.6160   -1.8559-85374.7271
 -540.7007   -1.5914-100535.0653
 -544.4302   -1.6621-96831.4743
 -528.5549   -1.6810-99550.0462
 -265.7417   -2.1238-56009.9514

 Input data matrix of corresponding Pareto front:
        x1        x2        x3        x4        x5        x6
    0.0000    0.3900    0.1300    0.0700    0.0300    0.3800
    0.0000    0.0000    0.0000    0.0000    0.0000    1.0000
    0.0100    0.3900    0.0000    0.0200    0.0100    0.5700
    0.5100    0.0100    0.0700    0.0200    0.1100    0.2800
    0.0000    0.0000    0.0000    0.0200    0.0000    0.9800
    0.3700    0.4700    0.1000    0.0000    0.0600    0.0000
    0.3500    0.0000    0.0000    0.0100    0.0000    0.6400
    0.3900    0.0000    0.0000    0.0200    0.0100    0.5800
    0.3400    0.1400    0.0000    0.0000    0.1300    0.3900
    0.3300    0.1200    0.0000    0.0000    0.1300    0.4200
    0.3900    0.0000    0.0000    0.0000    0.2200    0.3900
    0.3900    0.3100    0.0000    0.0000    0.2200    0.0800

 Output data matrix of corresponding Pareto front:
        f1        f2        f3
 -492.2164   -2.0354-77476.1977
 -307.5914   -2.9333-68673.8814
 -374.3907   -2.1313-72005.0906
 -559.4404   -1.5604-98460.5528
 -350.2734   -2.6724-74202.1381
 -619.8270   -1.3159-92324.8900
 -438.2688   -2.1205-87348.6010
 -526.1093   -1.9176-98663.7705
 -613.3157   -1.3545-102903.8092
 -574.5688   -1.4762-99854.6710
 -596.1996   -1.5851-97568.0584
 -673.8733   -1.3085-96609.9429

 Input data matrix of Pareto front of final Gaussian process model:
        x1        x2        x3        x4        x5        x6
    0.4261    0.0000    0.0000    0.0007    0.2295    0.3436
    0.4257    0.3059    0.0003    0.0021    0.2651    0.0006
    0.4668    0.2498    0.0012    0.0023    0.2787    0.0000
    0.0000    0.0000    0.0006    0.0002    0.0006    0.9980
    0.3852    0.0044    0.0001    0.0000    0.0000    0.6103
    0.0163    0.0003    0.0000    0.0017    0.0002    0.9815
    0.1597    0.0000    0.0001    0.0005    0.0015    0.8382
    0.2610    0.0194    0.0001    0.0011    0.0014    0.7170
    0.3871    0.0117    0.0001    0.0013    0.0207    0.5790
    0.3754    0.0000    0.0004    0.0001    0.0004    0.6233
    0.3811    0.0116    0.0001    0.0258    0.0114    0.5701
    0.1135    0.0011    0.0001    0.0006    0.0016    0.8831
    0.3822    0.0000    0.0001    0.0014    0.1872    0.4291
    0.4488    0.2941    0.0011    0.0022    0.2527    0.0000
    0.3734    0.0015    0.0001    0.0000    0.1159    0.5089
    0.1790    0.0005    0.0000    0.0000    0.0002    0.8202
    0.2831    0.0003    0.0000    0.0005    0.0009    0.7151
    0.3416    0.0059    0.0001    0.0000    0.0791    0.5732
    0.3632    0.0015    0.0000    0.0002    0.1721    0.4630
    0.1783    0.0099    0.0001    0.0001    0.0010    0.8107
    0.2299    0.0000    0.0001    0.0005    0.0009    0.7684
    0.3883    0.0033    0.0000    0.0000    0.1614    0.4469
    0.1717    0.0012    0.0000    0.0007    0.0018    0.8246
    0.4207    0.0278    0.0000    0.0012    0.2142    0.3361
    0.0000    0.0037    0.0000    0.0005    0.0004    0.9954
    0.2507    0.0029    0.0001    0.0011    0.0011    0.7440
    0.2577    0.0000    0.0000    0.0009    0.0000    0.7413
    0.4562    0.2039    0.0000    0.0021    0.2272    0.1105
    0.2489    0.0000    0.0001    0.0005    0.0010    0.7493
    0.1653    0.0000    0.0001    0.0004    0.0011    0.8330
    0.0208    0.0036    0.0001    0.0014    0.0040    0.9699
    0.3021    0.0008    0.0000    0.0002    0.0000    0.6969
    0.2779    0.0033    0.0001    0.0014    0.0000    0.7173
    0.4168    0.0000    0.0001    0.0000    0.2200    0.3631
    0.3182    0.0034    0.0001    0.0005    0.0000    0.6777
    0.3871    0.0000    0.0001    0.0002    0.1775    0.4351
    0.3328    0.0059    0.0002    0.0015    0.0010    0.6584
    0.3566    0.0000    0.0000    0.0000    0.0800    0.5634
    0.3684    0.1782    0.0001    0.0007    0.1829    0.2695
    0.4529    0.1245    0.0001    0.0002    0.1703    0.2519
    0.3259    0.2689    0.0000    0.0001    0.1916    0.2134
    0.3449    0.0006    0.0003    0.0022    0.1171    0.5346
    0.2014    0.0040    0.0000    0.0012    0.0000    0.7933
    0.1348    0.0010    0.0001    0.0004    0.0028    0.8609
    0.0611    0.0013    0.0001    0.0005    0.0011    0.9357
    0.1313    0.0028    0.0000    0.0021    0.0004    0.8634
    0.1222    0.0000    0.0001    0.0002    0.0010    0.8763
    0.3996    0.3770    0.0012    0.0015    0.2195    0.0000
    0.0671    0.0016    0.0002    0.0004    0.0012    0.9294
    0.2862    0.0057    0.0000    0.0001    0.0006    0.7072
    0.3733    0.0181    0.0001    0.0028    0.0426    0.5631
    0.3929    0.0049    0.0001    0.0001    0.1987    0.4032
    0.4251    0.1851    0.0001    0.0023    0.2153    0.1720
    0.3204    0.0059    0.0000    0.0006    0.0009    0.6721
    0.4162    0.0010    0.0000    0.0011    0.2110    0.3707
    0.3618    0.1916    0.0001    0.0015    0.1891    0.2559
    0.3047    0.0096    0.0001    0.0001    0.0003    0.6852
    0.3567    0.0067    0.0000    0.0006    0.0000    0.6360
    0.3815    0.0070    0.0001    0.0010    0.1150    0.4954
    0.4280    0.0054    0.0001    0.0001    0.2378    0.3285
    0.0538    0.0011    0.0001    0.0019    0.0030    0.9401
    0.3427    0.0034    0.0000    0.0024    0.0000    0.6515
    0.1932    0.0010    0.0001    0.0010    0.0002    0.8044
    0.2590    0.0048    0.0000    0.0001    0.0007    0.7353
    0.4501    0.3465    0.0001    0.0014    0.2018    0.0000
    0.4109    0.2881    0.0001    0.0012    0.2574    0.0423
    0.3837    0.0351    0.0001    0.0006    0.0033    0.5770
    0.3606    0.2470    0.0000    0.0001    0.1962    0.1961
    0.1407    0.0000    0.0001    0.0003    0.0010    0.8577
    0.0938    0.0041    0.0000    0.0005    0.0032    0.8983
    0.1420    0.0046    0.0001    0.0002    0.0010    0.8520
    0.3888    0.3549    0.0001    0.0006    0.1918    0.0638
    0.4176    0.0017    0.0001    0.0001    0.0113    0.5692
    0.2107    0.0009    0.0000    0.0005    0.0014    0.7864
    0.4047    0.0034    0.0001    0.0078    0.0692    0.5147
    0.0480    0.0011    0.0001    0.0020    0.0030    0.9458
    0.3960    0.1438    0.0000    0.0032    0.1745    0.2825
    0.3920    0.2877    0.0000    0.0020    0.2307    0.0875
    0.3786    0.2591    0.0000    0.0019    0.2107    0.1497
    0.3488    0.0043    0.0001    0.0000    0.0005    0.6463
    0.3391    0.0030    0.0001    0.0013    0.0000    0.6565
    0.3673    0.0137    0.0000    0.0009    0.1952    0.4228
    0.2051    0.0049    0.0001    0.0004    0.0000    0.7895
    0.1496    0.0008    0.0003    0.0000    0.0016    0.8473
    0.3763    0.2261    0.0000    0.0026    0.2032    0.1919
    0.1104    0.0017    0.0000    0.0003    0.0011    0.8864
    0.1969    0.0000    0.0001    0.0012    0.0011    0.8006
    0.0852    0.0030    0.0000    0.0003    0.0009    0.9105
    0.3945    0.0015    0.0000    0.0002    0.1432    0.4605
    0.1554    0.0000    0.0000    0.0000    0.0009    0.8436
    0.3606    0.3007    0.0000    0.0014    0.1745    0.1628
    0.2365    0.0000    0.0001    0.0002    0.0000    0.7631
    0.3284    0.0045    0.0001    0.0012    0.0000    0.6657
    0.4279    0.2801    0.0001    0.0133    0.2111    0.0675
    0.0995    0.0010    0.0000    0.0006    0.0016    0.8971
    0.4069    0.1259    0.0000    0.0003    0.2307    0.2362
    0.4120    0.3367    0.0001    0.0014    0.2497    0.0000
    0.4048    0.2782    0.0000    0.0017    0.2507    0.0646
    0.3837    0.0000    0.0000    0.0004    0.1470    0.4689
    0.4104    0.0047    0.0001    0.0001    0.1929    0.3916
    0.3625    0.0014    0.0000    0.0002    0.1553    0.4807
    0.2235    0.0056    0.0001    0.0000    0.0008    0.7699
    0.3972    0.0007    0.0001    0.0012    0.0000    0.6008
    0.1867    0.0000    0.0001    0.0020    0.0009    0.8101
    0.3827    0.0037    0.0001    0.0068    0.1014    0.5052
    0.3897    0.1577    0.0031    0.0016    0.1974    0.2475
    0.2324    0.0036    0.0000    0.0011    0.0000    0.7627
    0.1907    0.0001    0.0000    0.0010    0.0007    0.8074
    0.3972    0.0027    0.0001    0.0006    0.0034    0.5959
    0.3792    0.0017    0.0002    0.0001    0.1353    0.4834
    0.1481    0.0000    0.0001    0.0002    0.0004    0.8511
    0.1062    0.0010    0.0000    0.0006    0.0016    0.8905
    0.0377    0.0040    0.0000    0.0005    0.0032    0.9546
    0.4604    0.1693    0.0000    0.0020    0.2948    0.0735
    0.0310    0.0024    0.0001    0.0011    0.0014    0.9639
    0.3905    0.0154    0.0005    0.0011    0.2433    0.3487
    0.3832    0.0000    0.0001    0.0012    0.0976    0.5179
    0.3827    0.0000    0.0001    0.0002    0.0423    0.5746
    0.3436    0.1852    0.0001    0.0007    0.1901    0.2801
    0.3954    0.0000    0.0001    0.0007    0.2187    0.3849
    0.3682    0.1813    0.0001    0.0023    0.2109    0.2372
    0.2086    0.0000    0.0001    0.0003    0.0009    0.7899
    0.2141    0.0018    0.0000    0.0000    0.0008    0.7832
    0.4082    0.1499    0.0000    0.0002    0.2021    0.2396
    0.3698    0.0468    0.0000    0.0008    0.2068    0.3758
    0.1530    0.0010    0.0001    0.0006    0.0016    0.8437
    0.1252    0.0051    0.0000    0.0044    0.0009    0.8645
    0.1033    0.0012    0.0000    0.0006    0.0016    0.8932
    0.4017    0.0000    0.0001    0.0026    0.1828    0.4128
    0.2958    0.0024    0.0001    0.0003    0.0004    0.7010
    0.3991    0.3181    0.0001    0.0008    0.2162    0.0656
    0.3567    0.0016    0.0000    0.0002    0.1454    0.4962
    0.0435    0.0044    0.0001    0.0013    0.0017    0.9490
    0.3467    0.0015    0.0000    0.0002    0.1643    0.4874
    0.0904    0.0037    0.0001    0.0005    0.0019    0.9033
    0.1249    0.0016    0.0001    0.0013    0.0021    0.8700
    0.3819    0.0000    0.0001    0.0002    0.1752    0.4426
    0.3890    0.0048    0.0001    0.0001    0.1967    0.4092
    0.3669    0.0029    0.0000    0.0009    0.0442    0.5850
    0.3919    0.0017    0.0000    0.0003    0.2149    0.3911
    0.3242    0.0021    0.0001    0.0014    0.0026    0.6695
    0.3605    0.2757    0.0000    0.0013    0.1989    0.1635
    0.2411    0.0060    0.0000    0.0014    0.0014    0.7501
    0.3859    0.2970    0.0001    0.0012    0.1730    0.1428
    0.4323    0.1930    0.0005    0.0001    0.2305    0.1431
    0.3890    0.0031    0.0001    0.0011    0.0959    0.5108
    0.1954    0.0110    0.0001    0.0001    0.0011    0.7922
    0.0791    0.0040    0.0000    0.0004    0.0000    0.9165
    0.4241    0.0000    0.0001    0.0019    0.2776    0.2962
    0.3790    0.0040    0.0001    0.0073    0.0664    0.5431
    0.3441    0.0000    0.0000    0.0000    0.0824    0.5735
    0.4360    0.1742    0.0001    0.0015    0.2016    0.1866
    0.2403    0.0000    0.0002    0.0001    0.0000    0.7592
    0.4407    0.1838    0.0005    0.0002    0.2176    0.1568
    0.4335    0.1808    0.0005    0.0002    0.2304    0.1542
    0.3547    0.0015    0.0001    0.0002    0.1448    0.4986
    0.3077    0.0071    0.0000    0.0003    0.0001    0.6847
    0.4026    0.3675    0.0001    0.0006    0.2028    0.0264
    0.2757    0.0008    0.0000    0.0001    0.0000    0.7233
    0.3593    0.3232    0.0000    0.0019    0.2123    0.1033
    0.3563    0.0023    0.0000    0.0017    0.0044    0.6352
    0.1678    0.0031    0.0001    0.0012    0.0000    0.8277
    0.3959    0.1724    0.0001    0.0022    0.2006    0.2289
    0.2401    0.0012    0.0001    0.0000    0.0010    0.7576
    0.2621    0.0042    0.0000    0.0036    0.0007    0.7293
    0.2757    0.0008    0.0000    0.0001    0.0000    0.7232
    0.2938    0.0065    0.0001    0.0010    0.0029    0.6957
    0.0788    0.0040    0.0000    0.0006    0.0032    0.9134
    0.0748    0.0016    0.0000    0.0006    0.0000    0.9229
    0.4237    0.2075    0.0004    0.0001    0.1895    0.1784
    0.0376    0.0000    0.0000    0.0002    0.0004    0.9618
    0.2908    0.0046    0.0000    0.0001    0.0008    0.7036
    0.1666    0.0010    0.0001    0.0006    0.0052    0.8265
    0.0883    0.0036    0.0001    0.0005    0.0019    0.9055
    0.2209    0.0025    0.0001    0.0003    0.0004    0.7757
    0.4143    0.0010    0.0001    0.0013    0.2272    0.3561
    0.4077    0.0000    0.0001    0.0010    0.1555    0.4357
    0.4069    0.0000    0.0001    0.0006    0.1833    0.4090
    0.3701    0.0035    0.0001    0.0022    0.0871    0.5369
    0.1836    0.0115    0.0000    0.0012    0.0000    0.8037
    0.3954    0.0149    0.0004    0.0007    0.1970    0.3911
    0.3495    0.0008    0.0001    0.0013    0.0000    0.6483
    0.3986    0.0041    0.0000    0.0002    0.0597    0.5374
    0.2131    0.0018    0.0000    0.0000    0.0059    0.7792
    0.3829    0.0031    0.0001    0.0000    0.1189    0.4950
    0.3657    0.0009    0.0000    0.0009    0.0864    0.5460
    0.1229    0.0001    0.0001    0.0002    0.0009    0.8757
    0.3545    0.3005    0.0000    0.0021    0.2306    0.1122
    0.2644    0.0000    0.0000    0.0001    0.0006    0.7348
    0.0707    0.0052    0.0002    0.0006    0.0008    0.9224
    0.3104    0.0084    0.0001    0.0019    0.0003    0.6790
    0.4294    0.0000    0.0008    0.0000    0.1996    0.3694
    0.2918    0.0003    0.0000    0.0002    0.0000    0.7077
    0.3482    0.2749    0.0003    0.0001    0.2443    0.1319
    0.4487    0.1373    0.0002    0.0024    0.2823    0.1290
    0.2412    0.0060    0.0000    0.0014    0.0010    0.7504
    0.4337    0.3234    0.0000    0.0012    0.2102    0.0315
    0.3110    0.0084    0.0001    0.0000    0.0003    0.6803
    0.4143    0.0010    0.0001    0.0013    0.2272    0.3561
    0.3814    0.0036    0.0001    0.0014    0.0786    0.5349

 Output data matrix of Pareto front of final Gaussian process model:
        f1        f2        f3
 -572.7201   -1.4496-98420.3019
 -668.0629   -0.8833-91004.2988
 -663.2980   -0.8281-91158.2185
 -284.8292   -2.7566-61508.9061
 -433.7826   -1.9429-86634.3773
 -288.4696   -2.7058-61663.4053
 -333.0122   -2.2840-67978.6319
 -383.2285   -2.0693-78245.6834
 -447.2360   -1.9054-88095.2267
 -429.3941   -1.9533-86099.0653
 -443.2681   -1.9112-87356.3572
 -314.7015   -2.4044-64682.8669
 -539.6985   -1.6368-96818.1261
 -666.5565   -0.8724-91108.3420
 -496.2676   -1.7822-93281.0206
 -341.2246   -2.2423-69581.9668
 -391.2416   -2.0528-79621.2675
 -461.1160   -1.8662-89605.3430
 -524.2208   -1.6949-95535.3713
 -341.7881   -2.2296-69832.2428
 -365.3142   -2.1357-74468.1808
 -529.4238   -1.6774-96126.3191
 -338.4770   -2.2524-69057.0267
 -574.6857   -1.4383-98142.6421
 -285.9185   -2.7519-61609.3220
 -375.9598   -2.0971-76664.0943
 -378.6548   -2.0910-77160.6105
 -641.1335   -1.0299-93844.1639
 -374.5639   -2.1030-76343.6073
 -335.2901   -2.2715-68420.3988
 -289.3185   -2.6713-61542.6399
 -399.7219   -2.0302-81223.0876
 -388.7647   -2.0587-79188.1494
 -566.3126   -1.4963-98308.1356
 -407.4014   -2.0096-82607.3547
 -536.5014   -1.6513-96666.0198
 -414.5864   -1.9900-83806.3126
 -467.0601   -1.8557-90402.2369
 -589.6426   -1.3481-95350.2878
 -592.0323   -1.2910-95740.6663
 -599.2287   -1.3000-92644.5977
 -483.9836   -1.8093-91901.5512
 -351.8835   -2.1877-71800.7487
 -323.0538   -2.3427-66121.3914
 -298.0029   -2.5627-62325.4489
 -321.3768   -2.3527-65863.5831
 -317.5846   -2.3846-65167.2542
 -663.4429   -0.9420-90103.1054
 -299.5906   -2.5435-62501.7292
 -393.2828   -2.0462-80041.2608
 -456.5076   -1.8800-89020.2594
 -550.6720   -1.5851-97498.0735
 -626.3405   -1.1417-95031.8393
 -409.2746   -2.0044-82917.8543
 -562.9521   -1.5169-98193.1336
 -594.0312   -1.3259-95010.4685
 -402.3272   -2.0217-81709.0422
 -424.1422   -1.9682-85288.7824
 -500.8134   -1.7672-93633.2994
 -577.8474   -1.4104-98375.5204
 -296.5129   -2.5755-62140.5288
 -418.1721   -1.9825-84403.0118
 -347.7773   -2.2080-70922.5429
 -380.0227   -2.0851-77473.7158
 -662.6111   -0.9307-90271.6087
 -660.3528   -0.9579-91973.9085
 -441.1869   -1.9177-87026.3102
 -612.6117   -1.2484-93754.6112
 -324.8146   -2.3340-66447.4182
 -308.3066   -2.4510-63657.4488
 -325.7250   -2.3238-66651.0851
 -646.7370   -1.0766-91020.5047
 -448.6936   -1.8988-88314.8154
 -356.4136   -2.1702-72658.1944
 -480.6558   -1.8167-91628.8730
 -295.1224   -2.5931-62004.4160
 -586.0568   -1.3620-96037.6494
 -648.4159   -1.0579-92581.4914
 -629.8227   -1.1631-93485.6709
 -420.7027   -1.9766-84790.8501
 -416.3963   -1.9870-84122.5988
 -541.8473   -1.6196-96628.9980
 -353.6536   -2.1806-72159.4470
 -328.2477   -2.3076-67103.8367
 -617.1052   -1.2199-94299.2648
 -313.5933   -2.4149-64503.8402
 -349.7555   -2.1985-71308.4559
 -305.1764   -2.4872-63226.4300
 -520.8872   -1.7072-95503.3702
 -331.0628   -2.2976-67598.2299
 -615.6990   -1.2381-92212.9064
 -368.1454   -2.1267-75037.8915
 -412.1068   -1.9974-83409.9665
 -650.4477   -1.0112-92140.5537
 -309.8355   -2.4451-63905.5457
 -609.1570   -1.2283-96554.1460
 -667.9905   -0.9110-90738.8342
 -655.4319   -0.9969-92442.3126
 -518.5529   -1.7169-95294.4695
 -553.8815   -1.5667-97750.9787
 -514.6731   -1.7273-94790.8676
 -362.6729   -2.1433-74004.6157
 -436.9678   -1.9336-87057.0409
 -344.8853   -2.2192-70350.3212
 -492.8221   -1.7884-92873.0240
 -596.6776   -1.2753-95437.1248
 -366.7473   -2.1295-74816.0328
 -346.7807   -2.2134-70701.9666
 -438.9757   -1.9278-87267.6341
 -510.2345   -1.7417-94536.7846
 -327.7199   -2.3171-66982.3245
 -312.1329   -2.4257-64265.0094
 -292.8171   -2.6234-61790.6235
 -647.3294   -0.8972-93115.6520
