
 TSEMO log file created on 24-Feb-2020 

 This file shows the initial specifications of TSEMO and logs the output.
 ¯¯¯¯¯¯¯¯¯¯¯¯¯¯¯¯¯¯¯¯¯¯¯¯¯¯¯¯¯¯¯¯¯¯¯¯¯¯¯¯¯¯¯¯¯¯¯¯¯¯¯¯¯¯¯¯¯¯¯¯¯¯¯¯¯¯¯¯¯¯¯¯¯¯¯¯¯¯¯¯¯¯¯¯¯¯¯¯¯¯¯¯¯¯¯¯¯¯¯¯¯¯
 License information 

 BSD 2-Clause License 

 Copyright (c) 2017, Eric Bradford, Artur M. Schweidtmann and Alexei Lapkin
 All rights reserved. 

 Redistribution and use in source and binary forms, with or without
 modification, are permitted provided that the following conditions are met: 

 *Redistributions of source code must retain the above copyright notice, this   
  list of conditions and the following disclaimer. 

 *Redistributions in binary form must reproduce the above copyright notice,   
  this list of conditions and the following disclaimer in the documentation   
  and/or other materials provided with the distribution. 

 Modified by Mina Konakovic Lukovic 2019. 

 ¯¯¯¯¯¯¯¯¯¯¯¯¯¯¯¯¯¯¯¯¯¯¯¯¯¯¯¯¯¯¯¯¯¯¯¯¯¯¯¯¯¯¯¯¯¯¯¯¯¯¯¯¯¯¯¯¯¯¯¯¯¯¯¯¯¯¯¯¯¯¯¯¯¯¯¯¯¯¯¯¯¯¯¯¯¯¯¯¯¯¯¯¯¯¯¯¯¯¯¯¯¯
 Problem specifications 

 Function used:   consta 

 Number of inputs:   6
 Number of outputs:  3 

 Lower bounds of decision variables:
      x1      x2      x3      x4      x5      x6
  0.0000  0.0000  0.0000  0.0000  0.0000  0.0000
 
 Upper bounds of decision variables:
      x1      x2      x3      x4      x5      x6
  1.0000  1.0000  0.5000  1.0000  1.0000  1.0000
 ¯¯¯¯¯¯¯¯¯¯¯¯¯¯¯¯¯¯¯¯¯¯¯¯¯¯¯¯¯¯¯¯¯¯¯¯¯¯¯¯¯¯¯¯¯¯¯¯¯¯¯¯¯¯¯¯¯¯¯¯¯¯¯¯¯¯¯¯¯¯¯¯¯¯¯¯¯¯¯¯¯¯¯¯¯¯¯¯¯¯¯¯¯¯¯¯¯¯¯¯¯¯
 Algorithm options 

 Maximum number of function evaluations:  4
 Sample batch size:                       4
 Number of algorithm iterations:          1 

 Genetic algorithm population size:        200
 Genetic algorithm number of generations:  200 

                                               f1      f2      f3
 Number of spectral sampling points:         4000    4000    4000
 Type of matern function:                       5       5       5
 Direct evaluations per input dimension:      200     200     200
 ¯¯¯¯¯¯¯¯¯¯¯¯¯¯¯¯¯¯¯¯¯¯¯¯¯¯¯¯¯¯¯¯¯¯¯¯¯¯¯¯¯¯¯¯¯¯¯¯¯¯¯¯¯¯¯¯¯¯¯¯¯¯¯¯¯¯¯¯¯¯¯¯¯¯¯¯¯¯¯¯¯¯¯¯¯¯¯¯¯¯¯¯¯¯¯¯¯¯¯¯¯¯
 Initial data set 

 Number of initial data points:  111 

 Initial input data matrix:
      x1      x2      x3      x4      x5      x6
  0.3200  0.1300  0.0500  0.2100  0.0400  0.2500
  0.0000  0.1800  0.2100  0.2800  0.2000  0.1300
  0.0000  0.0200  0.3800  0.0400  0.2900  0.2700
  0.1900  0.3000  0.1000  0.0600  0.0700  0.2800
  0.0800  0.1600  0.1400  0.0400  0.1900  0.3900
  0.3400  0.0600  0.2300  0.1600  0.1900  0.0200
  0.1400  0.1000  0.0700  0.2000  0.2700  0.2200
  0.0700  0.0700  0.3200  0.2100  0.0300  0.3000
  0.0200  0.0100  0.2700  0.1300  0.4900  0.0800
  0.0900  0.3200  0.0300  0.1300  0.3700  0.0600
  0.0800  0.2100  0.0200  0.0000  0.6100  0.0800
  0.0900  0.3200  0.0400  0.2100  0.1700  0.1700
  0.1400  0.3000  0.0700  0.1000  0.2500  0.1400
  0.0400  0.1700  0.0700  0.2200  0.2400  0.2600
  0.1700  0.1500  0.2800  0.2900  0.0000  0.1100
  0.1000  0.1400  0.1400  0.2600  0.2700  0.0900
  1.0000  0.0000  0.0000  0.0000  0.0000  0.0000
  0.0000  1.0000  0.0000  0.0000  0.0000  0.0000
  0.0000  0.0000  0.0000  1.0000  0.0000  0.0000
  0.6000  0.4000  0.0000  0.0000  0.0000  0.0000
  0.5500  0.4500  0.0000  0.0000  0.0000  0.0000
  0.5000  0.5000  0.0000  0.0000  0.0000  0.0000
  0.4500  0.5500  0.0000  0.0000  0.0000  0.0000
  0.4000  0.6000  0.0000  0.0000  0.0000  0.0000
  0.2700  0.4400  0.0900  0.0400  0.0800  0.0800
  0.0400  0.1900  0.3600  0.2000  0.1200  0.0900
  0.0000  0.5900  0.0000  0.0800  0.0800  0.2500
  0.0000  0.3900  0.1300  0.0700  0.0300  0.3800
  0.0100  0.5100  0.0000  0.1000  0.0200  0.3600
  0.0100  0.6200  0.0100  0.0300  0.1000  0.2300
  0.0600  0.3000  0.4100  0.0100  0.0100  0.2100
  0.0800  0.3200  0.5000  0.0700  0.0200  0.0100
  0.1500  0.2800  0.2500  0.0100  0.0600  0.2500
  0.0000  0.0000  0.0000  0.0000  0.0000  1.0000
  0.0000  0.0000  0.0000  0.0000  1.0000  0.0000
  0.0200  0.1100  0.0000  0.5000  0.0300  0.3400
  0.0100  0.1900  0.0000  0.0000  0.0000  0.8000
  0.0100  0.3900  0.0000  0.0200  0.0100  0.5700
  0.1800  0.1200  0.0000  0.3600  0.0000  0.3400
  0.0100  0.0000  0.1300  0.2500  0.0000  0.6100
  0.3200  0.0000  0.1200  0.0100  0.0000  0.5500
  0.0100  0.1500  0.1000  0.2100  0.0000  0.5300
  0.0100  0.0000  0.1500  0.2500  0.0000  0.5900
  0.1500  0.4500  0.0400  0.0300  0.0100  0.3200
  0.0500  0.3200  0.0000  0.5700  0.0600  0.0000
  0.3100  0.5200  0.0000  0.0800  0.0200  0.0700
  0.1500  0.0400  0.1300  0.6700  0.0100  0.0000
  0.0000  0.2100  0.2000  0.5800  0.0100  0.0000
  0.0000  0.0100  0.2800  0.6700  0.0100  0.0300
  0.0100  0.2800  0.1100  0.4600  0.1100  0.0300
  0.4900  0.0600  0.0000  0.1400  0.0200  0.2900
  0.1400  0.0000  0.0700  0.0100  0.0100  0.7700
  0.0300  0.5800  0.1800  0.0400  0.1000  0.0700
  0.0000  0.3100  0.0100  0.0200  0.1500  0.5100
  0.2500  0.0100  0.0100  0.0400  0.1300  0.5600
  0.2900  0.4500  0.0600  0.0800  0.1200  0.0000
  0.0200  0.0100  0.1600  0.0100  0.5000  0.3000
  0.0200  0.2400  0.0000  0.0300  0.2600  0.4500
  0.0000  0.0100  0.0000  0.0100  0.2700  0.7100
  0.0900  0.0200  0.0000  0.0600  0.4000  0.4300
  0.0000  0.1600  0.0000  0.0000  0.2500  0.5900
  0.3200  0.0900  0.0200  0.0100  0.0100  0.5500
  0.0000  0.0800  0.1300  0.0000  0.1100  0.6800
  0.3900  0.0100  0.0300  0.0000  0.0000  0.5700
  0.2600  0.1800  0.0200  0.0100  0.0100  0.5200
  0.2000  0.1600  0.0000  0.0000  0.0000  0.6400
  0.5100  0.3100  0.0700  0.0100  0.0100  0.0900
  0.1400  0.1700  0.0200  0.0000  0.0000  0.6700
  0.0000  0.0300  0.0200  0.2100  0.3200  0.4200
  0.5700  0.0000  0.1100  0.0100  0.1000  0.2100
  0.5100  0.2500  0.1000  0.0200  0.1200  0.0000
  0.5100  0.0100  0.0700  0.0200  0.1100  0.2800
  0.0000  0.0000  0.0000  0.0200  0.0000  0.9800
  0.6000  0.0000  0.0300  0.0000  0.0200  0.3500
  0.3400  0.0000  0.1100  0.0100  0.0600  0.4800
  0.4400  0.1100  0.1100  0.0000  0.0600  0.2800
  0.6600  0.0000  0.0800  0.0000  0.0000  0.2600
  0.3700  0.4700  0.1000  0.0000  0.0600  0.0000
  0.4400  0.3000  0.0900  0.0400  0.1300  0.0000
  0.2700  0.6100  0.1200  0.0000  0.0000  0.0000
  0.0100  0.0000  0.0000  0.0200  0.0800  0.8900
  0.2100  0.1100  0.0600  0.0000  0.1400  0.4800
  0.5200  0.0100  0.0100  0.0000  0.0000  0.4600
  0.0000  0.3800  0.0100  0.0000  0.0000  0.6100
  0.0000  0.3100  0.0100  0.0000  0.0000  0.6800
  0.3200  0.3400  0.0200  0.0000  0.0100  0.3100
  0.0100  0.4100  0.0000  0.0000  0.0100  0.5700
  0.0000  0.4100  0.0000  0.1300  0.0000  0.4600
  0.0000  0.1800  0.0000  0.2600  0.0100  0.5500
  0.0400  0.4500  0.0000  0.0700  0.0100  0.4300
  0.0000  0.2500  0.0000  0.2500  0.0000  0.5000
  0.3600  0.2000  0.0200  0.0800  0.0000  0.3400
  0.2100  0.0000  0.0000  0.3300  0.0100  0.4500
  0.2500  0.0000  0.0000  0.3100  0.0100  0.4300
  0.1900  0.0000  0.0000  0.3200  0.0100  0.4800
  0.0000  0.6300  0.1000  0.0000  0.0000  0.2700
  0.0000  0.6600  0.0900  0.0000  0.0000  0.2500
  0.0000  0.3300  0.1100  0.0100  0.0000  0.5500
  0.0000  0.6800  0.0900  0.0000  0.0100  0.2200
  0.3500  0.0000  0.0000  0.0100  0.0000  0.6400
  0.0100  0.0000  0.0000  0.3600  0.0000  0.6300
  0.4800  0.0000  0.0100  0.0000  0.1200  0.3900
  0.3900  0.0000  0.0000  0.0200  0.0100  0.5800
  0.4000  0.1700  0.0000  0.0000  0.1200  0.3100
  0.4400  0.2700  0.0000  0.0000  0.1700  0.1200
  0.3400  0.1400  0.0000  0.0000  0.1300  0.3900
  0.3300  0.1200  0.0000  0.0000  0.1300  0.4200
  0.3900  0.0000  0.0000  0.0000  0.2200  0.3900
  0.3900  0.3100  0.0000  0.0000  0.2200  0.0800
  0.4100  0.0000  0.0000  0.0000  0.2500  0.3400
  0.3500  0.0000  0.0000  0.0000  0.2000  0.4500

 Initial output data matrix:
      f1      f2      f3
-477.3645 -1.2974-78049.1925
-454.7535 -1.3662-68112.8155
-279.9044 -2.1133-51731.0693
-469.5247 -1.7578-77876.9026
-440.0426 -1.9634-76654.9118
-365.6047 -1.2303-62118.0243
-410.9856 -1.1190-66049.6554
-136.1656 -0.8962-22268.5639
-369.0088 -1.3142-61644.3643
-533.9811 -0.8968-68784.7611
-442.6768 -0.7257-59416.2131
-507.4257 -0.9822-66650.9629
-443.6008 -1.1184-65323.0907
-489.5899 -1.3294-72483.9913
-359.3333 -1.7335-60280.1487
-485.2462 -0.8865-66192.4108
-228.9585 -0.7284-49588.2084
-435.6576 -1.1748-60782.1527
-368.0328 -0.0378-29839.9581
-558.3333 -1.0147-72324.3305
-545.1107 -1.0090-76481.1353
-595.9865 -1.0313-80252.0073
-577.5167 -1.0272-78299.5278
-603.0115 -1.0486-79494.8772
-536.4679 -1.3385-83057.1828
-380.6202 -1.5761-63939.3838
-487.9964 -1.6929-74452.7693
-492.2164 -2.0354-77476.1977
-483.0457 -1.7036-74331.8675
-461.0062 -1.5331-68683.9650
-428.6732 -1.9582-73565.0149
-420.3458 -1.7501-70958.0370
-185.7397 -1.9998-39188.2443
-307.5914 -2.9333-68673.8814
-248.0791 -0.3369-41639.4837
-330.4220 -1.6093-58954.7196
-261.1897 -2.5356-54113.5267
-374.3907 -2.1313-72005.0906
-442.1932 -1.6426-73645.0393
-325.5454 -2.2577-65492.6760
-407.4563 -1.7142-79298.8675
-280.7768 -2.0890-55835.4428
-345.4445 -2.2639-66935.4850
-337.8766 -1.7123-65225.4544
-380.5099 -0.6146-47362.4095
-423.7886 -1.3121-68132.9194
-412.9137 -0.7221-59055.9302
-389.7163 -1.2975-60315.7332
-243.9299 -1.5816-43427.1956
-418.8166 -1.1219-61444.5239
-463.1094 -1.4660-81856.9346
-260.4919 -1.9421-59060.6871
-461.1271 -1.5697-75813.0466
-434.9195 -1.9723-80545.7853
-411.2741 -1.7072-85333.3874
-593.8157 -1.0758-82484.6477
-331.6431 -1.2261-62332.4475
-461.8788 -1.5726-80820.6379
-386.3988 -1.9098-76223.9832
-458.6168 -1.3865-78606.8274
-386.1546 -1.7969-73308.3934
-420.6757 -1.8963-83069.8760
-256.3444 -2.2542-53258.3199
-343.7864 -1.8975-72697.8828
-317.0968 -1.9236-66141.3310
-405.5608 -1.9380-81223.2023
-579.2708 -1.0437-87100.5169
-297.2664 -2.2664-61771.9743
-230.0024 -1.7750-53153.7094
-296.3126 -0.8946-60049.3899
-625.1337 -1.1253-94708.7918
-559.4404 -1.5604-98460.5528
-350.2734 -2.6724-74202.1381
-483.8073 -1.5770-91455.1658
-333.6048 -1.8340-67470.0844
-401.3639 -1.5176-75081.6898
-339.8147 -1.1731-68370.6235
-619.8270 -1.3159-92324.8900
-456.6095 -1.0320-73399.8497
-527.1160 -1.2052-80673.3135
-182.0132 -2.1459-33836.3245
-299.4935 -1.9115-62779.5207
-342.4831 -1.8084-73190.6083
-292.5484 -2.1003-64376.6034
-284.1961 -2.0337-60695.8700
-418.6794 -1.5121-75788.0791
-272.5130 -1.9527-60034.6655
-324.9663 -1.9969-65021.8788
-361.4059 -2.0913-69395.5054
-310.1195 -1.9192-61302.0228
-321.0298 -2.0199-62665.9535
-408.2643 -1.5818-76317.7672
-398.2560 -1.9114-74552.8783
-437.9660 -1.8110-79745.2693
-402.9772 -1.8842-75747.1961
-367.7646 -1.7661-65605.9795
-392.9406 -1.8913-69484.2021
-317.1051 -2.1952-63761.7220
-355.6015 -1.8014-64450.3268
-438.2688 -2.1205-87348.6010
-334.7339 -2.0407-65124.3183
-514.0293 -1.5443-93643.6527
-526.1093 -1.9176-98663.7705
-555.0826 -1.4101-91162.3449
-653.9760 -1.1215-96005.8355
-613.3157 -1.3545-102903.8092
-574.5688 -1.4762-99854.6710
-596.1996 -1.5851-97568.0584
-673.8733 -1.3085-96609.9429
-570.9253 -1.5720-97057.6408
-453.6160 -1.8559-85374.7271

 ¯¯¯¯¯¯¯¯¯¯¯¯¯¯¯¯¯¯¯¯¯¯¯¯¯¯¯¯¯¯¯¯¯¯¯¯¯¯¯¯¯¯¯¯¯¯¯¯¯¯¯¯¯¯¯¯¯¯¯¯¯¯¯¯¯¯¯¯¯¯¯¯¯¯¯¯¯¯¯¯¯¯¯¯¯¯¯¯¯¯¯¯¯¯¯¯¯¯¯¯¯¯
 Algorithm iteration 1 

 Predicted hypervolume improvement:    0.6326
 Time taken:   37.0554 

 Proposed evaluation point(s): 
      x1      x2      x3      x4      x5      x6
  0.3300  0.0000  0.0000  0.0000  0.2100  0.4600
  0.3100  0.0000  0.0000  0.0000  0.2000  0.4900
  0.3500  0.0000  0.0000  0.0000  0.2100  0.4400
  0.2000  0.0000  0.0000  0.0000  0.0100  0.7900

 Corresponding observation(s): 
      f1      f2      f3
-557.9966 -1.6686-101482.6294
-541.1763 -1.7334-100965.8332
-567.2415 -1.6252-101725.2697
-363.8516 -2.2019-69255.4139

 ¯¯¯¯¯¯¯¯¯¯¯¯¯¯¯¯¯¯¯¯¯¯¯¯¯¯¯¯¯¯¯¯¯¯¯¯¯¯¯¯¯¯¯¯¯¯¯¯¯¯¯¯¯¯¯¯¯¯¯¯¯¯¯¯¯¯¯¯¯¯¯¯¯¯¯¯¯¯¯¯¯¯¯¯¯¯¯¯¯¯¯¯¯¯¯¯¯¯¯¯¯¯
 Final algorithm output 

 Final input data matrix:
        x1        x2        x3        x4        x5        x6
    0.3200    0.1300    0.0500    0.2100    0.0400    0.2500
    0.0000    0.1800    0.2100    0.2800    0.2000    0.1300
    0.0000    0.0200    0.3800    0.0400    0.2900    0.2700
    0.1900    0.3000    0.1000    0.0600    0.0700    0.2800
    0.0800    0.1600    0.1400    0.0400    0.1900    0.3900
    0.3400    0.0600    0.2300    0.1600    0.1900    0.0200
    0.1400    0.1000    0.0700    0.2000    0.2700    0.2200
    0.0700    0.0700    0.3200    0.2100    0.0300    0.3000
    0.0200    0.0100    0.2700    0.1300    0.4900    0.0800
    0.0900    0.3200    0.0300    0.1300    0.3700    0.0600
    0.0800    0.2100    0.0200    0.0000    0.6100    0.0800
    0.0900    0.3200    0.0400    0.2100    0.1700    0.1700
    0.1400    0.3000    0.0700    0.1000    0.2500    0.1400
    0.0400    0.1700    0.0700    0.2200    0.2400    0.2600
    0.1700    0.1500    0.2800    0.2900    0.0000    0.1100
    0.1000    0.1400    0.1400    0.2600    0.2700    0.0900
    1.0000    0.0000    0.0000    0.0000    0.0000    0.0000
    0.0000    1.0000    0.0000    0.0000    0.0000    0.0000
    0.0000    0.0000    0.0000    1.0000    0.0000    0.0000
    0.6000    0.4000    0.0000    0.0000    0.0000    0.0000
    0.5500    0.4500    0.0000    0.0000    0.0000    0.0000
    0.5000    0.5000    0.0000    0.0000    0.0000    0.0000
    0.4500    0.5500    0.0000    0.0000    0.0000    0.0000
    0.4000    0.6000    0.0000    0.0000    0.0000    0.0000
    0.2700    0.4400    0.0900    0.0400    0.0800    0.0800
    0.0400    0.1900    0.3600    0.2000    0.1200    0.0900
    0.0000    0.5900    0.0000    0.0800    0.0800    0.2500
    0.0000    0.3900    0.1300    0.0700    0.0300    0.3800
    0.0100    0.5100    0.0000    0.1000    0.0200    0.3600
    0.0100    0.6200    0.0100    0.0300    0.1000    0.2300
    0.0600    0.3000    0.4100    0.0100    0.0100    0.2100
    0.0800    0.3200    0.5000    0.0700    0.0200    0.0100
    0.1500    0.2800    0.2500    0.0100    0.0600    0.2500
    0.0000    0.0000    0.0000    0.0000    0.0000    1.0000
    0.0000    0.0000    0.0000    0.0000    1.0000    0.0000
    0.0200    0.1100    0.0000    0.5000    0.0300    0.3400
    0.0100    0.1900    0.0000    0.0000    0.0000    0.8000
    0.0100    0.3900    0.0000    0.0200    0.0100    0.5700
    0.1800    0.1200    0.0000    0.3600    0.0000    0.3400
    0.0100    0.0000    0.1300    0.2500    0.0000    0.6100
    0.3200    0.0000    0.1200    0.0100    0.0000    0.5500
    0.0100    0.1500    0.1000    0.2100    0.0000    0.5300
    0.0100    0.0000    0.1500    0.2500    0.0000    0.5900
    0.1500    0.4500    0.0400    0.0300    0.0100    0.3200
    0.0500    0.3200    0.0000    0.5700    0.0600    0.0000
    0.3100    0.5200    0.0000    0.0800    0.0200    0.0700
    0.1500    0.0400    0.1300    0.6700    0.0100    0.0000
    0.0000    0.2100    0.2000    0.5800    0.0100    0.0000
    0.0000    0.0100    0.2800    0.6700    0.0100    0.0300
    0.0100    0.2800    0.1100    0.4600    0.1100    0.0300
    0.4900    0.0600    0.0000    0.1400    0.0200    0.2900
    0.1400    0.0000    0.0700    0.0100    0.0100    0.7700
    0.0300    0.5800    0.1800    0.0400    0.1000    0.0700
    0.0000    0.3100    0.0100    0.0200    0.1500    0.5100
    0.2500    0.0100    0.0100    0.0400    0.1300    0.5600
    0.2900    0.4500    0.0600    0.0800    0.1200    0.0000
    0.0200    0.0100    0.1600    0.0100    0.5000    0.3000
    0.0200    0.2400    0.0000    0.0300    0.2600    0.4500
    0.0000    0.0100    0.0000    0.0100    0.2700    0.7100
    0.0900    0.0200    0.0000    0.0600    0.4000    0.4300
    0.0000    0.1600    0.0000    0.0000    0.2500    0.5900
    0.3200    0.0900    0.0200    0.0100    0.0100    0.5500
    0.0000    0.0800    0.1300    0.0000    0.1100    0.6800
    0.3900    0.0100    0.0300    0.0000    0.0000    0.5700
    0.2600    0.1800    0.0200    0.0100    0.0100    0.5200
    0.2000    0.1600    0.0000    0.0000    0.0000    0.6400
    0.5100    0.3100    0.0700    0.0100    0.0100    0.0900
    0.1400    0.1700    0.0200    0.0000    0.0000    0.6700
    0.0000    0.0300    0.0200    0.2100    0.3200    0.4200
    0.5700    0.0000    0.1100    0.0100    0.1000    0.2100
    0.5100    0.2500    0.1000    0.0200    0.1200    0.0000
    0.5100    0.0100    0.0700    0.0200    0.1100    0.2800
    0.0000    0.0000    0.0000    0.0200    0.0000    0.9800
    0.6000    0.0000    0.0300    0.0000    0.0200    0.3500
    0.3400    0.0000    0.1100    0.0100    0.0600    0.4800
    0.4400    0.1100    0.1100    0.0000    0.0600    0.2800
    0.6600    0.0000    0.0800    0.0000    0.0000    0.2600
    0.3700    0.4700    0.1000    0.0000    0.0600    0.0000
    0.4400    0.3000    0.0900    0.0400    0.1300    0.0000
    0.2700    0.6100    0.1200    0.0000    0.0000    0.0000
    0.0100    0.0000    0.0000    0.0200    0.0800    0.8900
    0.2100    0.1100    0.0600    0.0000    0.1400    0.4800
    0.5200    0.0100    0.0100    0.0000    0.0000    0.4600
    0.0000    0.3800    0.0100    0.0000    0.0000    0.6100
    0.0000    0.3100    0.0100    0.0000    0.0000    0.6800
    0.3200    0.3400    0.0200    0.0000    0.0100    0.3100
    0.0100    0.4100    0.0000    0.0000    0.0100    0.5700
    0.0000    0.4100    0.0000    0.1300    0.0000    0.4600
    0.0000    0.1800    0.0000    0.2600    0.0100    0.5500
    0.0400    0.4500    0.0000    0.0700    0.0100    0.4300
    0.0000    0.2500    0.0000    0.2500    0.0000    0.5000
    0.3600    0.2000    0.0200    0.0800    0.0000    0.3400
    0.2100    0.0000    0.0000    0.3300    0.0100    0.4500
    0.2500    0.0000    0.0000    0.3100    0.0100    0.4300
    0.1900    0.0000    0.0000    0.3200    0.0100    0.4800
    0.0000    0.6300    0.1000    0.0000    0.0000    0.2700
    0.0000    0.6600    0.0900    0.0000    0.0000    0.2500
    0.0000    0.3300    0.1100    0.0100    0.0000    0.5500
    0.0000    0.6800    0.0900    0.0000    0.0100    0.2200
    0.3500    0.0000    0.0000    0.0100    0.0000    0.6400
    0.0100    0.0000    0.0000    0.3600    0.0000    0.6300
    0.4800    0.0000    0.0100    0.0000    0.1200    0.3900
    0.3900    0.0000    0.0000    0.0200    0.0100    0.5800
    0.4000    0.1700    0.0000    0.0000    0.1200    0.3100
    0.4400    0.2700    0.0000    0.0000    0.1700    0.1200
    0.3400    0.1400    0.0000    0.0000    0.1300    0.3900
    0.3300    0.1200    0.0000    0.0000    0.1300    0.4200
    0.3900    0.0000    0.0000    0.0000    0.2200    0.3900
    0.3900    0.3100    0.0000    0.0000    0.2200    0.0800
    0.4100    0.0000    0.0000    0.0000    0.2500    0.3400
    0.3500    0.0000    0.0000    0.0000    0.2000    0.4500
    0.3300    0.0000    0.0000    0.0000    0.2100    0.4600
    0.3100    0.0000    0.0000    0.0000    0.2000    0.4900
    0.3500    0.0000    0.0000    0.0000    0.2100    0.4400
    0.2000    0.0000    0.0000    0.0000    0.0100    0.7900

 Final output data matrix:
        f1        f2        f3
 -477.3645   -1.2974-78049.1925
 -454.7535   -1.3662-68112.8155
 -279.9044   -2.1133-51731.0693
 -469.5247   -1.7578-77876.9026
 -440.0426   -1.9634-76654.9118
 -365.6047   -1.2303-62118.0243
 -410.9856   -1.1190-66049.6554
 -136.1656   -0.8962-22268.5639
 -369.0088   -1.3142-61644.3643
 -533.9811   -0.8968-68784.7611
 -442.6768   -0.7257-59416.2131
 -507.4257   -0.9822-66650.9629
 -443.6008   -1.1184-65323.0907
 -489.5899   -1.3294-72483.9913
 -359.3333   -1.7335-60280.1487
 -485.2462   -0.8865-66192.4108
 -228.9585   -0.7284-49588.2084
 -435.6576   -1.1748-60782.1527
 -368.0328   -0.0378-29839.9581
 -558.3333   -1.0147-72324.3305
 -545.1107   -1.0090-76481.1353
 -595.9865   -1.0313-80252.0073
 -577.5167   -1.0272-78299.5278
 -603.0115   -1.0486-79494.8772
 -536.4679   -1.3385-83057.1828
 -380.6202   -1.5761-63939.3838
 -487.9964   -1.6929-74452.7693
 -492.2164   -2.0354-77476.1977
 -483.0457   -1.7036-74331.8675
 -461.0062   -1.5331-68683.9650
 -428.6732   -1.9582-73565.0149
 -420.3458   -1.7501-70958.0370
 -185.7397   -1.9998-39188.2443
 -307.5914   -2.9333-68673.8814
 -248.0791   -0.3369-41639.4837
 -330.4220   -1.6093-58954.7196
 -261.1897   -2.5356-54113.5267
 -374.3907   -2.1313-72005.0906
 -442.1932   -1.6426-73645.0393
 -325.5454   -2.2577-65492.6760
 -407.4563   -1.7142-79298.8675
 -280.7768   -2.0890-55835.4428
 -345.4445   -2.2639-66935.4850
 -337.8766   -1.7123-65225.4544
 -380.5099   -0.6146-47362.4095
 -423.7886   -1.3121-68132.9194
 -412.9137   -0.7221-59055.9302
 -389.7163   -1.2975-60315.7332
 -243.9299   -1.5816-43427.1956
 -418.8166   -1.1219-61444.5239
 -463.1094   -1.4660-81856.9346
 -260.4919   -1.9421-59060.6871
 -461.1271   -1.5697-75813.0466
 -434.9195   -1.9723-80545.7853
 -411.2741   -1.7072-85333.3874
 -593.8157   -1.0758-82484.6477
 -331.6431   -1.2261-62332.4475
 -461.8788   -1.5726-80820.6379
 -386.3988   -1.9098-76223.9832
 -458.6168   -1.3865-78606.8274
 -386.1546   -1.7969-73308.3934
 -420.6757   -1.8963-83069.8760
 -256.3444   -2.2542-53258.3199
 -343.7864   -1.8975-72697.8828
 -317.0968   -1.9236-66141.3310
 -405.5608   -1.9380-81223.2023
 -579.2708   -1.0437-87100.5169
 -297.2664   -2.2664-61771.9743
 -230.0024   -1.7750-53153.7094
 -296.3126   -0.8946-60049.3899
 -625.1337   -1.1253-94708.7918
 -559.4404   -1.5604-98460.5528
 -350.2734   -2.6724-74202.1381
 -483.8073   -1.5770-91455.1658
 -333.6048   -1.8340-67470.0844
 -401.3639   -1.5176-75081.6898
 -339.8147   -1.1731-68370.6235
 -619.8270   -1.3159-92324.8900
 -456.6095   -1.0320-73399.8497
 -527.1160   -1.2052-80673.3135
 -182.0132   -2.1459-33836.3245
 -299.4935   -1.9115-62779.5207
 -342.4831   -1.8084-73190.6083
 -292.5484   -2.1003-64376.6034
 -284.1961   -2.0337-60695.8700
 -418.6794   -1.5121-75788.0791
 -272.5130   -1.9527-60034.6655
 -324.9663   -1.9969-65021.8788
 -361.4059   -2.0913-69395.5054
 -310.1195   -1.9192-61302.0228
 -321.0298   -2.0199-62665.9535
 -408.2643   -1.5818-76317.7672
 -398.2560   -1.9114-74552.8783
 -437.9660   -1.8110-79745.2693
 -402.9772   -1.8842-75747.1961
 -367.7646   -1.7661-65605.9795
 -392.9406   -1.8913-69484.2021
 -317.1051   -2.1952-63761.7220
 -355.6015   -1.8014-64450.3268
 -438.2688   -2.1205-87348.6010
 -334.7339   -2.0407-65124.3183
 -514.0293   -1.5443-93643.6527
 -526.1093   -1.9176-98663.7705
 -555.0826   -1.4101-91162.3449
 -653.9760   -1.1215-96005.8355
 -613.3157   -1.3545-102903.8092
 -574.5688   -1.4762-99854.6710
 -596.1996   -1.5851-97568.0584
 -673.8733   -1.3085-96609.9429
 -570.9253   -1.5720-97057.6408
 -453.6160   -1.8559-85374.7271
 -557.9966   -1.6686-101482.6294
 -541.1763   -1.7334-100965.8332
 -567.2415   -1.6252-101725.2697
 -363.8516   -2.2019-69255.4139

 Input data matrix of corresponding Pareto front:
        x1        x2        x3        x4        x5        x6
    0.0000    0.3900    0.1300    0.0700    0.0300    0.3800
    0.0000    0.0000    0.0000    0.0000    0.0000    1.0000
    0.0100    0.3900    0.0000    0.0200    0.0100    0.5700
    0.5100    0.0100    0.0700    0.0200    0.1100    0.2800
    0.0000    0.0000    0.0000    0.0200    0.0000    0.9800
    0.3700    0.4700    0.1000    0.0000    0.0600    0.0000
    0.3500    0.0000    0.0000    0.0100    0.0000    0.6400
    0.3900    0.0000    0.0000    0.0200    0.0100    0.5800
    0.3400    0.1400    0.0000    0.0000    0.1300    0.3900
    0.3300    0.1200    0.0000    0.0000    0.1300    0.4200
    0.3900    0.0000    0.0000    0.0000    0.2200    0.3900
    0.3900    0.3100    0.0000    0.0000    0.2200    0.0800

 Output data matrix of corresponding Pareto front:
        f1        f2        f3
 -492.2164   -2.0354-77476.1977
 -307.5914   -2.9333-68673.8814
 -374.3907   -2.1313-72005.0906
 -559.4404   -1.5604-98460.5528
 -350.2734   -2.6724-74202.1381
 -619.8270   -1.3159-92324.8900
 -438.2688   -2.1205-87348.6010
 -526.1093   -1.9176-98663.7705
 -613.3157   -1.3545-102903.8092
 -574.5688   -1.4762-99854.6710
 -596.1996   -1.5851-97568.0584
 -673.8733   -1.3085-96609.9429

 Input data matrix of Pareto front of final Gaussian process model:
        x1        x2        x3        x4        x5        x6
    0.0000    0.0000    0.0000    0.0000    0.0000    1.0000
    0.4425    0.2643    0.0000    0.0014    0.2675    0.0242
    0.0084    0.0001    0.0002    0.0008    0.0001    0.9902
    0.4106    0.3345    0.0001    0.0016    0.2425    0.0105
    0.0000    0.0000    0.0000    0.0000    0.0000    1.0000
    0.4255    0.0005    0.0000    0.0000    0.2203    0.3537
    0.2463    0.0000    0.0001    0.0059    0.0001    0.7475
    0.2033    0.0016    0.0000    0.0002    0.0005    0.7944
    0.2276    0.0015    0.0001    0.0000    0.0001    0.7706
    0.1554    0.0000    0.0000    0.0000    0.0008    0.8437
    0.1614    0.0020    0.0001    0.0000    0.0003    0.8360
    0.2979    0.0044    0.0004    0.0025    0.0000    0.6944
    0.1477    0.0003    0.0001    0.0004    0.0005    0.8509
    0.4203    0.2995    0.0000    0.0000    0.2168    0.0634
    0.3977    0.1194    0.0000    0.0033    0.1988    0.2809
    0.1957    0.0000    0.0000    0.0048    0.0005    0.7988
    0.4046    0.0039    0.0000    0.0000    0.1710    0.4205
    0.3566    0.0012    0.0000    0.0000    0.0719    0.5703
    0.4424    0.1120    0.0000    0.0031    0.1866    0.2559
    0.0889    0.0040    0.0000    0.0001    0.0005    0.9064
    0.1236    0.0002    0.0001    0.0002    0.0004    0.8755
    0.3834    0.0037    0.0000    0.0000    0.2144    0.3985
    0.2389    0.0029    0.0001    0.0012    0.0013    0.7555
    0.3831    0.0010    0.0000    0.0040    0.0000    0.6118
    0.1354    0.0003    0.0001    0.0004    0.0005    0.8633
    0.0822    0.0037    0.0000    0.0000    0.0005    0.9136
    0.3472    0.0014    0.0000    0.0021    0.0524    0.5968
    0.1825    0.0023    0.0001    0.0009    0.0004    0.8138
    0.4126    0.0040    0.0000    0.0000    0.1996    0.3838
    0.1886    0.0013    0.0001    0.0001    0.0001    0.8097
    0.2881    0.0002    0.0002    0.0001    0.0008    0.7105
    0.3250    0.0000    0.0001    0.0002    0.0001    0.6745
    0.1655    0.0000    0.0001    0.0000    0.0009    0.8335
    0.0507    0.0016    0.0000    0.0000    0.0006    0.9470
    0.3901    0.1986    0.0001    0.0000    0.2065    0.2046
    0.3738    0.0017    0.0001    0.0002    0.0505    0.5737
    0.4227    0.2973    0.0000    0.0013    0.2556    0.0232
    0.3505    0.0004    0.0000    0.0008    0.0352    0.6131
    0.3690    0.3493    0.0000    0.0000    0.2083    0.0735
    0.2757    0.0018    0.0001    0.0004    0.0003    0.7216
    0.1101    0.0000    0.0000    0.0002    0.0007    0.8890
    0.3514    0.0000    0.0000    0.0000    0.1011    0.5475
    0.1175    0.0033    0.0000    0.0000    0.0005    0.8787
    0.3170    0.0006    0.0000    0.0004    0.0010    0.6810
    0.1045    0.0009    0.0001    0.0006    0.0005    0.8934
    0.3544    0.0006    0.0002    0.0001    0.1367    0.5079
    0.3563    0.0021    0.0000    0.0007    0.0039    0.6369
    0.2817    0.0002    0.0000    0.0004    0.0001    0.7175
    0.2071    0.0000    0.0000    0.0006    0.0005    0.7918
    0.3411    0.3772    0.0000    0.0102    0.1378    0.1338
    0.3684    0.0041    0.0000    0.0003    0.0004    0.6268
    0.1488    0.0108    0.0000    0.0001    0.0002    0.8400
    0.0198    0.0025    0.0001    0.0006    0.0005    0.9764
    0.2897    0.0003    0.0002    0.0024    0.0028    0.7043
    0.3325    0.0011    0.0000    0.0000    0.1345    0.5318
    0.3401    0.0016    0.0001    0.0002    0.0489    0.6091
    0.1917    0.0001    0.0001    0.0006    0.0002    0.8073
    0.3294    0.3317    0.0001    0.0005    0.1920    0.1461
    0.3556    0.0014    0.0000    0.0021    0.0517    0.5892
    0.0574    0.0019    0.0001    0.0002    0.0006    0.9397
    0.3616    0.0022    0.0000    0.0001    0.1627    0.4735
    0.3921    0.0019    0.0000    0.0003    0.1868    0.4187
    0.4060    0.3163    0.0000    0.0001    0.2107    0.0669
    0.3779    0.0029    0.0001    0.0002    0.0870    0.5318
    0.4038    0.0266    0.0000    0.0000    0.1963    0.3733
    0.2689    0.0002    0.0000    0.0011    0.0021    0.7278
    0.1800    0.0011    0.0001    0.0000    0.0005    0.8182
    0.0380    0.0000    0.0000    0.0006    0.0006    0.9607
    0.4317    0.1503    0.0001    0.0012    0.2490    0.1677
    0.3929    0.1368    0.0001    0.0011    0.2479    0.2211
    0.3079    0.0029    0.0001    0.0004    0.0006    0.6880
    0.3632    0.2588    0.0000    0.0000    0.1778    0.2001
    0.3473    0.0004    0.0000    0.0001    0.0862    0.5660
    0.3534    0.0014    0.0000    0.0022    0.0357    0.6073
    0.1286    0.0002    0.0001    0.0001    0.0004    0.8706
    0.3400    0.0003    0.0001    0.0002    0.0390    0.6203
    0.2625    0.0012    0.0000    0.0003    0.0018    0.7340
    0.3451    0.0000    0.0000    0.0000    0.0993    0.5556
    0.3419    0.0025    0.0001    0.0002    0.0011    0.6541
    0.2105    0.0013    0.0000    0.0000    0.0005    0.7876
    0.3985    0.1038    0.0000    0.0000    0.1826    0.3150
    0.2674    0.0000    0.0001    0.0004    0.0001    0.7320
    0.3621    0.0029    0.0000    0.0009    0.0365    0.5975
    0.2823    0.0000    0.0000    0.0041    0.0005    0.7131
    0.4013    0.0858    0.0000    0.0000    0.2137    0.2992
    0.2607    0.0001    0.0002    0.0012    0.0001    0.7376
    0.2561    0.0002    0.0000    0.0010    0.0020    0.7406
    0.3594    0.0006    0.0002    0.0017    0.1373    0.5006
    0.3654    0.0013    0.0002    0.0000    0.1158    0.5171
    0.3801    0.0016    0.0000    0.0004    0.0000    0.6179
    0.3631    0.2653    0.0000    0.0000    0.1526    0.2189
    0.3952    0.0054    0.0000    0.0010    0.1687    0.4296
    0.2150    0.0002    0.0000    0.0011    0.0022    0.7816
    0.0663    0.0000    0.0001    0.0004    0.0001    0.9330
    0.1145    0.0002    0.0001    0.0001    0.0003    0.8847
    0.1004    0.0013    0.0000    0.0004    0.0004    0.8974
    0.3268    0.0011    0.0000    0.0034    0.1310    0.5376
    0.2996    0.0003    0.0000    0.0019    0.0038    0.6943
    0.1735    0.0031    0.0001    0.0009    0.0004    0.8219
    0.3263    0.0030    0.0001    0.0003    0.0001    0.6701
    0.4036    0.0020    0.0000    0.0003    0.1923    0.4018
    0.3581    0.0042    0.0004    0.0023    0.0000    0.6346
    0.3674    0.0006    0.0002    0.0011    0.1188    0.5117
    0.3733    0.0003    0.0001    0.0002    0.0006    0.6254
    0.4037    0.0059    0.0000    0.0009    0.2213    0.3682
    0.3739    0.0004    0.0000    0.0012    0.0451    0.5795
    0.3627    0.0013    0.0002    0.0000    0.1541    0.4815
    0.3307    0.3657    0.0000    0.0012    0.1728    0.1297
    0.2136    0.0000    0.0000    0.0000    0.0005    0.7857
    0.4811    0.2279    0.0001    0.0000    0.2094    0.0814
    0.3602    0.1917    0.0000    0.0011    0.1775    0.2695
    0.1307    0.0033    0.0001    0.0004    0.0004    0.8650
    0.3637    0.0001    0.0001    0.0001    0.0395    0.5964
    0.2340    0.0001    0.0001    0.0003    0.0010    0.7643
    0.3109    0.0000    0.0001    0.0004    0.0008    0.6878
    0.0781    0.0000    0.0001    0.0005    0.0001    0.9211
    0.1955    0.0000    0.0001    0.0005    0.0001    0.8037
    0.3728    0.3735    0.0000    0.0015    0.1816    0.0706
    0.3942    0.0002    0.0001    0.0000    0.1916    0.4138
    0.1410    0.0018    0.0001    0.0001    0.0004    0.8566
    0.3689    0.0000    0.0001    0.0001    0.0803    0.5503
    0.3815    0.0017    0.0000    0.0026    0.1132    0.5010
    0.3793    0.3148    0.0001    0.0022    0.1877    0.1158
    0.3488    0.0013    0.0001    0.0003    0.0001    0.6494
    0.3156    0.0000    0.0001    0.0004    0.0008    0.6832
    0.4196    0.0005    0.0000    0.0000    0.2172    0.3626
    0.3914    0.2158    0.0001    0.0011    0.2669    0.1248
    0.0167    0.0007    0.0000    0.0000    0.0000    0.9826
    0.2369    0.0014    0.0001    0.0000    0.0007    0.7607
    0.4423    0.3041    0.0001    0.0010    0.2205    0.0318
    0.3842    0.0882    0.0000    0.0000    0.2198    0.3077
    0.4202    0.3364    0.0000    0.0000    0.1753    0.0681
    0.2188    0.0009    0.0001    0.0005    0.0011    0.7784
    0.0295    0.0038    0.0001    0.0007    0.0007    0.9651
    0.3865    0.0832    0.0000    0.0016    0.2122    0.3165
    0.2740    0.0002    0.0001    0.0001    0.0004    0.7252
    0.3825    0.0054    0.0000    0.0012    0.1692    0.4416
    0.3378    0.0001    0.0001    0.0001    0.0382    0.6237
    0.1763    0.0000    0.0001    0.0000    0.0009    0.8227
    0.3510    0.3655    0.0000    0.0000    0.1274    0.1561
    0.3536    0.0003    0.0001    0.0002    0.0006    0.6452
    0.3819    0.0019    0.0001    0.0005    0.1629    0.4526
    0.3409    0.2540    0.0000    0.0030    0.1838    0.2183
    0.3922    0.2162    0.0001    0.0011    0.2343    0.1561
    0.3600    0.0019    0.0001    0.0005    0.1027    0.5346
    0.4193    0.2658    0.0001    0.0000    0.1853    0.1294
    0.3593    0.0037    0.0000    0.0000    0.1597    0.4773
    0.3513    0.0313    0.0000    0.0011    0.1590    0.4573
    0.4400    0.0037    0.0000    0.0000    0.1877    0.3685
    0.1408    0.0014    0.0001    0.0019    0.0004    0.8554
    0.4106    0.1759    0.0001    0.0010    0.1829    0.2295
    0.0724    0.0000    0.0001    0.0004    0.0001    0.9268
    0.3925    0.0028    0.0001    0.0000    0.1967    0.4079
    0.3309    0.0000    0.0000    0.0018    0.0036    0.6636
    0.2216    0.0014    0.0001    0.0001    0.0006    0.7761
    0.0627    0.0000    0.0001    0.0004    0.0001    0.9366
    0.3723    0.0003    0.0001    0.0002    0.1368    0.4903
    0.4702    0.2034    0.0001    0.0001    0.2536    0.0726
    0.3809    0.0020    0.0001    0.0005    0.0507    0.5657
    0.4090    0.2390    0.0000    0.0012    0.1820    0.1687
    0.3641    0.3892    0.0000    0.0022    0.2341    0.0105
    0.4110    0.3058    0.0001    0.0000    0.2321    0.0510
    0.4028    0.1050    0.0000    0.0000    0.1738    0.3184
    0.2503    0.0023    0.0001    0.0003    0.0000    0.7470
    0.3714    0.0005    0.0002    0.0001    0.1331    0.4945
    0.3776    0.1277    0.0001    0.0031    0.1887    0.3027
    0.2524    0.0046    0.0000    0.0000    0.0006    0.7424
    0.3323    0.3635    0.0001    0.0125    0.1803    0.1113
    0.4303    0.0005    0.0000    0.0000    0.2227    0.3464
    0.3463    0.0025    0.0001    0.0001    0.1930    0.4579
    0.4075    0.0000    0.0002    0.0005    0.0543    0.5373
    0.4190    0.0342    0.0000    0.0011    0.2072    0.3384
    0.4098    0.1922    0.0001    0.0000    0.1998    0.1980
    0.3927    0.0022    0.0001    0.0001    0.1290    0.4758
    0.3967    0.0261    0.0000    0.0001    0.1306    0.4464
    0.4250    0.2343    0.0001    0.0012    0.2101    0.1292
    0.3877    0.0055    0.0000    0.0003    0.1710    0.4355
    0.0951    0.0000    0.0001    0.0001    0.0001    0.9045
    0.4439    0.0001    0.0000    0.0000    0.2176    0.3384
    0.3796    0.3797    0.0000    0.0021    0.2284    0.0102
    0.4221    0.1904    0.0000    0.0015    0.2205    0.1655
    0.0955    0.0008    0.0001    0.0002    0.0023    0.9010
    0.3733    0.0021    0.0000    0.0006    0.1754    0.4485
    0.3769    0.0048    0.0002    0.0001    0.0542    0.5635
    0.3440    0.0014    0.0000    0.0021    0.0614    0.5911
    0.1699    0.0000    0.0001    0.0000    0.0009    0.8291
    0.3324    0.0005    0.0000    0.0000    0.0000    0.6671
    0.0319    0.0002    0.0001    0.0005    0.0009    0.9663
    0.4087    0.2253    0.0001    0.0011    0.2021    0.1626
    0.2340    0.0001    0.0001    0.0006    0.0010    0.7641
    0.3304    0.0034    0.0000    0.0000    0.1698    0.4964
    0.2911    0.0012    0.0000    0.0010    0.0004    0.7062
    0.4137    0.0146    0.0000    0.0003    0.2168    0.3545
    0.1700    0.0001    0.0001    0.0003    0.0003    0.8290
    0.3030    0.0001    0.0002    0.0007    0.0001    0.6957
    0.4134    0.0761    0.0000    0.0000    0.1873    0.3231
    0.4424    0.2517    0.0000    0.0017    0.2592    0.0449
    0.3928    0.0028    0.0001    0.0002    0.0013    0.6027
    0.4171    0.3398    0.0000    0.0006    0.2319    0.0107
    0.0743    0.0003    0.0001    0.0000    0.0004    0.9249

 Output data matrix of Pareto front of final Gaussian process model:
        f1        f2        f3
 -290.2488   -2.7440-62005.2709
 -666.3378   -0.8923-92249.4231
 -290.6214   -2.7144-61948.4477
 -670.1720   -0.9324-91154.5771
 -290.2488   -2.7440-62005.2709
 -574.8926   -1.4717-98986.3090
 -376.2702   -2.1466-75847.8113
 -354.3413   -2.2376-71906.8474
 -366.2364   -2.1899-74027.4894
 -331.8636   -2.3394-67983.8438
 -334.4011   -2.3249-68428.2547
 -401.2664   -2.0558-80367.8854
 -328.4814   -2.3557-67415.1092
 -660.5631   -1.0319-92676.3532
 -598.5194   -1.3207-97462.8022
 -350.8500   -2.2471-71283.6703
 -548.5494   -1.6308-98231.6501
 -468.2448   -1.8668-90891.8844
 -601.7065   -1.2641-97253.9640
 -307.2780   -2.4879-64020.5297
 -318.8385   -2.4103-65829.2087
 -561.1826   -1.5675-98501.6578
 -372.6588   -2.1610-75200.0340
 -434.9528   -1.9501-86163.9893
 -323.4270   -2.3829-66574.5788
 -305.3077   -2.5056-63733.4119
 -452.2227   -1.9046-88671.9443
 -344.2804   -2.2784-70140.9224
 -564.5952   -1.5476-98805.4179
 -346.7818   -2.2690-70570.3639
 -396.5062   -2.0787-79466.3524
 -413.1249   -2.0242-82440.7889
 -336.3126   -2.3176-68741.8251
 -297.5702   -2.5919-62692.6426
 -624.3911   -1.1989-95905.3863
 -461.3387   -1.8823-89986.3112
 -668.6027   -0.9255-91888.6687
 -442.7905   -1.9305-87306.2715
 -654.4445   -1.1025-91400.2937
 -390.7026   -2.0987-78437.6719
 -314.1590   -2.4416-65087.3589
 -484.7310   -1.8282-92906.3285
 -316.7459   -2.4208-65495.0200
 -410.2335   -2.0332-81929.3619
 -312.1365   -2.4530-64764.8587
 -508.5969   -1.7679-95322.4254
 -427.9288   -1.9745-85000.5231
 -393.3144   -2.0911-78893.7732
 -356.0585   -2.2313-72197.6737
 -615.2812   -1.2567-89704.1914
 -430.5333   -1.9651-85444.0055
 -329.3975   -2.3412-67614.6881
 -292.1817   -2.6769-62057.2011
 -398.3629   -2.0684-79811.9088
 -497.2086   -1.7935-94077.4613
 -446.6552   -1.9184-87844.3120
 -348.3306   -2.2632-70833.3073
 -629.2385   -1.2230-91650.8601
 -455.3029   -1.8974-89127.7719
 -298.9233   -2.5722-62851.9509
 -527.7391   -1.7123-96871.7925
 -551.8990   -1.6193-98362.6980
 -659.1707   -1.0573-92378.4267
 -487.0511   -1.8205-93172.1727
 -567.9301   -1.5253-98581.6745
 -387.9492   -2.1079-77927.8670
 -342.8978   -2.2863-69889.0334
 -295.1555   -2.6288-62412.5825
 -634.1580   -1.0771-96216.2892
 -619.8632   -1.1704-96752.1526
 -406.2072   -2.0444-81227.7051
 -618.7247   -1.2511-94306.0924
 -473.3285   -1.8546-91518.5056
 -444.6353   -1.9248-87581.9498
 -320.7284   -2.3992-66135.9514
 -440.3764   -1.9358-86906.7457
 -384.6831   -2.1195-77345.0162
 -480.6834   -1.8371-92406.6775
 -420.8854   -1.9971-83806.4706
 -357.8280   -2.2235-72523.0703
 -585.2726   -1.4059-97660.8916
 -386.2310   -2.1162-77613.7750
 -448.6420   -1.9140-88181.6399
 -394.1549   -2.0847-79064.8346
 -594.1997   -1.3470-98076.8614
 -382.8231   -2.1266-77003.5296
 -381.5178   -2.1311-76766.8576
 -511.4611   -1.7602-95587.2616
 -500.4663   -1.7894-94607.8748
 -433.7521   -1.9553-85980.2854
 -605.8361   -1.2992-93888.8960
 -544.9609   -1.6469-98003.0220
 -360.6305   -2.2101-73011.1258
 -301.0268   -2.5525-63158.1062
 -315.5279   -2.4318-65303.7368
 -310.8768   -2.4631-64575.3209
 -492.6446   -1.8026-93529.6589
 -403.7247   -2.0519-80769.4422
 -340.0685   -2.2961-69411.1291
 -414.0700   -2.0190-82621.5672
 -558.1163   -1.5866-98627.1140
 -426.5658   -1.9753-84776.4534
 -503.1538   -1.7825-94872.5895
 -431.6593   -1.9630-85638.9681
 -571.2874   -1.5029-98812.3698
 -457.8960   -1.8912-89526.0680
 -522.8108   -1.7276-96521.6242
 -627.8635   -1.2326-90666.6069
 -359.2983   -2.2189-72772.2859
 -647.7564   -1.0021-93313.6104
 -596.8219   -1.3393-95752.4860
 -321.6847   -2.3895-66292.0951
 -450.4011   -1.9108-88458.9990
 -369.6522   -2.1763-74625.2108
