
 TSEMO log file created on 24-Feb-2020 

 This file shows the initial specifications of TSEMO and logs the output.
 ¯¯¯¯¯¯¯¯¯¯¯¯¯¯¯¯¯¯¯¯¯¯¯¯¯¯¯¯¯¯¯¯¯¯¯¯¯¯¯¯¯¯¯¯¯¯¯¯¯¯¯¯¯¯¯¯¯¯¯¯¯¯¯¯¯¯¯¯¯¯¯¯¯¯¯¯¯¯¯¯¯¯¯¯¯¯¯¯¯¯¯¯¯¯¯¯¯¯¯¯¯¯
 License information 

 BSD 2-Clause License 

 Copyright (c) 2017, Eric Bradford, Artur M. Schweidtmann and Alexei Lapkin
 All rights reserved. 

 Redistribution and use in source and binary forms, with or without
 modification, are permitted provided that the following conditions are met: 

 *Redistributions of source code must retain the above copyright notice, this   
  list of conditions and the following disclaimer. 

 *Redistributions in binary form must reproduce the above copyright notice,   
  this list of conditions and the following disclaimer in the documentation   
  and/or other materials provided with the distribution. 

 Modified by Mina Konakovic Lukovic 2019. 

 ¯¯¯¯¯¯¯¯¯¯¯¯¯¯¯¯¯¯¯¯¯¯¯¯¯¯¯¯¯¯¯¯¯¯¯¯¯¯¯¯¯¯¯¯¯¯¯¯¯¯¯¯¯¯¯¯¯¯¯¯¯¯¯¯¯¯¯¯¯¯¯¯¯¯¯¯¯¯¯¯¯¯¯¯¯¯¯¯¯¯¯¯¯¯¯¯¯¯¯¯¯¯
 Problem specifications 

 Function used:   consta 

 Number of inputs:   6
 Number of outputs:  3 

 Lower bounds of decision variables:
      x1      x2      x3      x4      x5      x6
  0.0000  0.0000  0.0000  0.0000  0.0000  0.0000
 
 Upper bounds of decision variables:
      x1      x2      x3      x4      x5      x6
  1.0000  1.0000  0.5000  1.0000  1.0000  1.0000
 ¯¯¯¯¯¯¯¯¯¯¯¯¯¯¯¯¯¯¯¯¯¯¯¯¯¯¯¯¯¯¯¯¯¯¯¯¯¯¯¯¯¯¯¯¯¯¯¯¯¯¯¯¯¯¯¯¯¯¯¯¯¯¯¯¯¯¯¯¯¯¯¯¯¯¯¯¯¯¯¯¯¯¯¯¯¯¯¯¯¯¯¯¯¯¯¯¯¯¯¯¯¯
 Algorithm options 

 Maximum number of function evaluations:  4
 Sample batch size:                       4
 Number of algorithm iterations:          1 

 Genetic algorithm population size:        200
 Genetic algorithm number of generations:  200 

                                               f1      f2      f3
 Number of spectral sampling points:         4000    4000    4000
 Type of matern function:                       5       5       5
 Direct evaluations per input dimension:      200     200     200
 ¯¯¯¯¯¯¯¯¯¯¯¯¯¯¯¯¯¯¯¯¯¯¯¯¯¯¯¯¯¯¯¯¯¯¯¯¯¯¯¯¯¯¯¯¯¯¯¯¯¯¯¯¯¯¯¯¯¯¯¯¯¯¯¯¯¯¯¯¯¯¯¯¯¯¯¯¯¯¯¯¯¯¯¯¯¯¯¯¯¯¯¯¯¯¯¯¯¯¯¯¯¯
 Initial data set 

 Number of initial data points:  111 

 Initial input data matrix:
      x1      x2      x3      x4      x5      x6
  0.3200  0.1300  0.0500  0.2100  0.0400  0.2500
  0.0000  0.1800  0.2100  0.2800  0.2000  0.1300
  0.0000  0.0200  0.3800  0.0400  0.2900  0.2700
  0.1900  0.3000  0.1000  0.0600  0.0700  0.2800
  0.0800  0.1600  0.1400  0.0400  0.1900  0.3900
  0.3400  0.0600  0.2300  0.1600  0.1900  0.0200
  0.1400  0.1000  0.0700  0.2000  0.2700  0.2200
  0.0700  0.0700  0.3200  0.2100  0.0300  0.3000
  0.0200  0.0100  0.2700  0.1300  0.4900  0.0800
  0.0900  0.3200  0.0300  0.1300  0.3700  0.0600
  0.0800  0.2100  0.0200  0.0000  0.6100  0.0800
  0.0900  0.3200  0.0400  0.2100  0.1700  0.1700
  0.1400  0.3000  0.0700  0.1000  0.2500  0.1400
  0.0400  0.1700  0.0700  0.2200  0.2400  0.2600
  0.1700  0.1500  0.2800  0.2900  0.0000  0.1100
  0.1000  0.1400  0.1400  0.2600  0.2700  0.0900
  1.0000  0.0000  0.0000  0.0000  0.0000  0.0000
  0.0000  1.0000  0.0000  0.0000  0.0000  0.0000
  0.0000  0.0000  0.0000  1.0000  0.0000  0.0000
  0.6000  0.4000  0.0000  0.0000  0.0000  0.0000
  0.5500  0.4500  0.0000  0.0000  0.0000  0.0000
  0.5000  0.5000  0.0000  0.0000  0.0000  0.0000
  0.4500  0.5500  0.0000  0.0000  0.0000  0.0000
  0.4000  0.6000  0.0000  0.0000  0.0000  0.0000
  0.2700  0.4400  0.0900  0.0400  0.0800  0.0800
  0.0400  0.1900  0.3600  0.2000  0.1200  0.0900
  0.0000  0.5900  0.0000  0.0800  0.0800  0.2500
  0.0000  0.3900  0.1300  0.0700  0.0300  0.3800
  0.0100  0.5100  0.0000  0.1000  0.0200  0.3600
  0.0100  0.6200  0.0100  0.0300  0.1000  0.2300
  0.0600  0.3000  0.4100  0.0100  0.0100  0.2100
  0.0800  0.3200  0.5000  0.0700  0.0200  0.0100
  0.1500  0.2800  0.2500  0.0100  0.0600  0.2500
  0.0000  0.0000  0.0000  0.0000  0.0000  1.0000
  0.0000  0.0000  0.0000  0.0000  1.0000  0.0000
  0.0200  0.1100  0.0000  0.5000  0.0300  0.3400
  0.0100  0.1900  0.0000  0.0000  0.0000  0.8000
  0.0100  0.3900  0.0000  0.0200  0.0100  0.5700
  0.1800  0.1200  0.0000  0.3600  0.0000  0.3400
  0.0100  0.0000  0.1300  0.2500  0.0000  0.6100
  0.3200  0.0000  0.1200  0.0100  0.0000  0.5500
  0.0100  0.1500  0.1000  0.2100  0.0000  0.5300
  0.0100  0.0000  0.1500  0.2500  0.0000  0.5900
  0.1500  0.4500  0.0400  0.0300  0.0100  0.3200
  0.0500  0.3200  0.0000  0.5700  0.0600  0.0000
  0.3100  0.5200  0.0000  0.0800  0.0200  0.0700
  0.1500  0.0400  0.1300  0.6700  0.0100  0.0000
  0.0000  0.2100  0.2000  0.5800  0.0100  0.0000
  0.0000  0.0100  0.2800  0.6700  0.0100  0.0300
  0.0100  0.2800  0.1100  0.4600  0.1100  0.0300
  0.4900  0.0600  0.0000  0.1400  0.0200  0.2900
  0.1400  0.0000  0.0700  0.0100  0.0100  0.7700
  0.0300  0.5800  0.1800  0.0400  0.1000  0.0700
  0.0000  0.3100  0.0100  0.0200  0.1500  0.5100
  0.2500  0.0100  0.0100  0.0400  0.1300  0.5600
  0.2900  0.4500  0.0600  0.0800  0.1200  0.0000
  0.0200  0.0100  0.1600  0.0100  0.5000  0.3000
  0.0200  0.2400  0.0000  0.0300  0.2600  0.4500
  0.0000  0.0100  0.0000  0.0100  0.2700  0.7100
  0.0900  0.0200  0.0000  0.0600  0.4000  0.4300
  0.0000  0.1600  0.0000  0.0000  0.2500  0.5900
  0.3200  0.0900  0.0200  0.0100  0.0100  0.5500
  0.0000  0.0800  0.1300  0.0000  0.1100  0.6800
  0.3900  0.0100  0.0300  0.0000  0.0000  0.5700
  0.2600  0.1800  0.0200  0.0100  0.0100  0.5200
  0.2000  0.1600  0.0000  0.0000  0.0000  0.6400
  0.5100  0.3100  0.0700  0.0100  0.0100  0.0900
  0.1400  0.1700  0.0200  0.0000  0.0000  0.6700
  0.0000  0.0300  0.0200  0.2100  0.3200  0.4200
  0.5700  0.0000  0.1100  0.0100  0.1000  0.2100
  0.5100  0.2500  0.1000  0.0200  0.1200  0.0000
  0.5100  0.0100  0.0700  0.0200  0.1100  0.2800
  0.0000  0.0000  0.0000  0.0200  0.0000  0.9800
  0.6000  0.0000  0.0300  0.0000  0.0200  0.3500
  0.3400  0.0000  0.1100  0.0100  0.0600  0.4800
  0.4400  0.1100  0.1100  0.0000  0.0600  0.2800
  0.6600  0.0000  0.0800  0.0000  0.0000  0.2600
  0.3700  0.4700  0.1000  0.0000  0.0600  0.0000
  0.4400  0.3000  0.0900  0.0400  0.1300  0.0000
  0.2700  0.6100  0.1200  0.0000  0.0000  0.0000
  0.0100  0.0000  0.0000  0.0200  0.0800  0.8900
  0.2100  0.1100  0.0600  0.0000  0.1400  0.4800
  0.5200  0.0100  0.0100  0.0000  0.0000  0.4600
  0.0000  0.3800  0.0100  0.0000  0.0000  0.6100
  0.0000  0.3100  0.0100  0.0000  0.0000  0.6800
  0.3200  0.3400  0.0200  0.0000  0.0100  0.3100
  0.0100  0.4100  0.0000  0.0000  0.0100  0.5700
  0.0000  0.4100  0.0000  0.1300  0.0000  0.4600
  0.0000  0.1800  0.0000  0.2600  0.0100  0.5500
  0.0400  0.4500  0.0000  0.0700  0.0100  0.4300
  0.0000  0.2500  0.0000  0.2500  0.0000  0.5000
  0.3600  0.2000  0.0200  0.0800  0.0000  0.3400
  0.2100  0.0000  0.0000  0.3300  0.0100  0.4500
  0.2500  0.0000  0.0000  0.3100  0.0100  0.4300
  0.1900  0.0000  0.0000  0.3200  0.0100  0.4800
  0.0000  0.6300  0.1000  0.0000  0.0000  0.2700
  0.0000  0.6600  0.0900  0.0000  0.0000  0.2500
  0.0000  0.3300  0.1100  0.0100  0.0000  0.5500
  0.0000  0.6800  0.0900  0.0000  0.0100  0.2200
  0.3500  0.0000  0.0000  0.0100  0.0000  0.6400
  0.0100  0.0000  0.0000  0.3600  0.0000  0.6300
  0.4800  0.0000  0.0100  0.0000  0.1200  0.3900
  0.3900  0.0000  0.0000  0.0200  0.0100  0.5800
  0.4000  0.1700  0.0000  0.0000  0.1200  0.3100
  0.4400  0.2700  0.0000  0.0000  0.1700  0.1200
  0.3400  0.1400  0.0000  0.0000  0.1300  0.3900
  0.3300  0.1200  0.0000  0.0000  0.1300  0.4200
  0.3900  0.0000  0.0000  0.0000  0.2200  0.3900
  0.3900  0.3100  0.0000  0.0000  0.2200  0.0800
  0.4100  0.0000  0.0000  0.0000  0.2500  0.3400
  0.3500  0.0000  0.0000  0.0000  0.2000  0.4500

 Initial output data matrix:
      f1      f2      f3
-477.3645 -1.2974-78049.1925
-454.7535 -1.3662-68112.8155
-279.9044 -2.1133-51731.0693
-469.5247 -1.7578-77876.9026
-440.0426 -1.9634-76654.9118
-365.6047 -1.2303-62118.0243
-410.9856 -1.1190-66049.6554
-136.1656 -0.8962-22268.5639
-369.0088 -1.3142-61644.3643
-533.9811 -0.8968-68784.7611
-442.6768 -0.7257-59416.2131
-507.4257 -0.9822-66650.9629
-443.6008 -1.1184-65323.0907
-489.5899 -1.3294-72483.9913
-359.3333 -1.7335-60280.1487
-485.2462 -0.8865-66192.4108
-228.9585 -0.7284-49588.2084
-435.6576 -1.1748-60782.1527
-368.0328 -0.0378-29839.9581
-558.3333 -1.0147-72324.3305
-545.1107 -1.0090-76481.1353
-595.9865 -1.0313-80252.0073
-577.5167 -1.0272-78299.5278
-603.0115 -1.0486-79494.8772
-536.4679 -1.3385-83057.1828
-380.6202 -1.5761-63939.3838
-487.9964 -1.6929-74452.7693
-492.2164 -2.0354-77476.1977
-483.0457 -1.7036-74331.8675
-461.0062 -1.5331-68683.9650
-428.6732 -1.9582-73565.0149
-420.3458 -1.7501-70958.0370
-185.7397 -1.9998-39188.2443
-307.5914 -2.9333-68673.8814
-248.0791 -0.3369-41639.4837
-330.4220 -1.6093-58954.7196
-261.1897 -2.5356-54113.5267
-374.3907 -2.1313-72005.0906
-442.1932 -1.6426-73645.0393
-325.5454 -2.2577-65492.6760
-407.4563 -1.7142-79298.8675
-280.7768 -2.0890-55835.4428
-345.4445 -2.2639-66935.4850
-337.8766 -1.7123-65225.4544
-380.5099 -0.6146-47362.4095
-423.7886 -1.3121-68132.9194
-412.9137 -0.7221-59055.9302
-389.7163 -1.2975-60315.7332
-243.9299 -1.5816-43427.1956
-418.8166 -1.1219-61444.5239
-463.1094 -1.4660-81856.9346
-260.4919 -1.9421-59060.6871
-461.1271 -1.5697-75813.0466
-434.9195 -1.9723-80545.7853
-411.2741 -1.7072-85333.3874
-593.8157 -1.0758-82484.6477
-331.6431 -1.2261-62332.4475
-461.8788 -1.5726-80820.6379
-386.3988 -1.9098-76223.9832
-458.6168 -1.3865-78606.8274
-386.1546 -1.7969-73308.3934
-420.6757 -1.8963-83069.8760
-256.3444 -2.2542-53258.3199
-343.7864 -1.8975-72697.8828
-317.0968 -1.9236-66141.3310
-405.5608 -1.9380-81223.2023
-579.2708 -1.0437-87100.5169
-297.2664 -2.2664-61771.9743
-230.0024 -1.7750-53153.7094
-296.3126 -0.8946-60049.3899
-625.1337 -1.1253-94708.7918
-559.4404 -1.5604-98460.5528
-350.2734 -2.6724-74202.1381
-483.8073 -1.5770-91455.1658
-333.6048 -1.8340-67470.0844
-401.3639 -1.5176-75081.6898
-339.8147 -1.1731-68370.6235
-619.8270 -1.3159-92324.8900
-456.6095 -1.0320-73399.8497
-527.1160 -1.2052-80673.3135
-182.0132 -2.1459-33836.3245
-299.4935 -1.9115-62779.5207
-342.4831 -1.8084-73190.6083
-292.5484 -2.1003-64376.6034
-284.1961 -2.0337-60695.8700
-418.6794 -1.5121-75788.0791
-272.5130 -1.9527-60034.6655
-324.9663 -1.9969-65021.8788
-361.4059 -2.0913-69395.5054
-310.1195 -1.9192-61302.0228
-321.0298 -2.0199-62665.9535
-408.2643 -1.5818-76317.7672
-398.2560 -1.9114-74552.8783
-437.9660 -1.8110-79745.2693
-402.9772 -1.8842-75747.1961
-367.7646 -1.7661-65605.9795
-392.9406 -1.8913-69484.2021
-317.1051 -2.1952-63761.7220
-355.6015 -1.8014-64450.3268
-438.2688 -2.1205-87348.6010
-334.7339 -2.0407-65124.3183
-514.0293 -1.5443-93643.6527
-526.1093 -1.9176-98663.7705
-555.0826 -1.4101-91162.3449
-653.9760 -1.1215-96005.8355
-613.3157 -1.3545-102903.8092
-574.5688 -1.4762-99854.6710
-596.1996 -1.5851-97568.0584
-673.8733 -1.3085-96609.9429
-570.9253 -1.5720-97057.6408
-453.6160 -1.8559-85374.7271

 ¯¯¯¯¯¯¯¯¯¯¯¯¯¯¯¯¯¯¯¯¯¯¯¯¯¯¯¯¯¯¯¯¯¯¯¯¯¯¯¯¯¯¯¯¯¯¯¯¯¯¯¯¯¯¯¯¯¯¯¯¯¯¯¯¯¯¯¯¯¯¯¯¯¯¯¯¯¯¯¯¯¯¯¯¯¯¯¯¯¯¯¯¯¯¯¯¯¯¯¯¯¯
 Algorithm iteration 1 

 Predicted hypervolume improvement:    0.3644
 Time taken:   41.4810 

 Proposed evaluation point(s): 
      x1      x2      x3      x4      x5      x6
  0.4100  0.3200  0.0000  0.0000  0.2300  0.0400
  0.4000  0.0000  0.0000  0.0000  0.2300  0.3700
  0.3700  0.0000  0.0000  0.0000  0.2100  0.4200
  0.3900  0.3600  0.0000  0.0000  0.2000  0.0500

 Corresponding observation(s): 
      f1      f2      f3
-700.3468 -1.0105-91849.4262
-582.2514 -1.4947-101263.0297
-556.7631 -1.6048-99434.5626
-688.0209 -1.0826-92070.8683

 ¯¯¯¯¯¯¯¯¯¯¯¯¯¯¯¯¯¯¯¯¯¯¯¯¯¯¯¯¯¯¯¯¯¯¯¯¯¯¯¯¯¯¯¯¯¯¯¯¯¯¯¯¯¯¯¯¯¯¯¯¯¯¯¯¯¯¯¯¯¯¯¯¯¯¯¯¯¯¯¯¯¯¯¯¯¯¯¯¯¯¯¯¯¯¯¯¯¯¯¯¯¯
 Final algorithm output 

 Final input data matrix:
        x1        x2        x3        x4        x5        x6
    0.3200    0.1300    0.0500    0.2100    0.0400    0.2500
    0.0000    0.1800    0.2100    0.2800    0.2000    0.1300
    0.0000    0.0200    0.3800    0.0400    0.2900    0.2700
    0.1900    0.3000    0.1000    0.0600    0.0700    0.2800
    0.0800    0.1600    0.1400    0.0400    0.1900    0.3900
    0.3400    0.0600    0.2300    0.1600    0.1900    0.0200
    0.1400    0.1000    0.0700    0.2000    0.2700    0.2200
    0.0700    0.0700    0.3200    0.2100    0.0300    0.3000
    0.0200    0.0100    0.2700    0.1300    0.4900    0.0800
    0.0900    0.3200    0.0300    0.1300    0.3700    0.0600
    0.0800    0.2100    0.0200    0.0000    0.6100    0.0800
    0.0900    0.3200    0.0400    0.2100    0.1700    0.1700
    0.1400    0.3000    0.0700    0.1000    0.2500    0.1400
    0.0400    0.1700    0.0700    0.2200    0.2400    0.2600
    0.1700    0.1500    0.2800    0.2900    0.0000    0.1100
    0.1000    0.1400    0.1400    0.2600    0.2700    0.0900
    1.0000    0.0000    0.0000    0.0000    0.0000    0.0000
    0.0000    1.0000    0.0000    0.0000    0.0000    0.0000
    0.0000    0.0000    0.0000    1.0000    0.0000    0.0000
    0.6000    0.4000    0.0000    0.0000    0.0000    0.0000
    0.5500    0.4500    0.0000    0.0000    0.0000    0.0000
    0.5000    0.5000    0.0000    0.0000    0.0000    0.0000
    0.4500    0.5500    0.0000    0.0000    0.0000    0.0000
    0.4000    0.6000    0.0000    0.0000    0.0000    0.0000
    0.2700    0.4400    0.0900    0.0400    0.0800    0.0800
    0.0400    0.1900    0.3600    0.2000    0.1200    0.0900
    0.0000    0.5900    0.0000    0.0800    0.0800    0.2500
    0.0000    0.3900    0.1300    0.0700    0.0300    0.3800
    0.0100    0.5100    0.0000    0.1000    0.0200    0.3600
    0.0100    0.6200    0.0100    0.0300    0.1000    0.2300
    0.0600    0.3000    0.4100    0.0100    0.0100    0.2100
    0.0800    0.3200    0.5000    0.0700    0.0200    0.0100
    0.1500    0.2800    0.2500    0.0100    0.0600    0.2500
    0.0000    0.0000    0.0000    0.0000    0.0000    1.0000
    0.0000    0.0000    0.0000    0.0000    1.0000    0.0000
    0.0200    0.1100    0.0000    0.5000    0.0300    0.3400
    0.0100    0.1900    0.0000    0.0000    0.0000    0.8000
    0.0100    0.3900    0.0000    0.0200    0.0100    0.5700
    0.1800    0.1200    0.0000    0.3600    0.0000    0.3400
    0.0100    0.0000    0.1300    0.2500    0.0000    0.6100
    0.3200    0.0000    0.1200    0.0100    0.0000    0.5500
    0.0100    0.1500    0.1000    0.2100    0.0000    0.5300
    0.0100    0.0000    0.1500    0.2500    0.0000    0.5900
    0.1500    0.4500    0.0400    0.0300    0.0100    0.3200
    0.0500    0.3200    0.0000    0.5700    0.0600    0.0000
    0.3100    0.5200    0.0000    0.0800    0.0200    0.0700
    0.1500    0.0400    0.1300    0.6700    0.0100    0.0000
    0.0000    0.2100    0.2000    0.5800    0.0100    0.0000
    0.0000    0.0100    0.2800    0.6700    0.0100    0.0300
    0.0100    0.2800    0.1100    0.4600    0.1100    0.0300
    0.4900    0.0600    0.0000    0.1400    0.0200    0.2900
    0.1400    0.0000    0.0700    0.0100    0.0100    0.7700
    0.0300    0.5800    0.1800    0.0400    0.1000    0.0700
    0.0000    0.3100    0.0100    0.0200    0.1500    0.5100
    0.2500    0.0100    0.0100    0.0400    0.1300    0.5600
    0.2900    0.4500    0.0600    0.0800    0.1200    0.0000
    0.0200    0.0100    0.1600    0.0100    0.5000    0.3000
    0.0200    0.2400    0.0000    0.0300    0.2600    0.4500
    0.0000    0.0100    0.0000    0.0100    0.2700    0.7100
    0.0900    0.0200    0.0000    0.0600    0.4000    0.4300
    0.0000    0.1600    0.0000    0.0000    0.2500    0.5900
    0.3200    0.0900    0.0200    0.0100    0.0100    0.5500
    0.0000    0.0800    0.1300    0.0000    0.1100    0.6800
    0.3900    0.0100    0.0300    0.0000    0.0000    0.5700
    0.2600    0.1800    0.0200    0.0100    0.0100    0.5200
    0.2000    0.1600    0.0000    0.0000    0.0000    0.6400
    0.5100    0.3100    0.0700    0.0100    0.0100    0.0900
    0.1400    0.1700    0.0200    0.0000    0.0000    0.6700
    0.0000    0.0300    0.0200    0.2100    0.3200    0.4200
    0.5700    0.0000    0.1100    0.0100    0.1000    0.2100
    0.5100    0.2500    0.1000    0.0200    0.1200    0.0000
    0.5100    0.0100    0.0700    0.0200    0.1100    0.2800
    0.0000    0.0000    0.0000    0.0200    0.0000    0.9800
    0.6000    0.0000    0.0300    0.0000    0.0200    0.3500
    0.3400    0.0000    0.1100    0.0100    0.0600    0.4800
    0.4400    0.1100    0.1100    0.0000    0.0600    0.2800
    0.6600    0.0000    0.0800    0.0000    0.0000    0.2600
    0.3700    0.4700    0.1000    0.0000    0.0600    0.0000
    0.4400    0.3000    0.0900    0.0400    0.1300    0.0000
    0.2700    0.6100    0.1200    0.0000    0.0000    0.0000
    0.0100    0.0000    0.0000    0.0200    0.0800    0.8900
    0.2100    0.1100    0.0600    0.0000    0.1400    0.4800
    0.5200    0.0100    0.0100    0.0000    0.0000    0.4600
    0.0000    0.3800    0.0100    0.0000    0.0000    0.6100
    0.0000    0.3100    0.0100    0.0000    0.0000    0.6800
    0.3200    0.3400    0.0200    0.0000    0.0100    0.3100
    0.0100    0.4100    0.0000    0.0000    0.0100    0.5700
    0.0000    0.4100    0.0000    0.1300    0.0000    0.4600
    0.0000    0.1800    0.0000    0.2600    0.0100    0.5500
    0.0400    0.4500    0.0000    0.0700    0.0100    0.4300
    0.0000    0.2500    0.0000    0.2500    0.0000    0.5000
    0.3600    0.2000    0.0200    0.0800    0.0000    0.3400
    0.2100    0.0000    0.0000    0.3300    0.0100    0.4500
    0.2500    0.0000    0.0000    0.3100    0.0100    0.4300
    0.1900    0.0000    0.0000    0.3200    0.0100    0.4800
    0.0000    0.6300    0.1000    0.0000    0.0000    0.2700
    0.0000    0.6600    0.0900    0.0000    0.0000    0.2500
    0.0000    0.3300    0.1100    0.0100    0.0000    0.5500
    0.0000    0.6800    0.0900    0.0000    0.0100    0.2200
    0.3500    0.0000    0.0000    0.0100    0.0000    0.6400
    0.0100    0.0000    0.0000    0.3600    0.0000    0.6300
    0.4800    0.0000    0.0100    0.0000    0.1200    0.3900
    0.3900    0.0000    0.0000    0.0200    0.0100    0.5800
    0.4000    0.1700    0.0000    0.0000    0.1200    0.3100
    0.4400    0.2700    0.0000    0.0000    0.1700    0.1200
    0.3400    0.1400    0.0000    0.0000    0.1300    0.3900
    0.3300    0.1200    0.0000    0.0000    0.1300    0.4200
    0.3900    0.0000    0.0000    0.0000    0.2200    0.3900
    0.3900    0.3100    0.0000    0.0000    0.2200    0.0800
    0.4100    0.0000    0.0000    0.0000    0.2500    0.3400
    0.3500    0.0000    0.0000    0.0000    0.2000    0.4500
    0.4100    0.3200    0.0000    0.0000    0.2300    0.0400
    0.4000    0.0000    0.0000    0.0000    0.2300    0.3700
    0.3700    0.0000    0.0000    0.0000    0.2100    0.4200
    0.3900    0.3600    0.0000    0.0000    0.2000    0.0500

 Final output data matrix:
        f1        f2        f3
 -477.3645   -1.2974-78049.1925
 -454.7535   -1.3662-68112.8155
 -279.9044   -2.1133-51731.0693
 -469.5247   -1.7578-77876.9026
 -440.0426   -1.9634-76654.9118
 -365.6047   -1.2303-62118.0243
 -410.9856   -1.1190-66049.6554
 -136.1656   -0.8962-22268.5639
 -369.0088   -1.3142-61644.3643
 -533.9811   -0.8968-68784.7611
 -442.6768   -0.7257-59416.2131
 -507.4257   -0.9822-66650.9629
 -443.6008   -1.1184-65323.0907
 -489.5899   -1.3294-72483.9913
 -359.3333   -1.7335-60280.1487
 -485.2462   -0.8865-66192.4108
 -228.9585   -0.7284-49588.2084
 -435.6576   -1.1748-60782.1527
 -368.0328   -0.0378-29839.9581
 -558.3333   -1.0147-72324.3305
 -545.1107   -1.0090-76481.1353
 -595.9865   -1.0313-80252.0073
 -577.5167   -1.0272-78299.5278
 -603.0115   -1.0486-79494.8772
 -536.4679   -1.3385-83057.1828
 -380.6202   -1.5761-63939.3838
 -487.9964   -1.6929-74452.7693
 -492.2164   -2.0354-77476.1977
 -483.0457   -1.7036-74331.8675
 -461.0062   -1.5331-68683.9650
 -428.6732   -1.9582-73565.0149
 -420.3458   -1.7501-70958.0370
 -185.7397   -1.9998-39188.2443
 -307.5914   -2.9333-68673.8814
 -248.0791   -0.3369-41639.4837
 -330.4220   -1.6093-58954.7196
 -261.1897   -2.5356-54113.5267
 -374.3907   -2.1313-72005.0906
 -442.1932   -1.6426-73645.0393
 -325.5454   -2.2577-65492.6760
 -407.4563   -1.7142-79298.8675
 -280.7768   -2.0890-55835.4428
 -345.4445   -2.2639-66935.4850
 -337.8766   -1.7123-65225.4544
 -380.5099   -0.6146-47362.4095
 -423.7886   -1.3121-68132.9194
 -412.9137   -0.7221-59055.9302
 -389.7163   -1.2975-60315.7332
 -243.9299   -1.5816-43427.1956
 -418.8166   -1.1219-61444.5239
 -463.1094   -1.4660-81856.9346
 -260.4919   -1.9421-59060.6871
 -461.1271   -1.5697-75813.0466
 -434.9195   -1.9723-80545.7853
 -411.2741   -1.7072-85333.3874
 -593.8157   -1.0758-82484.6477
 -331.6431   -1.2261-62332.4475
 -461.8788   -1.5726-80820.6379
 -386.3988   -1.9098-76223.9832
 -458.6168   -1.3865-78606.8274
 -386.1546   -1.7969-73308.3934
 -420.6757   -1.8963-83069.8760
 -256.3444   -2.2542-53258.3199
 -343.7864   -1.8975-72697.8828
 -317.0968   -1.9236-66141.3310
 -405.5608   -1.9380-81223.2023
 -579.2708   -1.0437-87100.5169
 -297.2664   -2.2664-61771.9743
 -230.0024   -1.7750-53153.7094
 -296.3126   -0.8946-60049.3899
 -625.1337   -1.1253-94708.7918
 -559.4404   -1.5604-98460.5528
 -350.2734   -2.6724-74202.1381
 -483.8073   -1.5770-91455.1658
 -333.6048   -1.8340-67470.0844
 -401.3639   -1.5176-75081.6898
 -339.8147   -1.1731-68370.6235
 -619.8270   -1.3159-92324.8900
 -456.6095   -1.0320-73399.8497
 -527.1160   -1.2052-80673.3135
 -182.0132   -2.1459-33836.3245
 -299.4935   -1.9115-62779.5207
 -342.4831   -1.8084-73190.6083
 -292.5484   -2.1003-64376.6034
 -284.1961   -2.0337-60695.8700
 -418.6794   -1.5121-75788.0791
 -272.5130   -1.9527-60034.6655
 -324.9663   -1.9969-65021.8788
 -361.4059   -2.0913-69395.5054
 -310.1195   -1.9192-61302.0228
 -321.0298   -2.0199-62665.9535
 -408.2643   -1.5818-76317.7672
 -398.2560   -1.9114-74552.8783
 -437.9660   -1.8110-79745.2693
 -402.9772   -1.8842-75747.1961
 -367.7646   -1.7661-65605.9795
 -392.9406   -1.8913-69484.2021
 -317.1051   -2.1952-63761.7220
 -355.6015   -1.8014-64450.3268
 -438.2688   -2.1205-87348.6010
 -334.7339   -2.0407-65124.3183
 -514.0293   -1.5443-93643.6527
 -526.1093   -1.9176-98663.7705
 -555.0826   -1.4101-91162.3449
 -653.9760   -1.1215-96005.8355
 -613.3157   -1.3545-102903.8092
 -574.5688   -1.4762-99854.6710
 -596.1996   -1.5851-97568.0584
 -673.8733   -1.3085-96609.9429
 -570.9253   -1.5720-97057.6408
 -453.6160   -1.8559-85374.7271
 -700.3468   -1.0105-91849.4262
 -582.2514   -1.4947-101263.0297
 -556.7631   -1.6048-99434.5626
 -688.0209   -1.0826-92070.8683

 Input data matrix of corresponding Pareto front:
        x1        x2        x3        x4        x5        x6
    0.0000    0.3900    0.1300    0.0700    0.0300    0.3800
    0.0000    0.0000    0.0000    0.0000    0.0000    1.0000
    0.0100    0.3900    0.0000    0.0200    0.0100    0.5700
    0.5100    0.0100    0.0700    0.0200    0.1100    0.2800
    0.0000    0.0000    0.0000    0.0200    0.0000    0.9800
    0.3700    0.4700    0.1000    0.0000    0.0600    0.0000
    0.3500    0.0000    0.0000    0.0100    0.0000    0.6400
    0.3900    0.0000    0.0000    0.0200    0.0100    0.5800
    0.3400    0.1400    0.0000    0.0000    0.1300    0.3900
    0.3300    0.1200    0.0000    0.0000    0.1300    0.4200
    0.3900    0.0000    0.0000    0.0000    0.2200    0.3900
    0.3900    0.3100    0.0000    0.0000    0.2200    0.0800

 Output data matrix of corresponding Pareto front:
        f1        f2        f3
 -492.2164   -2.0354-77476.1977
 -307.5914   -2.9333-68673.8814
 -374.3907   -2.1313-72005.0906
 -559.4404   -1.5604-98460.5528
 -350.2734   -2.6724-74202.1381
 -619.8270   -1.3159-92324.8900
 -438.2688   -2.1205-87348.6010
 -526.1093   -1.9176-98663.7705
 -613.3157   -1.3545-102903.8092
 -574.5688   -1.4762-99854.6710
 -596.1996   -1.5851-97568.0584
 -673.8733   -1.3085-96609.9429

 Input data matrix of Pareto front of final Gaussian process model:
        x1        x2        x3        x4        x5        x6
    0.4502    0.2689    0.0000    0.0000    0.2767    0.0042
    0.0000    0.0000    0.0000    0.0000    0.0000    1.0000
    0.4323    0.0000    0.0000    0.0009    0.2250    0.3418
    0.0000    0.0009    0.0000    0.0026    0.0000    0.9965
    0.3963    0.3423    0.0001    0.0000    0.2577    0.0036
    0.0000    0.0000    0.0000    0.0000    0.0000    1.0000
    0.4401    0.2668    0.0000    0.0000    0.2643    0.0287
    0.1225    0.0000    0.0001    0.0001    0.0000    0.8773
    0.0116    0.0000    0.0000    0.0023    0.0000    0.9861
    0.2354    0.0005    0.0000    0.0021    0.0000    0.7619
    0.1750    0.0000    0.0000    0.0000    0.0000    0.8250
    0.3883    0.1590    0.0000    0.0012    0.1596    0.2917
    0.3612    0.0000    0.0001    0.0010    0.1747    0.4630
    0.2618    0.0001    0.0000    0.0000    0.0000    0.7381
    0.1263    0.0002    0.0001    0.0016    0.0000    0.8718
    0.0554    0.0004    0.0001    0.0026    0.0000    0.9415
    0.3932    0.0000    0.0001    0.0011    0.1902    0.4153
    0.0472    0.0000    0.0000    0.0000    0.0000    0.9528
    0.1807    0.0006    0.0000    0.0010    0.0000    0.8176
    0.2551    0.0000    0.0000    0.0017    0.0003    0.7429
    0.3640    0.2422    0.0000    0.0007    0.1847    0.2084
    0.0622    0.0000    0.0000    0.0000    0.0000    0.9378
    0.2416    0.0000    0.0000    0.0006    0.0000    0.7578
    0.2190    0.0000    0.0000    0.0001    0.0000    0.7809
    0.2643    0.0000    0.0000    0.0010    0.0020    0.7327
    0.3155    0.0000    0.0000    0.0000    0.0000    0.6845
    0.1898    0.0003    0.0000    0.0015    0.0001    0.8082
    0.2884    0.0002    0.0000    0.0008    0.0002    0.7104
    0.4143    0.1724    0.0002    0.0106    0.2678    0.1344
    0.1681    0.0000    0.0000    0.0000    0.0029    0.8289
    0.1614    0.0005    0.0000    0.0001    0.0000    0.8380
    0.2128    0.0000    0.0000    0.0001    0.0000    0.7871
    0.2998    0.0005    0.0000    0.0021    0.0005    0.6970
    0.3597    0.0020    0.0000    0.0012    0.1073    0.5298
    0.1955    0.0006    0.0001    0.0020    0.0000    0.8018
    0.3095    0.0012    0.0000    0.0000    0.0000    0.6892
    0.1504    0.0000    0.0001    0.0005    0.0000    0.8491
    0.2950    0.0000    0.0000    0.0018    0.0000    0.7032
    0.3053    0.0009    0.0000    0.0011    0.0004    0.6922
    0.4098    0.0020    0.0000    0.0036    0.0663    0.5183
    0.3440    0.0037    0.0001    0.0012    0.0454    0.6056
    0.3720    0.0000    0.0000    0.0007    0.2005    0.4267
    0.0266    0.0001    0.0000    0.0000    0.0000    0.9733
    0.1643    0.0009    0.0000    0.0037    0.0006    0.8305
    0.1334    0.0003    0.0002    0.0009    0.0001    0.8650
    0.3714    0.3055    0.0001    0.0000    0.1688    0.1541
    0.3767    0.0007    0.0001    0.0033    0.1253    0.4937
    0.3589    0.0029    0.0000    0.0098    0.1481    0.4803
    0.2278    0.0011    0.0000    0.0008    0.0000    0.7703
    0.3337    0.3843    0.0000    0.0076    0.1909    0.0834
    0.3586    0.0011    0.0000    0.0017    0.1270    0.5116
    0.3403    0.0034    0.0000    0.0041    0.0195    0.6327
    0.2304    0.0000    0.0001    0.0001    0.0000    0.7694
    0.0363    0.0000    0.0000    0.0004    0.0002    0.9631
    0.2706    0.0003    0.0000    0.0008    0.0000    0.7283
    0.3827    0.0006    0.0000    0.0025    0.0858    0.5283
    0.3254    0.0020    0.0000    0.0025    0.0010    0.6691
    0.3925    0.0052    0.0003    0.0000    0.2056    0.3961
    0.3880    0.1991    0.0000    0.0116    0.2387    0.1627
    0.0683    0.0001    0.0001    0.0010    0.0018    0.9286
    0.4233    0.0000    0.0000    0.0009    0.1948    0.3810
    0.3892    0.0000    0.0001    0.0077    0.0034    0.5994
    0.3565    0.0000    0.0000    0.0001    0.0061    0.6372
    0.3919    0.0000    0.0001    0.0018    0.2029    0.4030
    0.1087    0.0000    0.0000    0.0000    0.0000    0.8912
    0.3443    0.2499    0.0001    0.0015    0.2161    0.1881
    0.4083    0.1388    0.0001    0.0019    0.2180    0.2328
    0.2832    0.0000    0.0000    0.0000    0.0000    0.7168
    0.3540    0.2553    0.0001    0.0135    0.2689    0.1081
    0.3643    0.2482    0.0000    0.0064    0.1881    0.1929
    0.3872    0.0008    0.0002    0.0002    0.0449    0.5666
    0.3316    0.0009    0.0000    0.0025    0.0010    0.6640
    0.3442    0.2390    0.0001    0.0015    0.2354    0.1798
    0.3493    0.2579    0.0001    0.0089    0.2243    0.1594
    0.3951    0.3224    0.0001    0.0000    0.2365    0.0460
    0.4295    0.2636    0.0000    0.0017    0.2621    0.0431
    0.1568    0.0003    0.0003    0.0006    0.0000    0.8417
    0.4494    0.2514    0.0001    0.0003    0.2374    0.0614
    0.1130    0.0000    0.0000    0.0000    0.0000    0.8870
    0.3854    0.0019    0.0000    0.0010    0.1815    0.4303
    0.0409    0.0000    0.0000    0.0005    0.0007    0.9578
    0.3189    0.0001    0.0000    0.0009    0.0002    0.6798
    0.4208    0.2232    0.0001    0.0000    0.2660    0.0899
    0.3588    0.0000    0.0000    0.0008    0.0002    0.6403
    0.3944    0.1001    0.0000    0.0007    0.2001    0.3046
    0.3423    0.2448    0.0001    0.0003    0.2408    0.1715
    0.3844    0.0018    0.0002    0.0601    0.0590    0.4942
    0.3581    0.0000    0.0000    0.0155    0.1106    0.5158
    0.4128    0.0989    0.0001    0.0019    0.2286    0.2575
    0.3964    0.0038    0.0001    0.0086    0.0943    0.4968
    0.4336    0.2496    0.0000    0.0000    0.2619    0.0550
    0.0276    0.0001    0.0000    0.0018    0.0000    0.9704
    0.3634    0.0008    0.0000    0.0009    0.0092    0.6258
    0.4025    0.0805    0.0004    0.0010    0.2160    0.2994
    0.3650    0.0049    0.0005    0.0002    0.0462    0.5827
    0.3589    0.0050    0.0005    0.0002    0.0466    0.5883
    0.4258    0.1136    0.0003    0.0000    0.2413    0.2188
    0.2216    0.0000    0.0000    0.0017    0.0002    0.7764
    0.0927    0.0003    0.0001    0.0012    0.0005    0.9052
    0.3696    0.1781    0.0000    0.0000    0.2087    0.2435
    0.3423    0.0008    0.0002    0.0024    0.0010    0.6531
    0.2032    0.0022    0.0000    0.0013    0.0000    0.7933
    0.2793    0.0005    0.0000    0.0000    0.0002    0.7200
    0.3409    0.3464    0.0002    0.0008    0.2338    0.0778
    0.3334    0.0016    0.0000    0.0018    0.0329    0.6303
    0.2082    0.0000    0.0001    0.0001    0.0000    0.7916
    0.3324    0.0006    0.0000    0.0008    0.0404    0.6257
    0.4010    0.0000    0.0000    0.0014    0.0020    0.5956
    0.0781    0.0041    0.0000    0.0000    0.0016    0.9161
    0.2726    0.0008    0.0000    0.0009    0.0010    0.7247
    0.3715    0.0007    0.0000    0.0020    0.1559    0.4699
    0.0755    0.0003    0.0000    0.0009    0.0004    0.9230
    0.3875    0.0042    0.0000    0.0000    0.1657    0.4426
    0.3983    0.0043    0.0000    0.0000    0.1636    0.4337
    0.3411    0.0000    0.0000    0.0195    0.0650    0.5744
    0.3382    0.3895    0.0000    0.0121    0.2163    0.0439
    0.4185    0.0682    0.0000    0.0012    0.2302    0.2819
    0.4194    0.2396    0.0022    0.0011    0.2625    0.0730
    0.4213    0.0750    0.0000    0.0017    0.2297    0.2722
    0.3621    0.3244    0.0001    0.0133    0.2272    0.0728
    0.4353    0.2409    0.0002    0.0002    0.2636    0.0595
    0.3833    0.0004    0.0000    0.0020    0.0005    0.6138
    0.3219    0.0002    0.0000    0.0008    0.0002    0.6769
    0.3382    0.0007    0.0001    0.0008    0.0015    0.6588
    0.3996    0.0023    0.0001    0.0012    0.0083    0.5886
    0.1985    0.0007    0.0001    0.0011    0.0000    0.7996
    0.4185    0.0306    0.0000    0.0108    0.2092    0.3308
    0.0978    0.0003    0.0000    0.0008    0.0004    0.9006
    0.1130    0.0000    0.0000    0.0000    0.0000    0.8870
    0.1872    0.0000    0.0000    0.0001    0.0000    0.8127
    0.1047    0.0000    0.0000    0.0004    0.0000    0.8950
    0.2852    0.0009    0.0000    0.0025    0.0003    0.7111
    0.3732    0.0037    0.0001    0.0012    0.0452    0.5766
    0.3480    0.0003    0.0000    0.0010    0.0306    0.6202
    0.3692    0.0007    0.0001    0.0036    0.1365    0.4898
    0.3650    0.0844    0.0000    0.0018    0.2325    0.3162
    0.1353    0.0003    0.0002    0.0009    0.0001    0.8631
    0.4227    0.0000    0.0001    0.0010    0.1810    0.3951
    0.3912    0.0042    0.0000    0.0000    0.2258    0.3786
    0.2770    0.0000    0.0000    0.0000    0.0000    0.7230
    0.2448    0.0005    0.0000    0.0000    0.0005    0.7541
    0.4432    0.0000    0.0001    0.0009    0.0137    0.5421
    0.1022    0.0000    0.0000    0.0000    0.0000    0.8978
    0.2473    0.0000    0.0000    0.0000    0.0000    0.7527
    0.3303    0.0003    0.0000    0.0009    0.0653    0.6032
    0.2952    0.0042    0.0000    0.0009    0.0004    0.6992
    0.3736    0.0339    0.0001    0.0005    0.0214    0.5704
    0.3654    0.0000    0.0000    0.0008    0.1756    0.4582
    0.3256    0.0000    0.0000    0.0003    0.0000    0.6741
    0.3317    0.0002    0.0001    0.1003    0.0574    0.5103
    0.0829    0.0003    0.0000    0.0016    0.0004    0.9147
    0.3847    0.0100    0.0001    0.0016    0.0507    0.5527
    0.1477    0.0000    0.0000    0.0001    0.0000    0.8522
    0.4293    0.0099    0.0000    0.0030    0.2046    0.3531
    0.4283    0.1447    0.0001    0.0110    0.2769    0.1390
    0.3801    0.0322    0.0000    0.0115    0.2232    0.3529
    0.3951    0.0006    0.0000    0.0026    0.0561    0.5455
    0.2015    0.0013    0.0000    0.0000    0.0000    0.7972
    0.3503    0.0041    0.0001    0.0013    0.0004    0.6437
    0.4091    0.0094    0.0000    0.0017    0.2115    0.3682
    0.4089    0.0021    0.0000    0.0038    0.0441    0.5411
    0.2510    0.0028    0.0001    0.0019    0.0000    0.7440
    0.0874    0.0003    0.0001    0.0015    0.0005    0.9102
    0.4333    0.0009    0.0000    0.0027    0.2065    0.3564
    0.1393    0.0000    0.0001    0.0000    0.0024    0.8582
    0.3417    0.0041    0.0000    0.0022    0.0094    0.6425
    0.2489    0.0005    0.0000    0.0043    0.0005    0.7459
    0.4141    0.0331    0.0000    0.0102    0.2102    0.3324
    0.1389    0.0002    0.0001    0.0018    0.0000    0.8590
    0.3519    0.2957    0.0001    0.0122    0.2425    0.0975
    0.3680    0.0027    0.0001    0.0012    0.0592    0.5688
    0.0702    0.0036    0.0000    0.0010    0.0015    0.9237
    0.3764    0.0019    0.0000    0.0010    0.1842    0.4366
    0.0027    0.0000    0.0000    0.0023    0.0000    0.9950
    0.1577    0.0003    0.0004    0.0006    0.0000    0.8406
    0.3661    0.2563    0.0000    0.0109    0.2132    0.1534
    0.4147    0.0000    0.0002    0.0003    0.2321    0.3525
    0.2103    0.0000    0.0000    0.0001    0.0000    0.7896
    0.3673    0.0000    0.0001    0.0010    0.1777    0.4538
    0.3841    0.0007    0.0000    0.0034    0.1084    0.5034
    0.3796    0.3680    0.0000    0.0092    0.1859    0.0572
    0.4211    0.0846    0.0000    0.0018    0.2088    0.2837
    0.3767    0.0043    0.0000    0.0000    0.2321    0.3869
    0.4037    0.0056    0.0005    0.0149    0.0000    0.5746
    0.3464    0.0039    0.0001    0.0012    0.0009    0.6474
    0.3575    0.0018    0.0001    0.0019    0.1864    0.4522
    0.3870    0.0014    0.0001    0.0017    0.1208    0.4889
    0.4106    0.0006    0.0001    0.0029    0.1122    0.4736
    0.3465    0.0005    0.0000    0.0021    0.0002    0.6507
    0.3611    0.1791    0.0000    0.0000    0.2013    0.2585
    0.3655    0.0007    0.0001    0.0030    0.1537    0.4770
    0.3714    0.0007    0.0001    0.0020    0.1559    0.4698
    0.4112    0.1688    0.0002    0.0104    0.2438    0.1654
    0.4092    0.0000    0.0000    0.0055    0.0531    0.5321
    0.3645    0.0007    0.0001    0.0030    0.1539    0.4777
    0.1445    0.0004    0.0002    0.0009    0.0001    0.8537
    0.3961    0.0000    0.0002    0.0003    0.2217    0.3816
    0.4182    0.2356    0.0001    0.0000    0.2512    0.0948
    0.0924    0.0009    0.0000    0.0008    0.0043    0.9015
    0.3913    0.3505    0.0000    0.0018    0.1787    0.0777

 Output data matrix of Pareto front of final Gaussian process model:
        f1        f2        f3
 -684.2636   -0.8402-91690.8001
 -286.2743   -2.7562-62154.6734
 -578.2939   -1.4567-98359.6783
 -286.3158   -2.7475-62080.6355
 -687.7713   -0.9177-91078.7452
 -286.2743   -2.7562-62154.6734
 -680.5982   -0.9045-92504.1415
 -313.5965   -2.3944-66432.2806
 -287.7246   -2.7171-62259.4716
 -363.8721   -2.1548-75042.4021
 -334.5770   -2.2612-70030.9636
 -586.6654   -1.4131-95525.4356
 -528.2959   -1.6904-96059.5915
 -377.0356   -2.1206-77280.8599
 -314.9932   -2.3792-66654.0122
 -295.0535   -2.5877-63287.7135
 -550.5042   -1.6065-97569.0006
 -293.4499   -2.6207-63096.2104
 -337.1844   -2.2465-70476.5588
 -373.9296   -2.1277-76751.1372
 -618.6357   -1.2804-94455.2603
 -296.5747   -2.5760-63581.8262
 -366.8596   -2.1482-75545.3508
 -355.4365   -2.1815-73596.2888
 -379.2257   -2.1122-77630.5657
 -402.9098   -2.0378-81724.9730
 -341.4516   -2.2282-71204.7115
 -390.4291   -2.0801-79574.0807
 -651.6583   -1.0362-95094.5719
 -332.2387   -2.2683-69566.3661
 -328.7157   -2.2909-69023.8516
 -352.3774   -2.1912-73074.3679
 -396.2374   -2.0594-80571.0950
 -487.2264   -1.7905-92692.1319
 -344.1322   -2.2168-71666.6189
 -400.4111   -2.0462-81293.0544
 -324.0774   -2.3176-68228.5022
 -393.6364   -2.0692-80129.4875
 -398.7226   -2.0514-80998.7485
 -478.7139   -1.8078-92141.5502
 -441.4468   -1.8897-87316.8017
 -546.8602   -1.6205-97161.3324
 -289.8576   -2.6805-62578.8078
 -330.4068   -2.2748-69281.3392
 -317.3787   -2.3600-67073.4553
 -630.0100   -1.2225-92978.3427
 -506.1601   -1.7541-94556.4812
 -514.4208   -1.7300-94917.9095
 -360.0169   -2.1667-74381.9878
 -645.7275   -1.1574-90425.9957
 -499.0851   -1.7669-93794.6967
 -425.2584   -1.9433-85163.8181
 -361.0523   -2.1644-74556.7313
 -291.4861   -2.6508-62792.9948
 -381.5642   -2.1070-78058.6145
 -482.5345   -1.8027-92434.0285
 -408.4081   -2.0129-82654.0855
 -559.4128   -1.5622-97774.2300
 -643.3935   -1.1280-95128.6665
 -298.0827   -2.5479-63745.0259
 -562.1755   -1.5420-98099.7641
 -433.0518   -1.9080-86779.2757
 -423.0032   -1.9547-85084.3038
 -556.4796   -1.5777-97739.6796
 -309.0974   -2.4355-65661.9434
 -628.1414   -1.2313-94103.1576
 -619.9456   -1.2634-96668.2784
 -387.6999   -2.0895-79105.8119
 -655.2225   -1.0564-92819.9560
 -623.5218   -1.2494-94189.3634
 -457.0091   -1.8507-89711.6351
 -410.8984   -2.0035-83085.9240
 -633.2426   -1.1988-94173.8916
 -637.9213   -1.1735-93714.5686
 -676.9741   -1.0098-92320.0084
 -678.1180   -0.9364-92896.9135
 -326.3207   -2.2993-68624.0794
 -670.1312   -0.9729-93327.7740
 -310.4671   -2.4230-65895.9563
 -543.5260   -1.6370-97172.4296
 -292.3450   -2.6352-62895.5431
 -404.6919   -2.0301-82030.1647
 -666.5270   -0.9961-94233.3232
 -420.7127   -1.9630-84810.4762
 -592.6957   -1.4029-97084.7618
 -635.8915   -1.1838-93978.7291
 -475.0269   -1.8162-90647.3264
 -490.5757   -1.7856-92861.9960
 -611.8063   -1.3003-97230.2768
 -494.9400   -1.7769-93540.4243
 -674.9180   -0.9506-93322.5324
 -289.9795   -2.6721-62555.3944
 -427.5299   -1.9361-85778.5755
 -595.9899   -1.3832-97407.8671
 -450.4491   -1.8650-88654.4044
 -448.2512   -1.8703-88318.6705
 -624.8322   -1.2107-96916.1651
 -356.9757   -2.1752-73856.6897
 -304.2938   -2.4777-64814.6154
 -614.0575   -1.3085-95830.8522
 -415.0306   -1.9852-83802.6329
 -348.0163   -2.2032-72332.8851
 -385.8751   -2.0945-78791.8796
 -659.7284   -1.1023-91539.8065
 -429.0462   -1.9306-85574.4058
 -350.0320   -2.1984-72676.7542
 -432.5137   -1.9189-86019.2412
 -434.5729   -1.9013-87138.2689
 -300.6784   -2.5137-64137.1797
 -383.0791   -2.1016-78305.5489
 -522.7538   -1.7104-95810.6615
 -299.7545   -2.5316-64063.7737
 -536.0537   -1.6653-96771.0015
 -538.7870   -1.6522-96978.2278
