
 TSEMO log file created on 24-Feb-2020 

 This file shows the initial specifications of TSEMO and logs the output.
 ¯¯¯¯¯¯¯¯¯¯¯¯¯¯¯¯¯¯¯¯¯¯¯¯¯¯¯¯¯¯¯¯¯¯¯¯¯¯¯¯¯¯¯¯¯¯¯¯¯¯¯¯¯¯¯¯¯¯¯¯¯¯¯¯¯¯¯¯¯¯¯¯¯¯¯¯¯¯¯¯¯¯¯¯¯¯¯¯¯¯¯¯¯¯¯¯¯¯¯¯¯¯
 License information 

 BSD 2-Clause License 

 Copyright (c) 2017, Eric Bradford, Artur M. Schweidtmann and Alexei Lapkin
 All rights reserved. 

 Redistribution and use in source and binary forms, with or without
 modification, are permitted provided that the following conditions are met: 

 *Redistributions of source code must retain the above copyright notice, this   
  list of conditions and the following disclaimer. 

 *Redistributions in binary form must reproduce the above copyright notice,   
  this list of conditions and the following disclaimer in the documentation   
  and/or other materials provided with the distribution. 

 Modified by Mina Konakovic Lukovic 2019. 

 ¯¯¯¯¯¯¯¯¯¯¯¯¯¯¯¯¯¯¯¯¯¯¯¯¯¯¯¯¯¯¯¯¯¯¯¯¯¯¯¯¯¯¯¯¯¯¯¯¯¯¯¯¯¯¯¯¯¯¯¯¯¯¯¯¯¯¯¯¯¯¯¯¯¯¯¯¯¯¯¯¯¯¯¯¯¯¯¯¯¯¯¯¯¯¯¯¯¯¯¯¯¯
 Problem specifications 

 Function used:   consta 

 Number of inputs:   6
 Number of outputs:  3 

 Lower bounds of decision variables:
      x1      x2      x3      x4      x5      x6
  0.0000  0.0000  0.0000  0.0000  0.0000  0.0000
 
 Upper bounds of decision variables:
      x1      x2      x3      x4      x5      x6
  1.0000  1.0000  0.5000  1.0000  1.0000  1.0000
 ¯¯¯¯¯¯¯¯¯¯¯¯¯¯¯¯¯¯¯¯¯¯¯¯¯¯¯¯¯¯¯¯¯¯¯¯¯¯¯¯¯¯¯¯¯¯¯¯¯¯¯¯¯¯¯¯¯¯¯¯¯¯¯¯¯¯¯¯¯¯¯¯¯¯¯¯¯¯¯¯¯¯¯¯¯¯¯¯¯¯¯¯¯¯¯¯¯¯¯¯¯¯
 Algorithm options 

 Maximum number of function evaluations:  4
 Sample batch size:                       4
 Number of algorithm iterations:          1 

 Genetic algorithm population size:        200
 Genetic algorithm number of generations:  200 

                                               f1      f2      f3
 Number of spectral sampling points:         4000    4000    4000
 Type of matern function:                       5       5       5
 Direct evaluations per input dimension:      200     200     200
 ¯¯¯¯¯¯¯¯¯¯¯¯¯¯¯¯¯¯¯¯¯¯¯¯¯¯¯¯¯¯¯¯¯¯¯¯¯¯¯¯¯¯¯¯¯¯¯¯¯¯¯¯¯¯¯¯¯¯¯¯¯¯¯¯¯¯¯¯¯¯¯¯¯¯¯¯¯¯¯¯¯¯¯¯¯¯¯¯¯¯¯¯¯¯¯¯¯¯¯¯¯¯
 Initial data set 

 Number of initial data points:  111 

 Initial input data matrix:
      x1      x2      x3      x4      x5      x6
  0.3200  0.1300  0.0500  0.2100  0.0400  0.2500
  0.0000  0.1800  0.2100  0.2800  0.2000  0.1300
  0.0000  0.0200  0.3800  0.0400  0.2900  0.2700
  0.1900  0.3000  0.1000  0.0600  0.0700  0.2800
  0.0800  0.1600  0.1400  0.0400  0.1900  0.3900
  0.3400  0.0600  0.2300  0.1600  0.1900  0.0200
  0.1400  0.1000  0.0700  0.2000  0.2700  0.2200
  0.0700  0.0700  0.3200  0.2100  0.0300  0.3000
  0.0200  0.0100  0.2700  0.1300  0.4900  0.0800
  0.0900  0.3200  0.0300  0.1300  0.3700  0.0600
  0.0800  0.2100  0.0200  0.0000  0.6100  0.0800
  0.0900  0.3200  0.0400  0.2100  0.1700  0.1700
  0.1400  0.3000  0.0700  0.1000  0.2500  0.1400
  0.0400  0.1700  0.0700  0.2200  0.2400  0.2600
  0.1700  0.1500  0.2800  0.2900  0.0000  0.1100
  0.1000  0.1400  0.1400  0.2600  0.2700  0.0900
  1.0000  0.0000  0.0000  0.0000  0.0000  0.0000
  0.0000  1.0000  0.0000  0.0000  0.0000  0.0000
  0.0000  0.0000  0.0000  1.0000  0.0000  0.0000
  0.6000  0.4000  0.0000  0.0000  0.0000  0.0000
  0.5500  0.4500  0.0000  0.0000  0.0000  0.0000
  0.5000  0.5000  0.0000  0.0000  0.0000  0.0000
  0.4500  0.5500  0.0000  0.0000  0.0000  0.0000
  0.4000  0.6000  0.0000  0.0000  0.0000  0.0000
  0.2700  0.4400  0.0900  0.0400  0.0800  0.0800
  0.0400  0.1900  0.3600  0.2000  0.1200  0.0900
  0.0000  0.5900  0.0000  0.0800  0.0800  0.2500
  0.0000  0.3900  0.1300  0.0700  0.0300  0.3800
  0.0100  0.5100  0.0000  0.1000  0.0200  0.3600
  0.0100  0.6200  0.0100  0.0300  0.1000  0.2300
  0.0600  0.3000  0.4100  0.0100  0.0100  0.2100
  0.0800  0.3200  0.5000  0.0700  0.0200  0.0100
  0.1500  0.2800  0.2500  0.0100  0.0600  0.2500
  0.0000  0.0000  0.0000  0.0000  0.0000  1.0000
  0.0000  0.0000  0.0000  0.0000  1.0000  0.0000
  0.0200  0.1100  0.0000  0.5000  0.0300  0.3400
  0.0100  0.1900  0.0000  0.0000  0.0000  0.8000
  0.0100  0.3900  0.0000  0.0200  0.0100  0.5700
  0.1800  0.1200  0.0000  0.3600  0.0000  0.3400
  0.0100  0.0000  0.1300  0.2500  0.0000  0.6100
  0.3200  0.0000  0.1200  0.0100  0.0000  0.5500
  0.0100  0.1500  0.1000  0.2100  0.0000  0.5300
  0.0100  0.0000  0.1500  0.2500  0.0000  0.5900
  0.1500  0.4500  0.0400  0.0300  0.0100  0.3200
  0.0500  0.3200  0.0000  0.5700  0.0600  0.0000
  0.3100  0.5200  0.0000  0.0800  0.0200  0.0700
  0.1500  0.0400  0.1300  0.6700  0.0100  0.0000
  0.0000  0.2100  0.2000  0.5800  0.0100  0.0000
  0.0000  0.0100  0.2800  0.6700  0.0100  0.0300
  0.0100  0.2800  0.1100  0.4600  0.1100  0.0300
  0.4900  0.0600  0.0000  0.1400  0.0200  0.2900
  0.1400  0.0000  0.0700  0.0100  0.0100  0.7700
  0.0300  0.5800  0.1800  0.0400  0.1000  0.0700
  0.0000  0.3100  0.0100  0.0200  0.1500  0.5100
  0.2500  0.0100  0.0100  0.0400  0.1300  0.5600
  0.2900  0.4500  0.0600  0.0800  0.1200  0.0000
  0.0200  0.0100  0.1600  0.0100  0.5000  0.3000
  0.0200  0.2400  0.0000  0.0300  0.2600  0.4500
  0.0000  0.0100  0.0000  0.0100  0.2700  0.7100
  0.0900  0.0200  0.0000  0.0600  0.4000  0.4300
  0.0000  0.1600  0.0000  0.0000  0.2500  0.5900
  0.3200  0.0900  0.0200  0.0100  0.0100  0.5500
  0.0000  0.0800  0.1300  0.0000  0.1100  0.6800
  0.3900  0.0100  0.0300  0.0000  0.0000  0.5700
  0.2600  0.1800  0.0200  0.0100  0.0100  0.5200
  0.2000  0.1600  0.0000  0.0000  0.0000  0.6400
  0.5100  0.3100  0.0700  0.0100  0.0100  0.0900
  0.1400  0.1700  0.0200  0.0000  0.0000  0.6700
  0.0000  0.0300  0.0200  0.2100  0.3200  0.4200
  0.5700  0.0000  0.1100  0.0100  0.1000  0.2100
  0.5100  0.2500  0.1000  0.0200  0.1200  0.0000
  0.5100  0.0100  0.0700  0.0200  0.1100  0.2800
  0.0000  0.0000  0.0000  0.0200  0.0000  0.9800
  0.6000  0.0000  0.0300  0.0000  0.0200  0.3500
  0.3400  0.0000  0.1100  0.0100  0.0600  0.4800
  0.4400  0.1100  0.1100  0.0000  0.0600  0.2800
  0.6600  0.0000  0.0800  0.0000  0.0000  0.2600
  0.3700  0.4700  0.1000  0.0000  0.0600  0.0000
  0.4400  0.3000  0.0900  0.0400  0.1300  0.0000
  0.2700  0.6100  0.1200  0.0000  0.0000  0.0000
  0.0100  0.0000  0.0000  0.0200  0.0800  0.8900
  0.2100  0.1100  0.0600  0.0000  0.1400  0.4800
  0.5200  0.0100  0.0100  0.0000  0.0000  0.4600
  0.0000  0.3800  0.0100  0.0000  0.0000  0.6100
  0.0000  0.3100  0.0100  0.0000  0.0000  0.6800
  0.3200  0.3400  0.0200  0.0000  0.0100  0.3100
  0.0100  0.4100  0.0000  0.0000  0.0100  0.5700
  0.0000  0.4100  0.0000  0.1300  0.0000  0.4600
  0.0000  0.1800  0.0000  0.2600  0.0100  0.5500
  0.0400  0.4500  0.0000  0.0700  0.0100  0.4300
  0.0000  0.2500  0.0000  0.2500  0.0000  0.5000
  0.3600  0.2000  0.0200  0.0800  0.0000  0.3400
  0.2100  0.0000  0.0000  0.3300  0.0100  0.4500
  0.2500  0.0000  0.0000  0.3100  0.0100  0.4300
  0.1900  0.0000  0.0000  0.3200  0.0100  0.4800
  0.0000  0.6300  0.1000  0.0000  0.0000  0.2700
  0.0000  0.6600  0.0900  0.0000  0.0000  0.2500
  0.0000  0.3300  0.1100  0.0100  0.0000  0.5500
  0.0000  0.6800  0.0900  0.0000  0.0100  0.2200
  0.3500  0.0000  0.0000  0.0100  0.0000  0.6400
  0.0100  0.0000  0.0000  0.3600  0.0000  0.6300
  0.4800  0.0000  0.0100  0.0000  0.1200  0.3900
  0.3900  0.0000  0.0000  0.0200  0.0100  0.5800
  0.4000  0.1700  0.0000  0.0000  0.1200  0.3100
  0.4400  0.2700  0.0000  0.0000  0.1700  0.1200
  0.3400  0.1400  0.0000  0.0000  0.1300  0.3900
  0.3300  0.1200  0.0000  0.0000  0.1300  0.4200
  0.3900  0.0000  0.0000  0.0000  0.2200  0.3900
  0.3900  0.3100  0.0000  0.0000  0.2200  0.0800
  0.4100  0.0000  0.0000  0.0000  0.2500  0.3400
  0.3500  0.0000  0.0000  0.0000  0.2000  0.4500

 Initial output data matrix:
      f1      f2      f3
-477.3645 -1.2974-78049.1925
-454.7535 -1.3662-68112.8155
-279.9044 -2.1133-51731.0693
-469.5247 -1.7578-77876.9026
-440.0426 -1.9634-76654.9118
-365.6047 -1.2303-62118.0243
-410.9856 -1.1190-66049.6554
-136.1656 -0.8962-22268.5639
-369.0088 -1.3142-61644.3643
-533.9811 -0.8968-68784.7611
-442.6768 -0.7257-59416.2131
-507.4257 -0.9822-66650.9629
-443.6008 -1.1184-65323.0907
-489.5899 -1.3294-72483.9913
-359.3333 -1.7335-60280.1487
-485.2462 -0.8865-66192.4108
-228.9585 -0.7284-49588.2084
-435.6576 -1.1748-60782.1527
-368.0328 -0.0378-29839.9581
-558.3333 -1.0147-72324.3305
-545.1107 -1.0090-76481.1353
-595.9865 -1.0313-80252.0073
-577.5167 -1.0272-78299.5278
-603.0115 -1.0486-79494.8772
-536.4679 -1.3385-83057.1828
-380.6202 -1.5761-63939.3838
-487.9964 -1.6929-74452.7693
-492.2164 -2.0354-77476.1977
-483.0457 -1.7036-74331.8675
-461.0062 -1.5331-68683.9650
-428.6732 -1.9582-73565.0149
-420.3458 -1.7501-70958.0370
-185.7397 -1.9998-39188.2443
-307.5914 -2.9333-68673.8814
-248.0791 -0.3369-41639.4837
-330.4220 -1.6093-58954.7196
-261.1897 -2.5356-54113.5267
-374.3907 -2.1313-72005.0906
-442.1932 -1.6426-73645.0393
-325.5454 -2.2577-65492.6760
-407.4563 -1.7142-79298.8675
-280.7768 -2.0890-55835.4428
-345.4445 -2.2639-66935.4850
-337.8766 -1.7123-65225.4544
-380.5099 -0.6146-47362.4095
-423.7886 -1.3121-68132.9194
-412.9137 -0.7221-59055.9302
-389.7163 -1.2975-60315.7332
-243.9299 -1.5816-43427.1956
-418.8166 -1.1219-61444.5239
-463.1094 -1.4660-81856.9346
-260.4919 -1.9421-59060.6871
-461.1271 -1.5697-75813.0466
-434.9195 -1.9723-80545.7853
-411.2741 -1.7072-85333.3874
-593.8157 -1.0758-82484.6477
-331.6431 -1.2261-62332.4475
-461.8788 -1.5726-80820.6379
-386.3988 -1.9098-76223.9832
-458.6168 -1.3865-78606.8274
-386.1546 -1.7969-73308.3934
-420.6757 -1.8963-83069.8760
-256.3444 -2.2542-53258.3199
-343.7864 -1.8975-72697.8828
-317.0968 -1.9236-66141.3310
-405.5608 -1.9380-81223.2023
-579.2708 -1.0437-87100.5169
-297.2664 -2.2664-61771.9743
-230.0024 -1.7750-53153.7094
-296.3126 -0.8946-60049.3899
-625.1337 -1.1253-94708.7918
-559.4404 -1.5604-98460.5528
-350.2734 -2.6724-74202.1381
-483.8073 -1.5770-91455.1658
-333.6048 -1.8340-67470.0844
-401.3639 -1.5176-75081.6898
-339.8147 -1.1731-68370.6235
-619.8270 -1.3159-92324.8900
-456.6095 -1.0320-73399.8497
-527.1160 -1.2052-80673.3135
-182.0132 -2.1459-33836.3245
-299.4935 -1.9115-62779.5207
-342.4831 -1.8084-73190.6083
-292.5484 -2.1003-64376.6034
-284.1961 -2.0337-60695.8700
-418.6794 -1.5121-75788.0791
-272.5130 -1.9527-60034.6655
-324.9663 -1.9969-65021.8788
-361.4059 -2.0913-69395.5054
-310.1195 -1.9192-61302.0228
-321.0298 -2.0199-62665.9535
-408.2643 -1.5818-76317.7672
-398.2560 -1.9114-74552.8783
-437.9660 -1.8110-79745.2693
-402.9772 -1.8842-75747.1961
-367.7646 -1.7661-65605.9795
-392.9406 -1.8913-69484.2021
-317.1051 -2.1952-63761.7220
-355.6015 -1.8014-64450.3268
-438.2688 -2.1205-87348.6010
-334.7339 -2.0407-65124.3183
-514.0293 -1.5443-93643.6527
-526.1093 -1.9176-98663.7705
-555.0826 -1.4101-91162.3449
-653.9760 -1.1215-96005.8355
-613.3157 -1.3545-102903.8092
-574.5688 -1.4762-99854.6710
-596.1996 -1.5851-97568.0584
-673.8733 -1.3085-96609.9429
-570.9253 -1.5720-97057.6408
-453.6160 -1.8559-85374.7271

 ¯¯¯¯¯¯¯¯¯¯¯¯¯¯¯¯¯¯¯¯¯¯¯¯¯¯¯¯¯¯¯¯¯¯¯¯¯¯¯¯¯¯¯¯¯¯¯¯¯¯¯¯¯¯¯¯¯¯¯¯¯¯¯¯¯¯¯¯¯¯¯¯¯¯¯¯¯¯¯¯¯¯¯¯¯¯¯¯¯¯¯¯¯¯¯¯¯¯¯¯¯¯
 Algorithm iteration 1 

 Predicted hypervolume improvement:    0.2899
 Time taken:   38.2863 

 Proposed evaluation point(s): 
      x1      x2      x3      x4      x5      x6
  0.2700  0.0000  0.0000  0.0000  0.0000  0.7300
  0.5000  0.0000  0.0000  0.0000  0.1400  0.3600
  0.3100  0.3500  0.0000  0.0000  0.2800  0.0600
  0.3300  0.0000  0.0000  0.0000  0.2100  0.4600

 Corresponding observation(s): 
      f1      f2      f3
-399.6984 -2.2135-75445.4830
-531.2331 -1.5138-101446.3361
-692.1621 -1.0684-83410.5058
-546.3057 -1.6799-90659.5876

 ¯¯¯¯¯¯¯¯¯¯¯¯¯¯¯¯¯¯¯¯¯¯¯¯¯¯¯¯¯¯¯¯¯¯¯¯¯¯¯¯¯¯¯¯¯¯¯¯¯¯¯¯¯¯¯¯¯¯¯¯¯¯¯¯¯¯¯¯¯¯¯¯¯¯¯¯¯¯¯¯¯¯¯¯¯¯¯¯¯¯¯¯¯¯¯¯¯¯¯¯¯¯
 Final algorithm output 

 Final input data matrix:
        x1        x2        x3        x4        x5        x6
    0.3200    0.1300    0.0500    0.2100    0.0400    0.2500
    0.0000    0.1800    0.2100    0.2800    0.2000    0.1300
    0.0000    0.0200    0.3800    0.0400    0.2900    0.2700
    0.1900    0.3000    0.1000    0.0600    0.0700    0.2800
    0.0800    0.1600    0.1400    0.0400    0.1900    0.3900
    0.3400    0.0600    0.2300    0.1600    0.1900    0.0200
    0.1400    0.1000    0.0700    0.2000    0.2700    0.2200
    0.0700    0.0700    0.3200    0.2100    0.0300    0.3000
    0.0200    0.0100    0.2700    0.1300    0.4900    0.0800
    0.0900    0.3200    0.0300    0.1300    0.3700    0.0600
    0.0800    0.2100    0.0200    0.0000    0.6100    0.0800
    0.0900    0.3200    0.0400    0.2100    0.1700    0.1700
    0.1400    0.3000    0.0700    0.1000    0.2500    0.1400
    0.0400    0.1700    0.0700    0.2200    0.2400    0.2600
    0.1700    0.1500    0.2800    0.2900    0.0000    0.1100
    0.1000    0.1400    0.1400    0.2600    0.2700    0.0900
    1.0000    0.0000    0.0000    0.0000    0.0000    0.0000
    0.0000    1.0000    0.0000    0.0000    0.0000    0.0000
    0.0000    0.0000    0.0000    1.0000    0.0000    0.0000
    0.6000    0.4000    0.0000    0.0000    0.0000    0.0000
    0.5500    0.4500    0.0000    0.0000    0.0000    0.0000
    0.5000    0.5000    0.0000    0.0000    0.0000    0.0000
    0.4500    0.5500    0.0000    0.0000    0.0000    0.0000
    0.4000    0.6000    0.0000    0.0000    0.0000    0.0000
    0.2700    0.4400    0.0900    0.0400    0.0800    0.0800
    0.0400    0.1900    0.3600    0.2000    0.1200    0.0900
    0.0000    0.5900    0.0000    0.0800    0.0800    0.2500
    0.0000    0.3900    0.1300    0.0700    0.0300    0.3800
    0.0100    0.5100    0.0000    0.1000    0.0200    0.3600
    0.0100    0.6200    0.0100    0.0300    0.1000    0.2300
    0.0600    0.3000    0.4100    0.0100    0.0100    0.2100
    0.0800    0.3200    0.5000    0.0700    0.0200    0.0100
    0.1500    0.2800    0.2500    0.0100    0.0600    0.2500
    0.0000    0.0000    0.0000    0.0000    0.0000    1.0000
    0.0000    0.0000    0.0000    0.0000    1.0000    0.0000
    0.0200    0.1100    0.0000    0.5000    0.0300    0.3400
    0.0100    0.1900    0.0000    0.0000    0.0000    0.8000
    0.0100    0.3900    0.0000    0.0200    0.0100    0.5700
    0.1800    0.1200    0.0000    0.3600    0.0000    0.3400
    0.0100    0.0000    0.1300    0.2500    0.0000    0.6100
    0.3200    0.0000    0.1200    0.0100    0.0000    0.5500
    0.0100    0.1500    0.1000    0.2100    0.0000    0.5300
    0.0100    0.0000    0.1500    0.2500    0.0000    0.5900
    0.1500    0.4500    0.0400    0.0300    0.0100    0.3200
    0.0500    0.3200    0.0000    0.5700    0.0600    0.0000
    0.3100    0.5200    0.0000    0.0800    0.0200    0.0700
    0.1500    0.0400    0.1300    0.6700    0.0100    0.0000
    0.0000    0.2100    0.2000    0.5800    0.0100    0.0000
    0.0000    0.0100    0.2800    0.6700    0.0100    0.0300
    0.0100    0.2800    0.1100    0.4600    0.1100    0.0300
    0.4900    0.0600    0.0000    0.1400    0.0200    0.2900
    0.1400    0.0000    0.0700    0.0100    0.0100    0.7700
    0.0300    0.5800    0.1800    0.0400    0.1000    0.0700
    0.0000    0.3100    0.0100    0.0200    0.1500    0.5100
    0.2500    0.0100    0.0100    0.0400    0.1300    0.5600
    0.2900    0.4500    0.0600    0.0800    0.1200    0.0000
    0.0200    0.0100    0.1600    0.0100    0.5000    0.3000
    0.0200    0.2400    0.0000    0.0300    0.2600    0.4500
    0.0000    0.0100    0.0000    0.0100    0.2700    0.7100
    0.0900    0.0200    0.0000    0.0600    0.4000    0.4300
    0.0000    0.1600    0.0000    0.0000    0.2500    0.5900
    0.3200    0.0900    0.0200    0.0100    0.0100    0.5500
    0.0000    0.0800    0.1300    0.0000    0.1100    0.6800
    0.3900    0.0100    0.0300    0.0000    0.0000    0.5700
    0.2600    0.1800    0.0200    0.0100    0.0100    0.5200
    0.2000    0.1600    0.0000    0.0000    0.0000    0.6400
    0.5100    0.3100    0.0700    0.0100    0.0100    0.0900
    0.1400    0.1700    0.0200    0.0000    0.0000    0.6700
    0.0000    0.0300    0.0200    0.2100    0.3200    0.4200
    0.5700    0.0000    0.1100    0.0100    0.1000    0.2100
    0.5100    0.2500    0.1000    0.0200    0.1200    0.0000
    0.5100    0.0100    0.0700    0.0200    0.1100    0.2800
    0.0000    0.0000    0.0000    0.0200    0.0000    0.9800
    0.6000    0.0000    0.0300    0.0000    0.0200    0.3500
    0.3400    0.0000    0.1100    0.0100    0.0600    0.4800
    0.4400    0.1100    0.1100    0.0000    0.0600    0.2800
    0.6600    0.0000    0.0800    0.0000    0.0000    0.2600
    0.3700    0.4700    0.1000    0.0000    0.0600    0.0000
    0.4400    0.3000    0.0900    0.0400    0.1300    0.0000
    0.2700    0.6100    0.1200    0.0000    0.0000    0.0000
    0.0100    0.0000    0.0000    0.0200    0.0800    0.8900
    0.2100    0.1100    0.0600    0.0000    0.1400    0.4800
    0.5200    0.0100    0.0100    0.0000    0.0000    0.4600
    0.0000    0.3800    0.0100    0.0000    0.0000    0.6100
    0.0000    0.3100    0.0100    0.0000    0.0000    0.6800
    0.3200    0.3400    0.0200    0.0000    0.0100    0.3100
    0.0100    0.4100    0.0000    0.0000    0.0100    0.5700
    0.0000    0.4100    0.0000    0.1300    0.0000    0.4600
    0.0000    0.1800    0.0000    0.2600    0.0100    0.5500
    0.0400    0.4500    0.0000    0.0700    0.0100    0.4300
    0.0000    0.2500    0.0000    0.2500    0.0000    0.5000
    0.3600    0.2000    0.0200    0.0800    0.0000    0.3400
    0.2100    0.0000    0.0000    0.3300    0.0100    0.4500
    0.2500    0.0000    0.0000    0.3100    0.0100    0.4300
    0.1900    0.0000    0.0000    0.3200    0.0100    0.4800
    0.0000    0.6300    0.1000    0.0000    0.0000    0.2700
    0.0000    0.6600    0.0900    0.0000    0.0000    0.2500
    0.0000    0.3300    0.1100    0.0100    0.0000    0.5500
    0.0000    0.6800    0.0900    0.0000    0.0100    0.2200
    0.3500    0.0000    0.0000    0.0100    0.0000    0.6400
    0.0100    0.0000    0.0000    0.3600    0.0000    0.6300
    0.4800    0.0000    0.0100    0.0000    0.1200    0.3900
    0.3900    0.0000    0.0000    0.0200    0.0100    0.5800
    0.4000    0.1700    0.0000    0.0000    0.1200    0.3100
    0.4400    0.2700    0.0000    0.0000    0.1700    0.1200
    0.3400    0.1400    0.0000    0.0000    0.1300    0.3900
    0.3300    0.1200    0.0000    0.0000    0.1300    0.4200
    0.3900    0.0000    0.0000    0.0000    0.2200    0.3900
    0.3900    0.3100    0.0000    0.0000    0.2200    0.0800
    0.4100    0.0000    0.0000    0.0000    0.2500    0.3400
    0.3500    0.0000    0.0000    0.0000    0.2000    0.4500
    0.2700    0.0000    0.0000    0.0000    0.0000    0.7300
    0.5000    0.0000    0.0000    0.0000    0.1400    0.3600
    0.3100    0.3500    0.0000    0.0000    0.2800    0.0600
    0.3300    0.0000    0.0000    0.0000    0.2100    0.4600

 Final output data matrix:
        f1        f2        f3
 -477.3645   -1.2974-78049.1925
 -454.7535   -1.3662-68112.8155
 -279.9044   -2.1133-51731.0693
 -469.5247   -1.7578-77876.9026
 -440.0426   -1.9634-76654.9118
 -365.6047   -1.2303-62118.0243
 -410.9856   -1.1190-66049.6554
 -136.1656   -0.8962-22268.5639
 -369.0088   -1.3142-61644.3643
 -533.9811   -0.8968-68784.7611
 -442.6768   -0.7257-59416.2131
 -507.4257   -0.9822-66650.9629
 -443.6008   -1.1184-65323.0907
 -489.5899   -1.3294-72483.9913
 -359.3333   -1.7335-60280.1487
 -485.2462   -0.8865-66192.4108
 -228.9585   -0.7284-49588.2084
 -435.6576   -1.1748-60782.1527
 -368.0328   -0.0378-29839.9581
 -558.3333   -1.0147-72324.3305
 -545.1107   -1.0090-76481.1353
 -595.9865   -1.0313-80252.0073
 -577.5167   -1.0272-78299.5278
 -603.0115   -1.0486-79494.8772
 -536.4679   -1.3385-83057.1828
 -380.6202   -1.5761-63939.3838
 -487.9964   -1.6929-74452.7693
 -492.2164   -2.0354-77476.1977
 -483.0457   -1.7036-74331.8675
 -461.0062   -1.5331-68683.9650
 -428.6732   -1.9582-73565.0149
 -420.3458   -1.7501-70958.0370
 -185.7397   -1.9998-39188.2443
 -307.5914   -2.9333-68673.8814
 -248.0791   -0.3369-41639.4837
 -330.4220   -1.6093-58954.7196
 -261.1897   -2.5356-54113.5267
 -374.3907   -2.1313-72005.0906
 -442.1932   -1.6426-73645.0393
 -325.5454   -2.2577-65492.6760
 -407.4563   -1.7142-79298.8675
 -280.7768   -2.0890-55835.4428
 -345.4445   -2.2639-66935.4850
 -337.8766   -1.7123-65225.4544
 -380.5099   -0.6146-47362.4095
 -423.7886   -1.3121-68132.9194
 -412.9137   -0.7221-59055.9302
 -389.7163   -1.2975-60315.7332
 -243.9299   -1.5816-43427.1956
 -418.8166   -1.1219-61444.5239
 -463.1094   -1.4660-81856.9346
 -260.4919   -1.9421-59060.6871
 -461.1271   -1.5697-75813.0466
 -434.9195   -1.9723-80545.7853
 -411.2741   -1.7072-85333.3874
 -593.8157   -1.0758-82484.6477
 -331.6431   -1.2261-62332.4475
 -461.8788   -1.5726-80820.6379
 -386.3988   -1.9098-76223.9832
 -458.6168   -1.3865-78606.8274
 -386.1546   -1.7969-73308.3934
 -420.6757   -1.8963-83069.8760
 -256.3444   -2.2542-53258.3199
 -343.7864   -1.8975-72697.8828
 -317.0968   -1.9236-66141.3310
 -405.5608   -1.9380-81223.2023
 -579.2708   -1.0437-87100.5169
 -297.2664   -2.2664-61771.9743
 -230.0024   -1.7750-53153.7094
 -296.3126   -0.8946-60049.3899
 -625.1337   -1.1253-94708.7918
 -559.4404   -1.5604-98460.5528
 -350.2734   -2.6724-74202.1381
 -483.8073   -1.5770-91455.1658
 -333.6048   -1.8340-67470.0844
 -401.3639   -1.5176-75081.6898
 -339.8147   -1.1731-68370.6235
 -619.8270   -1.3159-92324.8900
 -456.6095   -1.0320-73399.8497
 -527.1160   -1.2052-80673.3135
 -182.0132   -2.1459-33836.3245
 -299.4935   -1.9115-62779.5207
 -342.4831   -1.8084-73190.6083
 -292.5484   -2.1003-64376.6034
 -284.1961   -2.0337-60695.8700
 -418.6794   -1.5121-75788.0791
 -272.5130   -1.9527-60034.6655
 -324.9663   -1.9969-65021.8788
 -361.4059   -2.0913-69395.5054
 -310.1195   -1.9192-61302.0228
 -321.0298   -2.0199-62665.9535
 -408.2643   -1.5818-76317.7672
 -398.2560   -1.9114-74552.8783
 -437.9660   -1.8110-79745.2693
 -402.9772   -1.8842-75747.1961
 -367.7646   -1.7661-65605.9795
 -392.9406   -1.8913-69484.2021
 -317.1051   -2.1952-63761.7220
 -355.6015   -1.8014-64450.3268
 -438.2688   -2.1205-87348.6010
 -334.7339   -2.0407-65124.3183
 -514.0293   -1.5443-93643.6527
 -526.1093   -1.9176-98663.7705
 -555.0826   -1.4101-91162.3449
 -653.9760   -1.1215-96005.8355
 -613.3157   -1.3545-102903.8092
 -574.5688   -1.4762-99854.6710
 -596.1996   -1.5851-97568.0584
 -673.8733   -1.3085-96609.9429
 -570.9253   -1.5720-97057.6408
 -453.6160   -1.8559-85374.7271
 -399.6984   -2.2135-75445.4830
 -531.2331   -1.5138-101446.3361
 -692.1621   -1.0684-83410.5058
 -546.3057   -1.6799-90659.5876

 Input data matrix of corresponding Pareto front:
        x1        x2        x3        x4        x5        x6
    0.0000    0.3900    0.1300    0.0700    0.0300    0.3800
    0.0000    0.0000    0.0000    0.0000    0.0000    1.0000
    0.0100    0.3900    0.0000    0.0200    0.0100    0.5700
    0.5100    0.0100    0.0700    0.0200    0.1100    0.2800
    0.0000    0.0000    0.0000    0.0200    0.0000    0.9800
    0.3700    0.4700    0.1000    0.0000    0.0600    0.0000
    0.3500    0.0000    0.0000    0.0100    0.0000    0.6400
    0.3900    0.0000    0.0000    0.0200    0.0100    0.5800
    0.3400    0.1400    0.0000    0.0000    0.1300    0.3900
    0.3300    0.1200    0.0000    0.0000    0.1300    0.4200
    0.3900    0.0000    0.0000    0.0000    0.2200    0.3900
    0.3900    0.3100    0.0000    0.0000    0.2200    0.0800

 Output data matrix of corresponding Pareto front:
        f1        f2        f3
 -492.2164   -2.0354-77476.1977
 -307.5914   -2.9333-68673.8814
 -374.3907   -2.1313-72005.0906
 -559.4404   -1.5604-98460.5528
 -350.2734   -2.6724-74202.1381
 -619.8270   -1.3159-92324.8900
 -438.2688   -2.1205-87348.6010
 -526.1093   -1.9176-98663.7705
 -613.3157   -1.3545-102903.8092
 -574.5688   -1.4762-99854.6710
 -596.1996   -1.5851-97568.0584
 -673.8733   -1.3085-96609.9429

 Input data matrix of Pareto front of final Gaussian process model:
        x1        x2        x3        x4        x5        x6
    0.0000    0.0006    0.0002    0.0021    0.0006    0.9964
    0.4673    0.0001    0.0001    0.0022    0.2102    0.3199
    0.0000    0.0006    0.0002    0.0021    0.0006    0.9964
    0.3961    0.3232    0.0000    0.0018    0.2789    0.0000
    0.4340    0.2926    0.0004    0.0046    0.2679    0.0000
    0.1200    0.0029    0.0002    0.0017    0.0010    0.8741
    0.0519    0.0020    0.0001    0.0015    0.0006    0.9439
    0.1264    0.0020    0.0001    0.0016    0.0017    0.8681
    0.3527    0.0025    0.0000    0.0026    0.0002    0.6420
    0.1594    0.0002    0.0000    0.0015    0.0004    0.8385
    0.0396    0.0000    0.0000    0.0024    0.0021    0.9559
    0.4033    0.0016    0.0000    0.0037    0.0893    0.5020
    0.2610    0.0015    0.0001    0.0015    0.0007    0.7350
    0.3898    0.0041    0.0001    0.0034    0.0685    0.5340
    0.1130    0.0020    0.0001    0.0014    0.0000    0.8834
    0.1501    0.0020    0.0001    0.0067    0.0009    0.8400
    0.3898    0.0070    0.0001    0.0043    0.1567    0.4419
    0.2028    0.0019    0.0000    0.0015    0.0017    0.7921
    0.3780    0.2019    0.0001    0.0013    0.1882    0.2304
    0.2999    0.0034    0.0001    0.0017    0.0000    0.6948
    0.1310    0.0020    0.0001    0.0070    0.0010    0.8587
    0.3435    0.0047    0.0000    0.0034    0.0001    0.6483
    0.2387    0.0020    0.0001    0.0016    0.0007    0.7569
    0.1758    0.0014    0.0000    0.0022    0.0004    0.8202
    0.2732    0.0002    0.0000    0.0018    0.0003    0.7244
    0.2579    0.0002    0.0000    0.0012    0.0000    0.7408
    0.0164    0.0021    0.0002    0.0020    0.0006    0.9786
    0.2530    0.0003    0.0001    0.0018    0.0003    0.7444
    0.3924    0.0047    0.0000    0.0034    0.1268    0.4727
    0.3413    0.0024    0.0001    0.0015    0.0002    0.6543
    0.3862    0.2573    0.0003    0.0041    0.2396    0.1121
    0.3909    0.0043    0.0000    0.0031    0.0001    0.6016
    0.3774    0.0044    0.0001    0.0019    0.0830    0.5331
    0.3746    0.0041    0.0000    0.0022    0.1632    0.4557
    0.4335    0.1970    0.0001    0.0125    0.2177    0.1390
    0.2670    0.0002    0.0000    0.0022    0.0004    0.7302
    0.3951    0.0023    0.0001    0.0009    0.1130    0.4886
    0.4143    0.3721    0.0001    0.0033    0.2101    0.0000
    0.3803    0.1133    0.0002    0.0026    0.2126    0.2909
    0.3620    0.0031    0.0000    0.0119    0.2076    0.4154
    0.2482    0.0014    0.0000    0.0018    0.0008    0.7477
    0.3619    0.0036    0.0000    0.0023    0.1565    0.4756
    0.3607    0.0034    0.0001    0.0010    0.1011    0.5336
    0.2360    0.0005    0.0001    0.0027    0.0003    0.7605
    0.3534    0.3134    0.0000    0.0047    0.2024    0.1261
    0.1459    0.0039    0.0001    0.0016    0.0000    0.8484
    0.1823    0.0008    0.0001    0.0010    0.0000    0.8156
    0.3939    0.0048    0.0001    0.0038    0.0355    0.5619
    0.4220    0.3054    0.0007    0.0022    0.2691    0.0000
    0.0587    0.0023    0.0000    0.0031    0.0005    0.9354
    0.2269    0.0022    0.0001    0.0014    0.0004    0.7689
    0.1869    0.0032    0.0000    0.0012    0.0000    0.8087
    0.3994    0.1145    0.0002    0.0026    0.1899    0.2931
    0.0247    0.0039    0.0000    0.0014    0.0000    0.9699
    0.1408    0.0034    0.0001    0.0023    0.0000    0.8531
    0.3413    0.0002    0.0000    0.0014    0.0760    0.5811
    0.3673    0.3279    0.0000    0.0017    0.1957    0.1074
    0.0965    0.0041    0.0001    0.0014    0.0000    0.8977
    0.3521    0.2553    0.0000    0.0047    0.2017    0.1862
    0.3347    0.0019    0.0001    0.0012    0.0000    0.6620
    0.4308    0.0039    0.0002    0.0029    0.2586    0.3035
    0.3936    0.0052    0.0001    0.0041    0.1785    0.4184
    0.3865    0.2731    0.0002    0.0115    0.2005    0.1280
    0.3461    0.4442    0.0000    0.0034    0.1969    0.0095
    0.0855    0.0019    0.0001    0.0010    0.0002    0.9113
    0.4193    0.0053    0.0002    0.0033    0.2086    0.3632
    0.3636    0.1072    0.0002    0.0025    0.2447    0.2815
    0.4594    0.0003    0.0000    0.0027    0.1882    0.3495
    0.2927    0.0003    0.0001    0.0021    0.0004    0.7043
    0.2885    0.0003    0.0001    0.0021    0.0004    0.7086
    0.4244    0.2683    0.0002    0.0046    0.2564    0.0458
    0.3763    0.0016    0.0000    0.0025    0.0001    0.6195
    0.3543    0.0064    0.0001    0.0019    0.1424    0.4947
    0.4147    0.0422    0.0001    0.0022    0.2188    0.3220
    0.3081    0.0002    0.0000    0.0014    0.0000    0.6903
    0.0087    0.0000    0.0001    0.0025    0.0013    0.9872
    0.3883    0.2944    0.0002    0.0115    0.2014    0.1040
    0.3856    0.2962    0.0000    0.0024    0.2038    0.1119
    0.3583    0.0027    0.0000    0.0005    0.0793    0.5592
    0.0688    0.0002    0.0001    0.0021    0.0004    0.9283
    0.1711    0.0014    0.0001    0.0008    0.0002    0.8264
    0.1039    0.0028    0.0001    0.0018    0.0000    0.8913
    0.3928    0.0076    0.0001    0.0046    0.1587    0.4360
    0.2316    0.0022    0.0001    0.0014    0.0000    0.7646
    0.4565    0.0009    0.0002    0.0028    0.2702    0.2693
    0.3831    0.0020    0.0001    0.0017    0.0007    0.6122
    0.3130    0.0002    0.0000    0.0016    0.0003    0.6850
    0.4413    0.0003    0.0002    0.0049    0.2176    0.3357
    0.3611    0.0005    0.0000    0.0034    0.0008    0.6342
    0.3358    0.2235    0.0001    0.0018    0.1882    0.2505
    0.4194    0.0033    0.0002    0.0216    0.1878    0.3675
    0.1982    0.0025    0.0000    0.0010    0.0000    0.7982
    0.3746    0.0038    0.0001    0.0011    0.0366    0.5839
    0.2968    0.1831    0.0003    0.0029    0.2082    0.3085
    0.4568    0.0023    0.0001    0.0022    0.2258    0.3127
    0.3785    0.0039    0.0000    0.0033    0.1537    0.4605
    0.0632    0.0002    0.0000    0.0020    0.0004    0.9342
    0.1644    0.0015    0.0001    0.0015    0.0005    0.8319
    0.3881    0.2029    0.0000    0.0019    0.2172    0.1899
    0.3968    0.2093    0.0000    0.0047    0.2146    0.1746
    0.3699    0.0001    0.0003    0.0013    0.0458    0.5822
    0.0325    0.0000    0.0000    0.0024    0.0023    0.9627
    0.1003    0.0018    0.0000    0.0010    0.0002    0.8966
    0.2681    0.0025    0.0001    0.0025    0.0010    0.7257
    0.4028    0.0002    0.0002    0.0044    0.1986    0.3936
    0.1652    0.0022    0.0001    0.0020    0.0006    0.8299
    0.4204    0.0040    0.0002    0.0029    0.1885    0.3840
    0.4194    0.2649    0.0000    0.0021    0.2434    0.0702
    0.3622    0.0002    0.0000    0.0017    0.1444    0.4915
    0.3736    0.3844    0.0001    0.0035    0.2101    0.0283
    0.3564    0.2132    0.0000    0.0017    0.1890    0.2396
    0.3987    0.0052    0.0000    0.0045    0.2339    0.3576
    0.3422    0.3701    0.0001    0.0068    0.1701    0.1105
    0.4153    0.0110    0.0001    0.0019    0.2034    0.3683
    0.1492    0.0017    0.0002    0.0017    0.0005    0.8465
    0.3740    0.1205    0.0002    0.0030    0.1705    0.3316
    0.3332    0.3513    0.0001    0.0111    0.2314    0.0728
    0.4367    0.2557    0.0005    0.0044    0.2563    0.0458
    0.3235    0.0017    0.0000    0.0010    0.0001    0.6736
    0.2784    0.0003    0.0001    0.0019    0.0003    0.7189
    0.4051    0.2932    0.0007    0.0021    0.2583    0.0400
    0.3946    0.0016    0.0001    0.0084    0.0031    0.5921
    0.1925    0.0027    0.0000    0.0012    0.0000    0.8035
    0.4511    0.0077    0.0001    0.0050    0.1502    0.3858
    0.4077    0.0022    0.0000    0.0032    0.0003    0.5866
    0.3578    0.2341    0.0000    0.0014    0.1897    0.2170
    0.3710    0.2489    0.0000    0.0018    0.1967    0.1816
    0.4135    0.0041    0.0001    0.0081    0.0030    0.5712
    0.4439    0.0037    0.0003    0.0020    0.1460    0.4038
    0.4364    0.3209    0.0006    0.0023    0.1954    0.0437
    0.2148    0.0002    0.0000    0.0016    0.0000    0.7834
    0.3566    0.2365    0.0000    0.0047    0.2042    0.1979
    0.1839    0.0016    0.0000    0.0014    0.0001    0.8129
    0.3562    0.0036    0.0001    0.0025    0.1678    0.4698
    0.2442    0.0019    0.0000    0.0030    0.0001    0.7506
    0.3832    0.1104    0.0002    0.0026    0.2522    0.2513
    0.1975    0.0017    0.0001    0.0017    0.0001    0.7988
    0.3719    0.0000    0.0001    0.0013    0.1892    0.4374
    0.3918    0.0430    0.0003    0.0044    0.1831    0.3771
    0.3231    0.0002    0.0000    0.0013    0.1250    0.5503
    0.4084    0.0047    0.0002    0.0038    0.0748    0.5079
    0.1913    0.0019    0.0000    0.0012    0.0006    0.8050
    0.3935    0.0000    0.0001    0.0092    0.1954    0.4017
    0.4070    0.3156    0.0001    0.0028    0.2745    0.0000
    0.4517    0.1235    0.0001    0.0042    0.2274    0.1929
    0.1081    0.0030    0.0001    0.0005    0.0000    0.8882
    0.4016    0.3606    0.0001    0.0043    0.2036    0.0296
    0.1722    0.0026    0.0000    0.0010    0.0005    0.8237
    0.3240    0.3661    0.0001    0.0025    0.2412    0.0659
    0.3687    0.0015    0.0000    0.0024    0.0001    0.6272
    0.3289    0.0002    0.0000    0.0015    0.0000    0.6694
    0.2071    0.0030    0.0001    0.0018    0.0003    0.7876
    0.0908    0.0038    0.0001    0.0025    0.0000    0.9026
    0.3654    0.0037    0.0001    0.0010    0.0601    0.5696
    0.0744    0.0039    0.0001    0.0024    0.0000    0.9191
    0.3667    0.2687    0.0000    0.0027    0.2690    0.0929
    0.3204    0.0082    0.0001    0.0050    0.1511    0.5150
    0.0899    0.0038    0.0001    0.0025    0.0000    0.9034
    0.4237    0.3141    0.0005    0.0050    0.2429    0.0133
    0.1370    0.0015    0.0001    0.0016    0.0005    0.8592
    0.3689    0.0045    0.0000    0.0033    0.0001    0.6233
    0.3695    0.0038    0.0001    0.0031    0.0623    0.5612
    0.3206    0.0028    0.0000    0.0212    0.1403    0.5151
    0.2120    0.0031    0.0001    0.0013    0.0000    0.7835
    0.3719    0.2433    0.0000    0.0015    0.1577    0.2256
    0.3955    0.0818    0.0002    0.0026    0.2603    0.2594
    0.3849    0.0038    0.0000    0.0340    0.0280    0.5492
    0.2213    0.0031    0.0001    0.0019    0.0004    0.7731
    0.3686    0.0046    0.0001    0.0007    0.0672    0.5587
    0.2762    0.0028    0.0001    0.0032    0.0023    0.7154
    0.4301    0.0000    0.0001    0.0124    0.2160    0.3412
    0.3162    0.0027    0.0001    0.0028    0.0011    0.6770
    0.3788    0.0007    0.0001    0.0035    0.0023    0.6145
    0.3637    0.0034    0.0001    0.0039    0.1269    0.5020
    0.3621    0.0021    0.0001    0.0018    0.0007    0.6332
    0.0806    0.0023    0.0000    0.0014    0.0005    0.9152
    0.0293    0.0040    0.0000    0.0017    0.0000    0.9650
    0.3210    0.0028    0.0000    0.0010    0.0000    0.6752
    0.3824    0.0042    0.0000    0.0114    0.0199    0.5822
    0.3594    0.0039    0.0001    0.0165    0.1552    0.4649
    0.3082    0.0003    0.0001    0.0022    0.0004    0.6887
    0.4506    0.0116    0.0003    0.0020    0.1464    0.3888
    0.3150    0.0033    0.0001    0.0017    0.0000    0.6799
    0.2085    0.0023    0.0001    0.0028    0.0003    0.7860
    0.3910    0.0035    0.0001    0.0025    0.0130    0.5898
    0.3216    0.0018    0.0000    0.0011    0.0683    0.6071
    0.3938    0.0014    0.0003    0.0209    0.0552    0.5281
    0.2291    0.0019    0.0000    0.0012    0.0007    0.7670
    0.1091    0.0020    0.0001    0.0010    0.0021    0.8856
    0.2954    0.0028    0.0000    0.0010    0.0004    0.7003
    0.3211    0.3632    0.0002    0.0036    0.1856    0.1262
    0.3691    0.0000    0.0001    0.0013    0.1900    0.4393
    0.2214    0.0031    0.0001    0.0014    0.0004    0.7735
    0.2441    0.0027    0.0000    0.0027    0.0001    0.7503
    0.2970    0.0022    0.0001    0.0016    0.0003    0.6987
    0.3332    0.2954    0.0000    0.0044    0.1908    0.1761
    0.0019    0.0019    0.0000    0.0020    0.0006    0.9936
    0.3976    0.0679    0.0001    0.0035    0.1942    0.3367
    0.3894    0.1287    0.0001    0.0024    0.2400    0.2392
    0.3647    0.2080    0.0007    0.0037    0.2116    0.2106

 Output data matrix of Pareto front of final Gaussian process model:
        f1        f2        f3
 -287.0134   -2.7414-61761.5798
 -569.6084   -1.4272-97876.9006
 -287.0134   -2.7414-61761.5798
 -687.0870   -0.9172-89022.2220
 -682.4838   -0.8836-90218.3562
 -320.5928   -2.4193-65909.9009
 -298.5566   -2.6051-62731.9666
 -323.3301   -2.4033-66376.2555
 -421.0789   -1.9989-83881.5910
 -336.3724   -2.3343-68727.4445
 -295.5841   -2.6358-62422.5916
 -489.3919   -1.7903-91951.9655
 -381.9920   -2.1357-76972.6497
 -471.9536   -1.8396-90101.8164
 -317.8992   -2.4424-65462.3790
 -332.8946   -2.3399-68106.1401
 -530.2260   -1.6689-94986.3126
 -355.7775   -2.2388-72117.1311
 -611.9439   -1.3015-94675.8867
 -399.5305   -2.0720-80297.9357
 -325.2025   -2.3830-66701.1094
 -417.9694   -2.0079-83390.8985
 -371.8831   -2.1742-75044.2735
 -343.4485   -2.2960-69981.3378
 -387.5354   -2.1176-78029.9816
 -380.3691   -2.1453-76649.5002
 -290.0149   -2.6981-61946.4024
 -378.1784   -2.1517-76235.9371
 -511.6861   -1.7302-93660.6285
 -416.4113   -2.0140-83151.4671
 -655.7451   -1.0716-92440.4475
 -434.0506   -1.9528-85897.5483
 -476.9179   -1.8293-90424.5050
 -527.1572   -1.6853-94572.4671
 -639.8186   -1.0807-94144.6391
 -384.7568   -2.1274-77495.5434
 -502.3988   -1.7584-92979.8690
 -680.0963   -0.9719-89739.8873
 -593.0792   -1.3771-96072.9230
 -545.3939   -1.6020-95341.9614
 -376.3162   -2.1577-75875.1306
 -518.0651   -1.7168-93674.2641
 -482.1129   -1.8187-90676.1447
 -370.5077   -2.1804-74785.3150
 -645.3939   -1.1649-91218.7333
 -330.6556   -2.3591-67733.4179
 -345.9631   -2.2860-70418.7658
 -453.3951   -1.8895-88212.8035
 -684.4535   -0.8959-89979.4952
 -300.5396   -2.5824-62923.9960
 -366.3437   -2.1961-74024.1912
 -348.2830   -2.2734-70838.4699
 -589.1276   -1.3924-96312.3526
 -292.0165   -2.6771-62131.7796
 -328.6770   -2.3701-67371.7304
 -456.8022   -1.8830-87926.1509
 -651.0193   -1.1427-91245.2626
 -312.0717   -2.4810-64498.2944
 -627.0105   -1.2406-92719.5883
 -413.7499   -2.0241-82724.0043
 -582.2109   -1.3681-97247.1226
 -542.7815   -1.6203-95889.1695
 -645.6386   -1.1293-92527.3483
 -668.2096   -1.0515-87396.9794
 -308.5234   -2.5157-63975.2668
 -563.7202   -1.5099-97259.6405
 -596.8542   -1.3413-95334.3209
 -559.8465   -1.4964-97623.2316
 -396.1761   -2.0852-79674.0340
 -394.2845   -2.0920-79321.3558
 -672.4004   -0.9476-91590.3617
 -429.0151   -1.9719-85135.4005
 -507.1308   -1.7494-92653.9442
 -579.8738   -1.4259-97213.9386
 -402.7111   -2.0639-80854.2478
 -288.6118   -2.7184-61853.8402
 -652.7560   -1.0986-91927.5583
 -652.5194   -1.1201-92247.2772
 -466.5882   -1.8586-89180.0730
 -303.3527   -2.5612-63280.0917
 -341.2002   -2.3088-69589.1330
 -314.6781   -2.4634-64917.3979
 -532.6199   -1.6588-95185.2609
 -368.3784   -2.1885-74403.6436
 -587.4218   -1.2861-97060.6769
 -431.3607   -1.9631-85503.4328
 -404.9031   -2.0559-81235.7305
 -569.9643   -1.4549-97678.5467
 -424.1059   -1.9888-84359.8037
 -601.1046   -1.3546-93156.4230
 -556.7200   -1.5329-96743.9154
 -353.2885   -2.2522-71699.9465
 -447.0613   -1.9105-87316.4739
 -575.9731   -1.4339-92285.0863
 -575.2218   -1.4043-97835.9294
 -523.2719   -1.6978-94353.3529
 -301.8031   -2.5775-63103.9428
 -338.3957   -2.3205-69096.9591
 -629.8431   -1.2041-94547.7155
 -633.8980   -1.1749-94394.5929
 -449.5834   -1.9026-87559.6552
 -293.8396   -2.6542-62258.9934
 -313.5401   -2.4764-64738.7462
 -385.5838   -2.1207-77665.4496
 -553.4922   -1.5690-96646.6255
 -338.8781   -2.3169-69183.5425
 -554.5696   -1.5573-96939.8869
 -666.7185   -0.9964-92316.7019
 -509.8117   -1.7445-93075.9978
 -672.9962   -1.0365-89277.1159
 -607.6822   -1.3269-93961.0842
 -568.0338   -1.4869-96965.6447
 -638.0799   -1.1900-89540.9553
 -562.3998   -1.5212-97137.6260
