
 TSEMO log file created on 21-Feb-2020 

 This file shows the initial specifications of TSEMO and logs the output.
 ¯¯¯¯¯¯¯¯¯¯¯¯¯¯¯¯¯¯¯¯¯¯¯¯¯¯¯¯¯¯¯¯¯¯¯¯¯¯¯¯¯¯¯¯¯¯¯¯¯¯¯¯¯¯¯¯¯¯¯¯¯¯¯¯¯¯¯¯¯¯¯¯¯¯¯¯¯¯¯¯¯¯¯¯¯¯¯¯¯¯¯¯¯¯¯¯¯¯¯¯¯¯
 License information 

 BSD 2-Clause License 

 Copyright (c) 2017, Eric Bradford, Artur M. Schweidtmann and Alexei Lapkin
 All rights reserved. 

 Redistribution and use in source and binary forms, with or without
 modification, are permitted provided that the following conditions are met: 

 *Redistributions of source code must retain the above copyright notice, this   
  list of conditions and the following disclaimer. 

 *Redistributions in binary form must reproduce the above copyright notice,   
  this list of conditions and the following disclaimer in the documentation   
  and/or other materials provided with the distribution. 

 Modified by Mina Konakovic Lukovic 2019. 

 ¯¯¯¯¯¯¯¯¯¯¯¯¯¯¯¯¯¯¯¯¯¯¯¯¯¯¯¯¯¯¯¯¯¯¯¯¯¯¯¯¯¯¯¯¯¯¯¯¯¯¯¯¯¯¯¯¯¯¯¯¯¯¯¯¯¯¯¯¯¯¯¯¯¯¯¯¯¯¯¯¯¯¯¯¯¯¯¯¯¯¯¯¯¯¯¯¯¯¯¯¯¯
 Problem specifications 

 Function used:   consta 

 Number of inputs:   6
 Number of outputs:  3 

 Lower bounds of decision variables:
      x1      x2      x3      x4      x5      x6
  0.0000  0.0000  0.0000  0.0000  0.0000  0.0000
 
 Upper bounds of decision variables:
      x1      x2      x3      x4      x5      x6
  1.0000  1.0000  0.5000  1.0000  1.0000  1.0000
 ¯¯¯¯¯¯¯¯¯¯¯¯¯¯¯¯¯¯¯¯¯¯¯¯¯¯¯¯¯¯¯¯¯¯¯¯¯¯¯¯¯¯¯¯¯¯¯¯¯¯¯¯¯¯¯¯¯¯¯¯¯¯¯¯¯¯¯¯¯¯¯¯¯¯¯¯¯¯¯¯¯¯¯¯¯¯¯¯¯¯¯¯¯¯¯¯¯¯¯¯¯¯
 Algorithm options 

 Maximum number of function evaluations:  4
 Sample batch size:                       4
 Number of algorithm iterations:          1 

 Genetic algorithm population size:        200
 Genetic algorithm number of generations:  200 

                                               f1      f2      f3
 Number of spectral sampling points:         4000    4000    4000
 Type of matern function:                       5       5       5
 Direct evaluations per input dimension:      200     200     200
 ¯¯¯¯¯¯¯¯¯¯¯¯¯¯¯¯¯¯¯¯¯¯¯¯¯¯¯¯¯¯¯¯¯¯¯¯¯¯¯¯¯¯¯¯¯¯¯¯¯¯¯¯¯¯¯¯¯¯¯¯¯¯¯¯¯¯¯¯¯¯¯¯¯¯¯¯¯¯¯¯¯¯¯¯¯¯¯¯¯¯¯¯¯¯¯¯¯¯¯¯¯¯
 Initial data set 

 Number of initial data points:  107 

 Initial input data matrix:
      x1      x2      x3      x4      x5      x6
  0.3200  0.1300  0.0500  0.2100  0.0400  0.2500
  0.0000  0.1800  0.2100  0.2800  0.2000  0.1300
  0.0000  0.0200  0.3800  0.0400  0.2900  0.2700
  0.1900  0.3000  0.1000  0.0600  0.0700  0.2800
  0.0800  0.1600  0.1400  0.0400  0.1900  0.3900
  0.3400  0.0600  0.2300  0.1600  0.1900  0.0200
  0.1400  0.1000  0.0700  0.2000  0.2700  0.2200
  0.0700  0.0700  0.3200  0.2100  0.0300  0.3000
  0.0200  0.0100  0.2700  0.1300  0.4900  0.0800
  0.0900  0.3200  0.0300  0.1300  0.3700  0.0600
  0.0800  0.2100  0.0200  0.0000  0.6100  0.0800
  0.0900  0.3200  0.0400  0.2100  0.1700  0.1700
  0.1400  0.3000  0.0700  0.1000  0.2500  0.1400
  0.0400  0.1700  0.0700  0.2200  0.2400  0.2600
  0.1700  0.1500  0.2800  0.2900  0.0000  0.1100
  0.1000  0.1400  0.1400  0.2600  0.2700  0.0900
  1.0000  0.0000  0.0000  0.0000  0.0000  0.0000
  0.0000  1.0000  0.0000  0.0000  0.0000  0.0000
  0.0000  0.0000  0.0000  1.0000  0.0000  0.0000
  0.6000  0.4000  0.0000  0.0000  0.0000  0.0000
  0.5500  0.4500  0.0000  0.0000  0.0000  0.0000
  0.5000  0.5000  0.0000  0.0000  0.0000  0.0000
  0.4500  0.5500  0.0000  0.0000  0.0000  0.0000
  0.4000  0.6000  0.0000  0.0000  0.0000  0.0000
  0.2700  0.4400  0.0900  0.0400  0.0800  0.0800
  0.0400  0.1900  0.3600  0.2000  0.1200  0.0900
  0.0000  0.5900  0.0000  0.0800  0.0800  0.2500
  0.0000  0.3900  0.1300  0.0700  0.0300  0.3800
  0.0100  0.5100  0.0000  0.1000  0.0200  0.3600
  0.0100  0.6200  0.0100  0.0300  0.1000  0.2300
  0.0600  0.3000  0.4100  0.0100  0.0100  0.2100
  0.0800  0.3200  0.5000  0.0700  0.0200  0.0100
  0.1500  0.2800  0.2500  0.0100  0.0600  0.2500
  0.0000  0.0000  0.0000  0.0000  0.0000  1.0000
  0.0000  0.0000  0.0000  0.0000  1.0000  0.0000
  0.0200  0.1100  0.0000  0.5000  0.0300  0.3400
  0.0100  0.1900  0.0000  0.0000  0.0000  0.8000
  0.0100  0.3900  0.0000  0.0200  0.0100  0.5700
  0.1800  0.1200  0.0000  0.3600  0.0000  0.3400
  0.0100  0.0000  0.1300  0.2500  0.0000  0.6100
  0.3200  0.0000  0.1200  0.0100  0.0000  0.5500
  0.0100  0.1500  0.1000  0.2100  0.0000  0.5300
  0.0100  0.0000  0.1500  0.2500  0.0000  0.5900
  0.1500  0.4500  0.0400  0.0300  0.0100  0.3200
  0.0500  0.3200  0.0000  0.5700  0.0600  0.0000
  0.3100  0.5200  0.0000  0.0800  0.0200  0.0700
  0.1500  0.0400  0.1300  0.6700  0.0100  0.0000
  0.0000  0.2100  0.2000  0.5800  0.0100  0.0000
  0.0000  0.0100  0.2800  0.6700  0.0100  0.0300
  0.0100  0.2800  0.1100  0.4600  0.1100  0.0300
  0.4900  0.0600  0.0000  0.1400  0.0200  0.2900
  0.1400  0.0000  0.0700  0.0100  0.0100  0.7700
  0.0300  0.5800  0.1800  0.0400  0.1000  0.0700
  0.0000  0.3100  0.0100  0.0200  0.1500  0.5100
  0.2500  0.0100  0.0100  0.0400  0.1300  0.5600
  0.2900  0.4500  0.0600  0.0800  0.1200  0.0000
  0.0200  0.0100  0.1600  0.0100  0.5000  0.3000
  0.0200  0.2400  0.0000  0.0300  0.2600  0.4500
  0.0000  0.0100  0.0000  0.0100  0.2700  0.7100
  0.0900  0.0200  0.0000  0.0600  0.4000  0.4300
  0.0000  0.1600  0.0000  0.0000  0.2500  0.5900
  0.3200  0.0900  0.0200  0.0100  0.0100  0.5500
  0.0000  0.0800  0.1300  0.0000  0.1100  0.6800
  0.3900  0.0100  0.0300  0.0000  0.0000  0.5700
  0.2600  0.1800  0.0200  0.0100  0.0100  0.5200
  0.2000  0.1600  0.0000  0.0000  0.0000  0.6400
  0.5100  0.3100  0.0700  0.0100  0.0100  0.0900
  0.1400  0.1700  0.0200  0.0000  0.0000  0.6700
  0.0000  0.0300  0.0200  0.2100  0.3200  0.4200
  0.5700  0.0000  0.1100  0.0100  0.1000  0.2100
  0.5100  0.2500  0.1000  0.0200  0.1200  0.0000
  0.5100  0.0100  0.0700  0.0200  0.1100  0.2800
  0.0000  0.0000  0.0000  0.0200  0.0000  0.9800
  0.6000  0.0000  0.0300  0.0000  0.0200  0.3500
  0.3400  0.0000  0.1100  0.0100  0.0600  0.4800
  0.4400  0.1100  0.1100  0.0000  0.0600  0.2800
  0.6600  0.0000  0.0800  0.0000  0.0000  0.2600
  0.3700  0.4700  0.1000  0.0000  0.0600  0.0000
  0.4400  0.3000  0.0900  0.0400  0.1300  0.0000
  0.2700  0.6100  0.1200  0.0000  0.0000  0.0000
  0.0100  0.0000  0.0000  0.0200  0.0800  0.8900
  0.2100  0.1100  0.0600  0.0000  0.1400  0.4800
  0.5200  0.0100  0.0100  0.0000  0.0000  0.4600
  0.0000  0.3800  0.0100  0.0000  0.0000  0.6100
  0.0000  0.3100  0.0100  0.0000  0.0000  0.6800
  0.3200  0.3400  0.0200  0.0000  0.0100  0.3100
  0.0100  0.4100  0.0000  0.0000  0.0100  0.5700
  0.0000  0.4100  0.0000  0.1300  0.0000  0.4600
  0.0000  0.1800  0.0000  0.2600  0.0100  0.5500
  0.0400  0.4500  0.0000  0.0700  0.0100  0.4300
  0.0000  0.2500  0.0000  0.2500  0.0000  0.5000
  0.3600  0.2000  0.0200  0.0800  0.0000  0.3400
  0.2100  0.0000  0.0000  0.3300  0.0100  0.4500
  0.2500  0.0000  0.0000  0.3100  0.0100  0.4300
  0.1900  0.0000  0.0000  0.3200  0.0100  0.4800
  0.0000  0.6300  0.1000  0.0000  0.0000  0.2700
  0.0000  0.6600  0.0900  0.0000  0.0000  0.2500
  0.0000  0.3300  0.1100  0.0100  0.0000  0.5500
  0.0000  0.6800  0.0900  0.0000  0.0100  0.2200
  0.3500  0.0000  0.0000  0.0100  0.0000  0.6400
  0.0100  0.0000  0.0000  0.3600  0.0000  0.6300
  0.4800  0.0000  0.0100  0.0000  0.1200  0.3900
  0.3900  0.0000  0.0000  0.0200  0.0100  0.5800
  0.4000  0.1700  0.0000  0.0000  0.1200  0.3100
  0.4400  0.2700  0.0000  0.0000  0.1700  0.1200
  0.3400  0.1400  0.0000  0.0000  0.1300  0.3900
  0.3300  0.1200  0.0000  0.0000  0.1300  0.4200

 Initial output data matrix:
      f1      f2      f3
-477.3645 -1.2974-78049.1925
-454.7535 -1.3662-68112.8155
-279.9044 -2.1133-51731.0693
-469.5247 -1.7578-77876.9026
-440.0426 -1.9634-76654.9118
-365.6047 -1.2303-62118.0243
-410.9856 -1.1190-66049.6554
-136.1656 -0.8962-22268.5639
-369.0088 -1.3142-61644.3643
-533.9811 -0.8968-68784.7611
-442.6768 -0.7257-59416.2131
-507.4257 -0.9822-66650.9629
-443.6008 -1.1184-65323.0907
-489.5899 -1.3294-72483.9913
-359.3333 -1.7335-60280.1487
-485.2462 -0.8865-66192.4108
-228.9585 -0.7284-49588.2084
-435.6576 -1.1748-60782.1527
-368.0328 -0.0378-29839.9581
-558.3333 -1.0147-72324.3305
-545.1107 -1.0090-76481.1353
-595.9865 -1.0313-80252.0073
-577.5167 -1.0272-78299.5278
-603.0115 -1.0486-79494.8772
-536.4679 -1.3385-83057.1828
-380.6202 -1.5761-63939.3838
-487.9964 -1.6929-74452.7693
-492.2164 -2.0354-77476.1977
-483.0457 -1.7036-74331.8675
-461.0062 -1.5331-68683.9650
-428.6732 -1.9582-73565.0149
-420.3458 -1.7501-70958.0370
-185.7397 -1.9998-39188.2443
-307.5914 -2.9333-68673.8814
-248.0791 -0.3369-41639.4837
-330.4220 -1.6093-58954.7196
-261.1897 -2.5356-54113.5267
-374.3907 -2.1313-72005.0906
-442.1932 -1.6426-73645.0393
-325.5454 -2.2577-65492.6760
-407.4563 -1.7142-79298.8675
-280.7768 -2.0890-55835.4428
-345.4445 -2.2639-66935.4850
-337.8766 -1.7123-65225.4544
-380.5099 -0.6146-47362.4095
-423.7886 -1.3121-68132.9194
-412.9137 -0.7221-59055.9302
-389.7163 -1.2975-60315.7332
-243.9299 -1.5816-43427.1956
-418.8166 -1.1219-61444.5239
-463.1094 -1.4660-81856.9346
-260.4919 -1.9421-59060.6871
-461.1271 -1.5697-75813.0466
-434.9195 -1.9723-80545.7853
-411.2741 -1.7072-85333.3874
-593.8157 -1.0758-82484.6477
-331.6431 -1.2261-62332.4475
-461.8788 -1.5726-80820.6379
-386.3988 -1.9098-76223.9832
-458.6168 -1.3865-78606.8274
-386.1546 -1.7969-73308.3934
-420.6757 -1.8963-83069.8760
-256.3444 -2.2542-53258.3199
-343.7864 -1.8975-72697.8828
-317.0968 -1.9236-66141.3310
-405.5608 -1.9380-81223.2023
-579.2708 -1.0437-87100.5169
-297.2664 -2.2664-61771.9743
-230.0024 -1.7750-53153.7094
-296.3126 -0.8946-60049.3899
-625.1337 -1.1253-94708.7918
-559.4404 -1.5604-98460.5528
-350.2734 -2.6724-74202.1381
-483.8073 -1.5770-91455.1658
-333.6048 -1.8340-67470.0844
-401.3639 -1.5176-75081.6898
-339.8147 -1.1731-68370.6235
-619.8270 -1.3159-92324.8900
-456.6095 -1.0320-73399.8497
-527.1160 -1.2052-80673.3135
-182.0132 -2.1459-33836.3245
-299.4935 -1.9115-62779.5207
-342.4831 -1.8084-73190.6083
-292.5484 -2.1003-64376.6034
-284.1961 -2.0337-60695.8700
-418.6794 -1.5121-75788.0791
-272.5130 -1.9527-60034.6655
-324.9663 -1.9969-65021.8788
-361.4059 -2.0913-69395.5054
-310.1195 -1.9192-61302.0228
-321.0298 -2.0199-62665.9535
-408.2643 -1.5818-76317.7672
-398.2560 -1.9114-74552.8783
-437.9660 -1.8110-79745.2693
-402.9772 -1.8842-75747.1961
-367.7646 -1.7661-65605.9795
-392.9406 -1.8913-69484.2021
-317.1051 -2.1952-63761.7220
-355.6015 -1.8014-64450.3268
-438.2688 -2.1205-87348.6010
-334.7339 -2.0407-65124.3183
-514.0293 -1.5443-93643.6527
-526.1093 -1.9176-98663.7705
-555.0826 -1.4101-91162.3449
-653.9760 -1.1215-96005.8355
-613.3157 -1.3545-102903.8092
-574.5688 -1.4762-99854.6710

 ¯¯¯¯¯¯¯¯¯¯¯¯¯¯¯¯¯¯¯¯¯¯¯¯¯¯¯¯¯¯¯¯¯¯¯¯¯¯¯¯¯¯¯¯¯¯¯¯¯¯¯¯¯¯¯¯¯¯¯¯¯¯¯¯¯¯¯¯¯¯¯¯¯¯¯¯¯¯¯¯¯¯¯¯¯¯¯¯¯¯¯¯¯¯¯¯¯¯¯¯¯¯
 Algorithm iteration 1 

 Predicted hypervolume improvement:    0.4000
 Time taken:   42.7888 

 Proposed evaluation point(s): 
      x1      x2      x3      x4      x5      x6
  0.3000  0.3200  0.0000  0.0100  0.2700  0.1000
  0.2600  0.0000  0.0000  0.0000  0.0000  0.7400
  0.3700  0.0000  0.0000  0.0000  0.1500  0.4800
  0.5000  0.0000  0.0000  0.0000  0.1000  0.4000

 Corresponding observation(s): 
      f1      f2      f3
-681.7986 -1.0156-82871.2744
-401.6728 -2.2362-74413.1823
-547.4572 -1.6694-94620.9370
-522.6485 -1.5207-100684.6276

 ¯¯¯¯¯¯¯¯¯¯¯¯¯¯¯¯¯¯¯¯¯¯¯¯¯¯¯¯¯¯¯¯¯¯¯¯¯¯¯¯¯¯¯¯¯¯¯¯¯¯¯¯¯¯¯¯¯¯¯¯¯¯¯¯¯¯¯¯¯¯¯¯¯¯¯¯¯¯¯¯¯¯¯¯¯¯¯¯¯¯¯¯¯¯¯¯¯¯¯¯¯¯
 Final algorithm output 

 Final input data matrix:
        x1        x2        x3        x4        x5        x6
    0.3200    0.1300    0.0500    0.2100    0.0400    0.2500
    0.0000    0.1800    0.2100    0.2800    0.2000    0.1300
    0.0000    0.0200    0.3800    0.0400    0.2900    0.2700
    0.1900    0.3000    0.1000    0.0600    0.0700    0.2800
    0.0800    0.1600    0.1400    0.0400    0.1900    0.3900
    0.3400    0.0600    0.2300    0.1600    0.1900    0.0200
    0.1400    0.1000    0.0700    0.2000    0.2700    0.2200
    0.0700    0.0700    0.3200    0.2100    0.0300    0.3000
    0.0200    0.0100    0.2700    0.1300    0.4900    0.0800
    0.0900    0.3200    0.0300    0.1300    0.3700    0.0600
    0.0800    0.2100    0.0200    0.0000    0.6100    0.0800
    0.0900    0.3200    0.0400    0.2100    0.1700    0.1700
    0.1400    0.3000    0.0700    0.1000    0.2500    0.1400
    0.0400    0.1700    0.0700    0.2200    0.2400    0.2600
    0.1700    0.1500    0.2800    0.2900    0.0000    0.1100
    0.1000    0.1400    0.1400    0.2600    0.2700    0.0900
    1.0000    0.0000    0.0000    0.0000    0.0000    0.0000
    0.0000    1.0000    0.0000    0.0000    0.0000    0.0000
    0.0000    0.0000    0.0000    1.0000    0.0000    0.0000
    0.6000    0.4000    0.0000    0.0000    0.0000    0.0000
    0.5500    0.4500    0.0000    0.0000    0.0000    0.0000
    0.5000    0.5000    0.0000    0.0000    0.0000    0.0000
    0.4500    0.5500    0.0000    0.0000    0.0000    0.0000
    0.4000    0.6000    0.0000    0.0000    0.0000    0.0000
    0.2700    0.4400    0.0900    0.0400    0.0800    0.0800
    0.0400    0.1900    0.3600    0.2000    0.1200    0.0900
    0.0000    0.5900    0.0000    0.0800    0.0800    0.2500
    0.0000    0.3900    0.1300    0.0700    0.0300    0.3800
    0.0100    0.5100    0.0000    0.1000    0.0200    0.3600
    0.0100    0.6200    0.0100    0.0300    0.1000    0.2300
    0.0600    0.3000    0.4100    0.0100    0.0100    0.2100
    0.0800    0.3200    0.5000    0.0700    0.0200    0.0100
    0.1500    0.2800    0.2500    0.0100    0.0600    0.2500
    0.0000    0.0000    0.0000    0.0000    0.0000    1.0000
    0.0000    0.0000    0.0000    0.0000    1.0000    0.0000
    0.0200    0.1100    0.0000    0.5000    0.0300    0.3400
    0.0100    0.1900    0.0000    0.0000    0.0000    0.8000
    0.0100    0.3900    0.0000    0.0200    0.0100    0.5700
    0.1800    0.1200    0.0000    0.3600    0.0000    0.3400
    0.0100    0.0000    0.1300    0.2500    0.0000    0.6100
    0.3200    0.0000    0.1200    0.0100    0.0000    0.5500
    0.0100    0.1500    0.1000    0.2100    0.0000    0.5300
    0.0100    0.0000    0.1500    0.2500    0.0000    0.5900
    0.1500    0.4500    0.0400    0.0300    0.0100    0.3200
    0.0500    0.3200    0.0000    0.5700    0.0600    0.0000
    0.3100    0.5200    0.0000    0.0800    0.0200    0.0700
    0.1500    0.0400    0.1300    0.6700    0.0100    0.0000
    0.0000    0.2100    0.2000    0.5800    0.0100    0.0000
    0.0000    0.0100    0.2800    0.6700    0.0100    0.0300
    0.0100    0.2800    0.1100    0.4600    0.1100    0.0300
    0.4900    0.0600    0.0000    0.1400    0.0200    0.2900
    0.1400    0.0000    0.0700    0.0100    0.0100    0.7700
    0.0300    0.5800    0.1800    0.0400    0.1000    0.0700
    0.0000    0.3100    0.0100    0.0200    0.1500    0.5100
    0.2500    0.0100    0.0100    0.0400    0.1300    0.5600
    0.2900    0.4500    0.0600    0.0800    0.1200    0.0000
    0.0200    0.0100    0.1600    0.0100    0.5000    0.3000
    0.0200    0.2400    0.0000    0.0300    0.2600    0.4500
    0.0000    0.0100    0.0000    0.0100    0.2700    0.7100
    0.0900    0.0200    0.0000    0.0600    0.4000    0.4300
    0.0000    0.1600    0.0000    0.0000    0.2500    0.5900
    0.3200    0.0900    0.0200    0.0100    0.0100    0.5500
    0.0000    0.0800    0.1300    0.0000    0.1100    0.6800
    0.3900    0.0100    0.0300    0.0000    0.0000    0.5700
    0.2600    0.1800    0.0200    0.0100    0.0100    0.5200
    0.2000    0.1600    0.0000    0.0000    0.0000    0.6400
    0.5100    0.3100    0.0700    0.0100    0.0100    0.0900
    0.1400    0.1700    0.0200    0.0000    0.0000    0.6700
    0.0000    0.0300    0.0200    0.2100    0.3200    0.4200
    0.5700    0.0000    0.1100    0.0100    0.1000    0.2100
    0.5100    0.2500    0.1000    0.0200    0.1200    0.0000
    0.5100    0.0100    0.0700    0.0200    0.1100    0.2800
    0.0000    0.0000    0.0000    0.0200    0.0000    0.9800
    0.6000    0.0000    0.0300    0.0000    0.0200    0.3500
    0.3400    0.0000    0.1100    0.0100    0.0600    0.4800
    0.4400    0.1100    0.1100    0.0000    0.0600    0.2800
    0.6600    0.0000    0.0800    0.0000    0.0000    0.2600
    0.3700    0.4700    0.1000    0.0000    0.0600    0.0000
    0.4400    0.3000    0.0900    0.0400    0.1300    0.0000
    0.2700    0.6100    0.1200    0.0000    0.0000    0.0000
    0.0100    0.0000    0.0000    0.0200    0.0800    0.8900
    0.2100    0.1100    0.0600    0.0000    0.1400    0.4800
    0.5200    0.0100    0.0100    0.0000    0.0000    0.4600
    0.0000    0.3800    0.0100    0.0000    0.0000    0.6100
    0.0000    0.3100    0.0100    0.0000    0.0000    0.6800
    0.3200    0.3400    0.0200    0.0000    0.0100    0.3100
    0.0100    0.4100    0.0000    0.0000    0.0100    0.5700
    0.0000    0.4100    0.0000    0.1300    0.0000    0.4600
    0.0000    0.1800    0.0000    0.2600    0.0100    0.5500
    0.0400    0.4500    0.0000    0.0700    0.0100    0.4300
    0.0000    0.2500    0.0000    0.2500    0.0000    0.5000
    0.3600    0.2000    0.0200    0.0800    0.0000    0.3400
    0.2100    0.0000    0.0000    0.3300    0.0100    0.4500
    0.2500    0.0000    0.0000    0.3100    0.0100    0.4300
    0.1900    0.0000    0.0000    0.3200    0.0100    0.4800
    0.0000    0.6300    0.1000    0.0000    0.0000    0.2700
    0.0000    0.6600    0.0900    0.0000    0.0000    0.2500
    0.0000    0.3300    0.1100    0.0100    0.0000    0.5500
    0.0000    0.6800    0.0900    0.0000    0.0100    0.2200
    0.3500    0.0000    0.0000    0.0100    0.0000    0.6400
    0.0100    0.0000    0.0000    0.3600    0.0000    0.6300
    0.4800    0.0000    0.0100    0.0000    0.1200    0.3900
    0.3900    0.0000    0.0000    0.0200    0.0100    0.5800
    0.4000    0.1700    0.0000    0.0000    0.1200    0.3100
    0.4400    0.2700    0.0000    0.0000    0.1700    0.1200
    0.3400    0.1400    0.0000    0.0000    0.1300    0.3900
    0.3300    0.1200    0.0000    0.0000    0.1300    0.4200
    0.3000    0.3200    0.0000    0.0100    0.2700    0.1000
    0.2600    0.0000    0.0000    0.0000    0.0000    0.7400
    0.3700    0.0000    0.0000    0.0000    0.1500    0.4800
    0.5000    0.0000    0.0000    0.0000    0.1000    0.4000

 Final output data matrix:
        f1        f2        f3
 -477.3645   -1.2974-78049.1925
 -454.7535   -1.3662-68112.8155
 -279.9044   -2.1133-51731.0693
 -469.5247   -1.7578-77876.9026
 -440.0426   -1.9634-76654.9118
 -365.6047   -1.2303-62118.0243
 -410.9856   -1.1190-66049.6554
 -136.1656   -0.8962-22268.5639
 -369.0088   -1.3142-61644.3643
 -533.9811   -0.8968-68784.7611
 -442.6768   -0.7257-59416.2131
 -507.4257   -0.9822-66650.9629
 -443.6008   -1.1184-65323.0907
 -489.5899   -1.3294-72483.9913
 -359.3333   -1.7335-60280.1487
 -485.2462   -0.8865-66192.4108
 -228.9585   -0.7284-49588.2084
 -435.6576   -1.1748-60782.1527
 -368.0328   -0.0378-29839.9581
 -558.3333   -1.0147-72324.3305
 -545.1107   -1.0090-76481.1353
 -595.9865   -1.0313-80252.0073
 -577.5167   -1.0272-78299.5278
 -603.0115   -1.0486-79494.8772
 -536.4679   -1.3385-83057.1828
 -380.6202   -1.5761-63939.3838
 -487.9964   -1.6929-74452.7693
 -492.2164   -2.0354-77476.1977
 -483.0457   -1.7036-74331.8675
 -461.0062   -1.5331-68683.9650
 -428.6732   -1.9582-73565.0149
 -420.3458   -1.7501-70958.0370
 -185.7397   -1.9998-39188.2443
 -307.5914   -2.9333-68673.8814
 -248.0791   -0.3369-41639.4837
 -330.4220   -1.6093-58954.7196
 -261.1897   -2.5356-54113.5267
 -374.3907   -2.1313-72005.0906
 -442.1932   -1.6426-73645.0393
 -325.5454   -2.2577-65492.6760
 -407.4563   -1.7142-79298.8675
 -280.7768   -2.0890-55835.4428
 -345.4445   -2.2639-66935.4850
 -337.8766   -1.7123-65225.4544
 -380.5099   -0.6146-47362.4095
 -423.7886   -1.3121-68132.9194
 -412.9137   -0.7221-59055.9302
 -389.7163   -1.2975-60315.7332
 -243.9299   -1.5816-43427.1956
 -418.8166   -1.1219-61444.5239
 -463.1094   -1.4660-81856.9346
 -260.4919   -1.9421-59060.6871
 -461.1271   -1.5697-75813.0466
 -434.9195   -1.9723-80545.7853
 -411.2741   -1.7072-85333.3874
 -593.8157   -1.0758-82484.6477
 -331.6431   -1.2261-62332.4475
 -461.8788   -1.5726-80820.6379
 -386.3988   -1.9098-76223.9832
 -458.6168   -1.3865-78606.8274
 -386.1546   -1.7969-73308.3934
 -420.6757   -1.8963-83069.8760
 -256.3444   -2.2542-53258.3199
 -343.7864   -1.8975-72697.8828
 -317.0968   -1.9236-66141.3310
 -405.5608   -1.9380-81223.2023
 -579.2708   -1.0437-87100.5169
 -297.2664   -2.2664-61771.9743
 -230.0024   -1.7750-53153.7094
 -296.3126   -0.8946-60049.3899
 -625.1337   -1.1253-94708.7918
 -559.4404   -1.5604-98460.5528
 -350.2734   -2.6724-74202.1381
 -483.8073   -1.5770-91455.1658
 -333.6048   -1.8340-67470.0844
 -401.3639   -1.5176-75081.6898
 -339.8147   -1.1731-68370.6235
 -619.8270   -1.3159-92324.8900
 -456.6095   -1.0320-73399.8497
 -527.1160   -1.2052-80673.3135
 -182.0132   -2.1459-33836.3245
 -299.4935   -1.9115-62779.5207
 -342.4831   -1.8084-73190.6083
 -292.5484   -2.1003-64376.6034
 -284.1961   -2.0337-60695.8700
 -418.6794   -1.5121-75788.0791
 -272.5130   -1.9527-60034.6655
 -324.9663   -1.9969-65021.8788
 -361.4059   -2.0913-69395.5054
 -310.1195   -1.9192-61302.0228
 -321.0298   -2.0199-62665.9535
 -408.2643   -1.5818-76317.7672
 -398.2560   -1.9114-74552.8783
 -437.9660   -1.8110-79745.2693
 -402.9772   -1.8842-75747.1961
 -367.7646   -1.7661-65605.9795
 -392.9406   -1.8913-69484.2021
 -317.1051   -2.1952-63761.7220
 -355.6015   -1.8014-64450.3268
 -438.2688   -2.1205-87348.6010
 -334.7339   -2.0407-65124.3183
 -514.0293   -1.5443-93643.6527
 -526.1093   -1.9176-98663.7705
 -555.0826   -1.4101-91162.3449
 -653.9760   -1.1215-96005.8355
 -613.3157   -1.3545-102903.8092
 -574.5688   -1.4762-99854.6710
 -681.7986   -1.0156-82871.2744
 -401.6728   -2.2362-74413.1823
 -547.4572   -1.6694-94620.9370
 -522.6485   -1.5207-100684.6276

 Input data matrix of corresponding Pareto front:
        x1        x2        x3        x4        x5        x6
    0.0000    0.3900    0.1300    0.0700    0.0300    0.3800
    0.0000    0.0000    0.0000    0.0000    0.0000    1.0000
    0.0100    0.3900    0.0000    0.0200    0.0100    0.5700
    0.5100    0.2500    0.1000    0.0200    0.1200    0.0000
    0.5100    0.0100    0.0700    0.0200    0.1100    0.2800
    0.0000    0.0000    0.0000    0.0200    0.0000    0.9800
    0.3700    0.4700    0.1000    0.0000    0.0600    0.0000
    0.3500    0.0000    0.0000    0.0100    0.0000    0.6400
    0.3900    0.0000    0.0000    0.0200    0.0100    0.5800
    0.4400    0.2700    0.0000    0.0000    0.1700    0.1200
    0.3400    0.1400    0.0000    0.0000    0.1300    0.3900
    0.3300    0.1200    0.0000    0.0000    0.1300    0.4200

 Output data matrix of corresponding Pareto front:
        f1        f2        f3
 -492.2164   -2.0354-77476.1977
 -307.5914   -2.9333-68673.8814
 -374.3907   -2.1313-72005.0906
 -625.1337   -1.1253-94708.7918
 -559.4404   -1.5604-98460.5528
 -350.2734   -2.6724-74202.1381
 -619.8270   -1.3159-92324.8900
 -438.2688   -2.1205-87348.6010
 -526.1093   -1.9176-98663.7705
 -653.9760   -1.1215-96005.8355
 -613.3157   -1.3545-102903.8092
 -574.5688   -1.4762-99854.6710

 Input data matrix of Pareto front of final Gaussian process model:
        x1        x2        x3        x4        x5        x6
    0.4494    0.2962    0.0001    0.0003    0.2473    0.0067
    0.0000    0.0000    0.0000    0.0000    0.0000    1.0000
    0.0191    0.0000    0.0000    0.0076    0.0009    0.9723
    0.4275    0.0000    0.0000    0.0000    0.2048    0.3676
    0.3873    0.3410    0.0001    0.0008    0.2683    0.0024
    0.0000    0.0000    0.0000    0.0000    0.0000    1.0000
    0.2141    0.0002    0.0002    0.0004    0.0000    0.7849
    0.2181    0.0014    0.0000    0.0000    0.0002    0.7803
    0.1863    0.0000    0.0000    0.0003    0.0000    0.8134
    0.1785    0.0006    0.0000    0.0001    0.0016    0.8192
    0.4165    0.0000    0.0000    0.0001    0.1996    0.3838
    0.2052    0.0000    0.0000    0.0001    0.0000    0.7947
    0.3385    0.3526    0.0001    0.0019    0.2375    0.0695
    0.1903    0.0013    0.0000    0.0008    0.0010    0.8066
    0.2252    0.0002    0.0000    0.0001    0.0000    0.7745
    0.1575    0.0000    0.0000    0.0005    0.0000    0.8420
    0.1624    0.0028    0.0000    0.0003    0.0003    0.8342
    0.0996    0.0019    0.0000    0.0000    0.0000    0.8985
    0.2765    0.0003    0.0000    0.0001    0.0000    0.7231
    0.3723    0.0038    0.0001    0.0000    0.1632    0.4605
    0.3794    0.0047    0.0000    0.0002    0.1801    0.4355
    0.3078    0.0014    0.0002    0.0001    0.0000    0.6903
    0.3148    0.4140    0.0000    0.0014    0.2097    0.0601
    0.1093    0.0012    0.0000    0.0000    0.0000    0.8896
    0.2964    0.0014    0.0000    0.0001    0.0005    0.7017
    0.2442    0.0011    0.0000    0.0035    0.0004    0.7507
    0.2693    0.0031    0.0001    0.0002    0.0001    0.7272
    0.3408    0.0009    0.0000    0.0001    0.0015    0.6566
    0.3753    0.0026    0.0001    0.0000    0.1670    0.4550
    0.3985    0.0632    0.0002    0.0008    0.1915    0.3457
    0.2825    0.0011    0.0000    0.0004    0.0009    0.7150
    0.4190    0.0000    0.0004    0.0001    0.1769    0.4032
    0.1962    0.0000    0.0000    0.0004    0.0000    0.8034
    0.3771    0.3321    0.0000    0.0009    0.2347    0.0551
    0.4001    0.0025    0.0001    0.0000    0.1604    0.4369
    0.3669    0.1596    0.0000    0.0034    0.2045    0.2655
    0.3362    0.2214    0.0005    0.0013    0.1578    0.2824
    0.3225    0.0000    0.0000    0.0000    0.0000    0.6775
    0.2582    0.0014    0.0001    0.0002    0.0000    0.7400
    0.3810    0.0000    0.0000    0.0000    0.2090    0.4101
    0.3454    0.2274    0.0001    0.0001    0.1369    0.2901
    0.4456    0.1093    0.0000    0.0018    0.2235    0.2198
    0.4553    0.0778    0.0001    0.0019    0.2403    0.2246
    0.2419    0.0006    0.0000    0.0001    0.0011    0.7562
    0.0352    0.0012    0.0000    0.0000    0.0011    0.9624
    0.4006    0.0000    0.0003    0.0001    0.1751    0.4236
    0.2765    0.0016    0.0000    0.0054    0.0001    0.7165
    0.3354    0.0013    0.0000    0.0020    0.0004    0.6608
    0.1992    0.0017    0.0001    0.0001    0.0001    0.7988
    0.4232    0.0000    0.0000    0.0001    0.1694    0.4073
    0.1253    0.0000    0.0000    0.0001    0.0000    0.8746
    0.1677    0.0013    0.0002    0.0001    0.0000    0.8305
    0.3490    0.2517    0.0000    0.0005    0.1849    0.2138
    0.3786    0.3120    0.0000    0.0000    0.2058    0.1035
    0.3202    0.0012    0.0000    0.0020    0.0459    0.6308
    0.3808    0.4049    0.0001    0.0003    0.2069    0.0069
    0.3891    0.0018    0.0000    0.0056    0.2095    0.3940
    0.0916    0.0000    0.0001    0.0000    0.0009    0.9073
    0.3877    0.2084    0.0001    0.0004    0.2597    0.1437
    0.4229    0.2776    0.0000    0.0003    0.2396    0.0596
    0.3379    0.3437    0.0001    0.0000    0.1770    0.1412
    0.4012    0.3784    0.0005    0.0003    0.2192    0.0000
    0.2310    0.0006    0.0000    0.0001    0.0016    0.7668
    0.1040    0.0017    0.0000    0.0001    0.0001    0.8940
    0.4159    0.0762    0.0001    0.0011    0.1805    0.3259
    0.0806    0.0000    0.0001    0.0001    0.0008    0.9185
    0.3912    0.0021    0.0000    0.0043    0.0549    0.5474
    0.3559    0.0066    0.0001    0.0003    0.1472    0.4897
    0.1471    0.0000    0.0000    0.0000    0.0000    0.8529
    0.3902    0.0019    0.0000    0.0000    0.2052    0.4026
    0.1154    0.0006    0.0000    0.0001    0.0003    0.8835
    0.3406    0.0023    0.0000    0.0016    0.0521    0.6035
    0.3565    0.0007    0.0000    0.0120    0.1669    0.4640
    0.3408    0.0067    0.0001    0.0004    0.1492    0.5027
    0.2548    0.0011    0.0000    0.0001    0.0006    0.7435
    0.3380    0.0292    0.0000    0.0000    0.1010    0.5317
    0.4225    0.3272    0.0005    0.0005    0.2487    0.0000
    0.3540    0.0016    0.0000    0.0001    0.0002    0.6441
    0.4332    0.1910    0.0001    0.0010    0.2441    0.1305
    0.0655    0.0027    0.0000    0.0003    0.0000    0.9315
    0.0065    0.0026    0.0000    0.0000    0.0013    0.9896
    0.3144    0.3507    0.0000    0.0007    0.2178    0.1163
    0.3617    0.0013    0.0000    0.0002    0.0438    0.5930
    0.3622    0.0025    0.0000    0.0031    0.1581    0.4741
    0.1682    0.0159    0.0000    0.0001    0.0013    0.8146
    0.4656    0.0000    0.0002    0.0001    0.1966    0.3374
    0.3774    0.0069    0.0000    0.0016    0.1392    0.4749
    0.0852    0.0000    0.0001    0.0002    0.0008    0.9137
    0.3450    0.0025    0.0000    0.0000    0.1002    0.5524
    0.3459    0.0013    0.0000    0.0000    0.0009    0.6519
    0.2392    0.0000    0.0000    0.0000    0.0001    0.7607
    0.4047    0.0829    0.0000    0.0016    0.2123    0.2984
    0.3270    0.2512    0.0000    0.0004    0.2298    0.1916
    0.3664    0.0000    0.0000    0.0031    0.0266    0.6039
    0.3854    0.0000    0.0000    0.0000    0.0001    0.6145
    0.3614    0.0026    0.0000    0.0000    0.1515    0.4845
    0.0268    0.0008    0.0001    0.0002    0.0014    0.9706
    0.3493    0.0016    0.0000    0.0006    0.0002    0.6483
    0.3516    0.0013    0.0000    0.0000    0.1394    0.5076
    0.4026    0.2163    0.0000    0.0004    0.2696    0.1110
    0.3921    0.2924    0.0000    0.0000    0.1929    0.1225
    0.3316    0.2547    0.0000    0.0004    0.2189    0.1943
    0.3442    0.0024    0.0000    0.0000    0.1543    0.4989
    0.2504    0.0013    0.0000    0.0002    0.0000    0.7481
    0.2605    0.0012    0.0000    0.0038    0.0005    0.7340
    0.3566    0.0022    0.0001    0.0000    0.0508    0.5901
    0.3177    0.0013    0.0000    0.0002    0.0000    0.6807
    0.3779    0.0070    0.0001    0.0004    0.0595    0.5550
    0.3415    0.0051    0.0000    0.0001    0.0459    0.6074
    0.3458    0.1504    0.0000    0.0032    0.1928    0.3077
    0.0567    0.0000    0.0000    0.0000    0.0008    0.9425
    0.3799    0.1466    0.0000    0.0016    0.1944    0.2774
    0.3583    0.0000    0.0000    0.0046    0.2056    0.4315
    0.3935    0.0026    0.0000    0.0011    0.0484    0.5545
    0.3669    0.1519    0.0000    0.0032    0.1947    0.2832
    0.3704    0.0004    0.0000    0.0041    0.1068    0.5183
    0.2035    0.0000    0.0000    0.0001    0.0000    0.7964
    0.3601    0.3172    0.0000    0.0000    0.2241    0.0985
    0.4082    0.0029    0.0001    0.0001    0.0064    0.5823
    0.1202    0.0027    0.0000    0.0004    0.0000    0.8768
    0.3504    0.2306    0.0001    0.0005    0.2038    0.2144
    0.1520    0.0000    0.0000    0.0000    0.0013    0.8467
    0.2856    0.0006    0.0000    0.0001    0.0016    0.7121
    0.3940    0.1712    0.0005    0.0022    0.2185    0.2131
    0.3458    0.0028    0.0000    0.0341    0.1064    0.5109
    0.3003    0.0027    0.0000    0.0001    0.0009    0.6960
    0.3916    0.2273    0.0000    0.0007    0.1559    0.2244
    0.3595    0.3479    0.0001    0.0000    0.2871    0.0053
    0.4181    0.2247    0.0001    0.0004    0.2016    0.1550
    0.3544    0.1905    0.0001    0.0003    0.1708    0.2838
    0.0555    0.0000    0.0000    0.0001    0.0000    0.9444
    0.3141    0.0000    0.0000    0.0001    0.0018    0.6840
    0.1344    0.0002    0.0000    0.0000    0.0000    0.8655
    0.3661    0.2407    0.0001    0.0110    0.2159    0.1661
    0.3303    0.2523    0.0000    0.0027    0.2053    0.2093
    0.0462    0.0007    0.0000    0.0000    0.0010    0.9520
    0.3527    0.0028    0.0001    0.0001    0.1301    0.5140
    0.3862    0.1913    0.0000    0.0031    0.2006    0.2188
    0.3938    0.0039    0.0001    0.0095    0.1108    0.4817
    0.4052    0.0030    0.0000    0.0016    0.0530    0.5372
    0.3753    0.0015    0.0000    0.0003    0.0000    0.6229
    0.0444    0.0000    0.0001    0.0001    0.0000    0.9554
    0.3072    0.2700    0.0000    0.0003    0.2057    0.2167
    0.3578    0.0007    0.0000    0.0004    0.0004    0.6406
    0.4046    0.0075    0.0001    0.0004    0.0637    0.5236
    0.3583    0.0002    0.0000    0.0003    0.0143    0.6268
    0.3292    0.0014    0.0000    0.0000    0.1215    0.5479
    0.3791    0.0028    0.0000    0.0000    0.1101    0.5081
    0.1513    0.0000    0.0000    0.0001    0.0000    0.8486
    0.0162    0.0001    0.0001    0.0002    0.0015    0.9819
    0.3009    0.0006    0.0000    0.0001    0.0009    0.6975
    0.3620    0.0025    0.0001    0.0000    0.1610    0.4743
    0.1393    0.0019    0.0000    0.0001    0.0000    0.8587
    0.3783    0.0034    0.0000    0.0011    0.0404    0.5768
    0.3539    0.0073    0.0000    0.0002    0.0051    0.6335
    0.4058    0.0005    0.0009    0.0000    0.0000    0.5920
    0.3772    0.0003    0.0000    0.0000    0.0741    0.5484
    0.2924    0.0003    0.0000    0.0001    0.0000    0.7072
    0.3413    0.0025    0.0000    0.0000    0.0194    0.6368
    0.3305    0.0034    0.0000    0.0002    0.0966    0.5693
    0.3302    0.0013    0.0000    0.0011    0.0006    0.6668
    0.3321    0.0000    0.0000    0.0006    0.0017    0.6656
    0.3210    0.0059    0.0000    0.0003    0.0487    0.6241
    0.3819    0.0003    0.0000    0.0002    0.1692    0.4484
    0.1297    0.0015    0.0000    0.0001    0.0000    0.8686
    0.1365    0.0000    0.0000    0.0000    0.0013    0.8621
    0.3555    0.1546    0.0000    0.0033    0.1982    0.2883
    0.0681    0.0019    0.0000    0.0002    0.0001    0.9297
    0.3313    0.0007    0.0000    0.0000    0.1374    0.5306
    0.3200    0.0012    0.0000    0.0002    0.1378    0.5408
    0.1718    0.0000    0.0000    0.0004    0.0009    0.8269
    0.2660    0.0013    0.0000    0.0000    0.0002    0.7324
    0.2905    0.3325    0.0000    0.0035    0.1574    0.2161
    0.0741    0.0000    0.0001    0.0002    0.0001    0.9255
    0.3855    0.3005    0.0000    0.0008    0.2364    0.0766
    0.3261    0.0001    0.0002    0.0001    0.0011    0.6723
    0.2988    0.3319    0.0000    0.0003    0.2328    0.1362
    0.2266    0.0010    0.0000    0.0040    0.0001    0.7684
    0.0750    0.0019    0.0001    0.0002    0.0001    0.9226
    0.3119    0.0002    0.0002    0.0003    0.0000    0.6873
    0.4494    0.2962    0.0001    0.0003    0.2473    0.0067
    0.3651    0.0047    0.0001    0.0003    0.0000    0.6298
    0.3899    0.0028    0.0001    0.0000    0.0446    0.5626
    0.3614    0.2206    0.0001    0.0002    0.1494    0.2682
    0.2372    0.0000    0.0000    0.0004    0.0001    0.7624
    0.4345    0.1649    0.0000    0.0004    0.2206    0.1796
    0.1182    0.0000    0.0000    0.0000    0.0000    0.8818
    0.0137    0.0014    0.0000    0.0001    0.0001    0.9847
    0.2673    0.0000    0.0000    0.0000    0.0013    0.7314
    0.2508    0.0006    0.0000    0.0001    0.0017    0.7467
    0.2806    0.0010    0.0000    0.0018    0.0070    0.7096
    0.4117    0.0000    0.0000    0.0034    0.0296    0.5553
    0.2271    0.0000    0.0000    0.0000    0.0011    0.7717
    0.4040    0.0000    0.0000    0.0000    0.1530    0.4430
    0.3128    0.0000    0.0001    0.0001    0.0000    0.6869
    0.3188    0.2872    0.0000    0.0003    0.2484    0.1453
    0.2626    0.0020    0.0001    0.0002    0.0011    0.7340
    0.3722    0.0033    0.0000    0.0010    0.0560    0.5674
    0.3272    0.0013    0.0000    0.0011    0.0006    0.6698
    0.3674    0.0003    0.0000    0.0001    0.0579    0.5743

 Output data matrix of Pareto front of final Gaussian process model:
        f1        f2        f3
 -672.9207   -0.8659-88161.5375
 -289.0337   -2.7589-62429.2004
 -292.3516   -2.6827-61877.0069
 -573.1127   -1.4089-99055.4460
 -681.2617   -0.8983-86301.5350
 -289.0337   -2.7589-62429.2004
 -361.1582   -2.2620-72172.3721
 -363.5236   -2.2535-72656.0730
 -348.8813   -2.3151-69565.4047
 -345.7561   -2.3248-68947.3997
 -568.7630   -1.4445-98929.8846
 -357.4197   -2.2803-71324.6073
 -662.2775   -1.0042-87617.5015
 -351.0250   -2.3025-70019.1478
 -366.7055   -2.2419-73327.1556
 -336.3653   -2.3688-67192.7695
 -338.5642   -2.3553-67626.3095
 -314.1101   -2.4884-63637.2430
 -390.7122   -2.1382-78407.4043
 -537.7093   -1.6176-96637.6016
 -550.3099   -1.5605-97598.8152
 -404.5180   -2.0714-81111.2290
 -652.9708   -1.0506-86164.5711
 -317.4865   -2.4674-64118.4197
 -400.0610   -2.0940-80240.8406
 -376.1888   -2.1962-75435.1515
 -387.6023   -2.1480-77830.6582
 -419.1454   -2.0056-83770.0831
 -540.8285   -1.6049-96941.7141
 -581.0518   -1.3900-97717.8939
 -393.9526   -2.1213-79058.2555
 -558.0044   -1.4996-98539.0665
 -353.3412   -2.2967-70473.8959
 -669.2851   -0.9637-88737.4832
 -545.1434   -1.5767-97621.2538
 -609.0404   -1.2810-95375.1874
 -588.1702   -1.3736-93182.9856
 -410.9593   -2.0453-82278.8961
 -382.1362   -2.1737-76685.0963
 -562.8037   -1.4902-98238.7366
 -579.6766   -1.4021-92934.7944
 -617.5868   -1.1478-96248.9371
 -613.4938   -1.1312-96427.5738
 -374.9071   -2.2050-75109.4388
 -295.6328   -2.6538-62030.9824
 -552.5637   -1.5410-98086.9564
 -391.3555   -2.1275-78610.7388
 -416.8294   -2.0151-83358.0225
 -354.6157   -2.2888-70782.4109
 -555.3148   -1.5123-98495.7032
 -323.3624   -2.4339-65009.2147
 -340.3568   -2.3476-67963.7765
 -619.7837   -1.2527-93093.1972
 -655.1462   -1.0417-90959.1019
 -434.5689   -1.9286-85524.1957
 -672.2197   -0.9714-86771.6450
 -567.2176   -1.4610-98345.6968
 -311.3978   -2.5075-63270.0183
 -649.3853   -1.0196-92540.8336
 -666.8402   -0.9188-90202.2056
 -634.0859   -1.1638-90132.6245
 -676.2767   -0.9369-87214.9549
 -369.9405   -2.2256-74021.9930
 -315.5794   -2.4778-63838.4058
 -584.1391   -1.3649-97514.9083
 -307.8506   -2.5352-62852.8887
 -469.4103   -1.8184-90726.8665
 -522.0766   -1.6764-95066.6508
 -332.0231   -2.3898-66431.2753
 -564.7983   -1.4784-98435.4716
 -319.7056   -2.4535-64442.0739
 -447.8026   -1.8854-87461.2324
 -534.8101   -1.6270-96066.3475
 -516.4839   -1.6934-94308.4653
 -380.8760   -2.1801-76390.5590
 -487.6323   -1.7708-91444.9589
 -678.3993   -0.8847-87517.3512
 -423.6354   -1.9851-84607.0204
 -647.3255   -0.9804-93245.0236
 -303.3603   -2.5711-62398.0556
 -289.8701   -2.7307-62163.4822
 -644.6150   -1.0997-88551.9712
 -450.8653   -1.8772-88214.6392
 -530.9856   -1.6451-95944.5795
 -341.7118   -2.3251-68422.2039
 -573.4867   -1.3557-98729.6121
 -525.9215   -1.6598-95753.4124
 -309.3061   -2.5232-63014.6585
 -483.2383   -1.7882-91277.3707
 -420.8578   -1.9979-84091.4386
 -373.3164   -2.2144-74757.7281
 -598.6935   -1.2973-97279.1094
 -630.3942   -1.1821-91828.8408
 -442.2998   -1.9053-87276.9783
 -433.8042   -1.9386-86431.7921
 -526.0404   -1.6643-95553.8734
 -293.6161   -2.6763-62001.7135
 -421.9552   -1.9925-84298.5220
 -513.5755   -1.7056-94297.3870
 -657.0254   -0.9480-91485.1143
 -648.5236   -1.0702-92006.6437
 -629.1699   -1.1962-92144.7324
 -520.0761   -1.6833-94731.2693
 -378.6268   -2.1901-75925.0587
 -383.9182   -2.1624-77073.0806
 -453.3105   -1.8686-88383.0872
 -409.1547   -2.0523-81950.2268
 -468.4618   -1.8229-90386.5179
 -444.6258   -1.8956-87109.1318
 -591.6332   -1.3564-95265.8726
 -300.9839   -2.5984-62261.0862
 -604.3292   -1.3008-95910.0346
 -553.5186   -1.5367-97364.9338
 -465.2755   -1.8296-90331.9142
 -601.8467   -1.3141-95605.5079
 -498.9854   -1.7451-93300.9366
 -356.6533   -2.2834-71162.6971
 -657.9110   -1.0301-90030.4224
 -443.7694   -1.8928-87890.5602
 -321.5022   -2.4403-64719.9748
 -623.5926   -1.2282-93488.9934
 -334.3018   -2.3766-66813.8562
 -395.5818   -2.1140-79360.3149
 -626.4373   -1.1738-95041.9300
 -494.0930   -1.7536-92194.0021
 -402.1152   -2.0827-80640.5725
 -610.9533   -1.2715-93927.1877
 -679.6106   -0.9033-84840.5740
 -640.0892   -1.0860-93837.2737
 -595.4621   -1.3502-94571.9269
 -300.6432   -2.6042-62268.6554
 -408.2291   -2.0567-81752.1714
 -326.9226   -2.4151-65579.6463
 -638.9896   -1.1192-92690.8664
 -622.1866   -1.2338-92362.4960
 -298.2147   -2.6248-62098.5614
