
 TSEMO log file created on 21-Feb-2020 

 This file shows the initial specifications of TSEMO and logs the output.
 ¯¯¯¯¯¯¯¯¯¯¯¯¯¯¯¯¯¯¯¯¯¯¯¯¯¯¯¯¯¯¯¯¯¯¯¯¯¯¯¯¯¯¯¯¯¯¯¯¯¯¯¯¯¯¯¯¯¯¯¯¯¯¯¯¯¯¯¯¯¯¯¯¯¯¯¯¯¯¯¯¯¯¯¯¯¯¯¯¯¯¯¯¯¯¯¯¯¯¯¯¯¯
 License information 

 BSD 2-Clause License 

 Copyright (c) 2017, Eric Bradford, Artur M. Schweidtmann and Alexei Lapkin
 All rights reserved. 

 Redistribution and use in source and binary forms, with or without
 modification, are permitted provided that the following conditions are met: 

 *Redistributions of source code must retain the above copyright notice, this   
  list of conditions and the following disclaimer. 

 *Redistributions in binary form must reproduce the above copyright notice,   
  this list of conditions and the following disclaimer in the documentation   
  and/or other materials provided with the distribution. 

 Modified by Mina Konakovic Lukovic 2019. 

 ¯¯¯¯¯¯¯¯¯¯¯¯¯¯¯¯¯¯¯¯¯¯¯¯¯¯¯¯¯¯¯¯¯¯¯¯¯¯¯¯¯¯¯¯¯¯¯¯¯¯¯¯¯¯¯¯¯¯¯¯¯¯¯¯¯¯¯¯¯¯¯¯¯¯¯¯¯¯¯¯¯¯¯¯¯¯¯¯¯¯¯¯¯¯¯¯¯¯¯¯¯¯
 Problem specifications 

 Function used:   consta 

 Number of inputs:   6
 Number of outputs:  3 

 Lower bounds of decision variables:
      x1      x2      x3      x4      x5      x6
  0.0000  0.0000  0.0000  0.0000  0.0000  0.0000
 
 Upper bounds of decision variables:
      x1      x2      x3      x4      x5      x6
  1.0000  1.0000  0.5000  1.0000  1.0000  1.0000
 ¯¯¯¯¯¯¯¯¯¯¯¯¯¯¯¯¯¯¯¯¯¯¯¯¯¯¯¯¯¯¯¯¯¯¯¯¯¯¯¯¯¯¯¯¯¯¯¯¯¯¯¯¯¯¯¯¯¯¯¯¯¯¯¯¯¯¯¯¯¯¯¯¯¯¯¯¯¯¯¯¯¯¯¯¯¯¯¯¯¯¯¯¯¯¯¯¯¯¯¯¯¯
 Algorithm options 

 Maximum number of function evaluations:  4
 Sample batch size:                       4
 Number of algorithm iterations:          1 

 Genetic algorithm population size:        200
 Genetic algorithm number of generations:  200 

                                               f1      f2      f3
 Number of spectral sampling points:         4000    4000    4000
 Type of matern function:                       5       5       5
 Direct evaluations per input dimension:      200     200     200
 ¯¯¯¯¯¯¯¯¯¯¯¯¯¯¯¯¯¯¯¯¯¯¯¯¯¯¯¯¯¯¯¯¯¯¯¯¯¯¯¯¯¯¯¯¯¯¯¯¯¯¯¯¯¯¯¯¯¯¯¯¯¯¯¯¯¯¯¯¯¯¯¯¯¯¯¯¯¯¯¯¯¯¯¯¯¯¯¯¯¯¯¯¯¯¯¯¯¯¯¯¯¯
 Initial data set 

 Number of initial data points:  107 

 Initial input data matrix:
      x1      x2      x3      x4      x5      x6
  0.3200  0.1300  0.0500  0.2100  0.0400  0.2500
  0.0000  0.1800  0.2100  0.2800  0.2000  0.1300
  0.0000  0.0200  0.3800  0.0400  0.2900  0.2700
  0.1900  0.3000  0.1000  0.0600  0.0700  0.2800
  0.0800  0.1600  0.1400  0.0400  0.1900  0.3900
  0.3400  0.0600  0.2300  0.1600  0.1900  0.0200
  0.1400  0.1000  0.0700  0.2000  0.2700  0.2200
  0.0700  0.0700  0.3200  0.2100  0.0300  0.3000
  0.0200  0.0100  0.2700  0.1300  0.4900  0.0800
  0.0900  0.3200  0.0300  0.1300  0.3700  0.0600
  0.0800  0.2100  0.0200  0.0000  0.6100  0.0800
  0.0900  0.3200  0.0400  0.2100  0.1700  0.1700
  0.1400  0.3000  0.0700  0.1000  0.2500  0.1400
  0.0400  0.1700  0.0700  0.2200  0.2400  0.2600
  0.1700  0.1500  0.2800  0.2900  0.0000  0.1100
  0.1000  0.1400  0.1400  0.2600  0.2700  0.0900
  1.0000  0.0000  0.0000  0.0000  0.0000  0.0000
  0.0000  1.0000  0.0000  0.0000  0.0000  0.0000
  0.0000  0.0000  0.0000  1.0000  0.0000  0.0000
  0.6000  0.4000  0.0000  0.0000  0.0000  0.0000
  0.5500  0.4500  0.0000  0.0000  0.0000  0.0000
  0.5000  0.5000  0.0000  0.0000  0.0000  0.0000
  0.4500  0.5500  0.0000  0.0000  0.0000  0.0000
  0.4000  0.6000  0.0000  0.0000  0.0000  0.0000
  0.2700  0.4400  0.0900  0.0400  0.0800  0.0800
  0.0400  0.1900  0.3600  0.2000  0.1200  0.0900
  0.0000  0.5900  0.0000  0.0800  0.0800  0.2500
  0.0000  0.3900  0.1300  0.0700  0.0300  0.3800
  0.0100  0.5100  0.0000  0.1000  0.0200  0.3600
  0.0100  0.6200  0.0100  0.0300  0.1000  0.2300
  0.0600  0.3000  0.4100  0.0100  0.0100  0.2100
  0.0800  0.3200  0.5000  0.0700  0.0200  0.0100
  0.1500  0.2800  0.2500  0.0100  0.0600  0.2500
  0.0000  0.0000  0.0000  0.0000  0.0000  1.0000
  0.0000  0.0000  0.0000  0.0000  1.0000  0.0000
  0.0200  0.1100  0.0000  0.5000  0.0300  0.3400
  0.0100  0.1900  0.0000  0.0000  0.0000  0.8000
  0.0100  0.3900  0.0000  0.0200  0.0100  0.5700
  0.1800  0.1200  0.0000  0.3600  0.0000  0.3400
  0.0100  0.0000  0.1300  0.2500  0.0000  0.6100
  0.3200  0.0000  0.1200  0.0100  0.0000  0.5500
  0.0100  0.1500  0.1000  0.2100  0.0000  0.5300
  0.0100  0.0000  0.1500  0.2500  0.0000  0.5900
  0.1500  0.4500  0.0400  0.0300  0.0100  0.3200
  0.0500  0.3200  0.0000  0.5700  0.0600  0.0000
  0.3100  0.5200  0.0000  0.0800  0.0200  0.0700
  0.1500  0.0400  0.1300  0.6700  0.0100  0.0000
  0.0000  0.2100  0.2000  0.5800  0.0100  0.0000
  0.0000  0.0100  0.2800  0.6700  0.0100  0.0300
  0.0100  0.2800  0.1100  0.4600  0.1100  0.0300
  0.4900  0.0600  0.0000  0.1400  0.0200  0.2900
  0.1400  0.0000  0.0700  0.0100  0.0100  0.7700
  0.0300  0.5800  0.1800  0.0400  0.1000  0.0700
  0.0000  0.3100  0.0100  0.0200  0.1500  0.5100
  0.2500  0.0100  0.0100  0.0400  0.1300  0.5600
  0.2900  0.4500  0.0600  0.0800  0.1200  0.0000
  0.0200  0.0100  0.1600  0.0100  0.5000  0.3000
  0.0200  0.2400  0.0000  0.0300  0.2600  0.4500
  0.0000  0.0100  0.0000  0.0100  0.2700  0.7100
  0.0900  0.0200  0.0000  0.0600  0.4000  0.4300
  0.0000  0.1600  0.0000  0.0000  0.2500  0.5900
  0.3200  0.0900  0.0200  0.0100  0.0100  0.5500
  0.0000  0.0800  0.1300  0.0000  0.1100  0.6800
  0.3900  0.0100  0.0300  0.0000  0.0000  0.5700
  0.2600  0.1800  0.0200  0.0100  0.0100  0.5200
  0.2000  0.1600  0.0000  0.0000  0.0000  0.6400
  0.5100  0.3100  0.0700  0.0100  0.0100  0.0900
  0.1400  0.1700  0.0200  0.0000  0.0000  0.6700
  0.0000  0.0300  0.0200  0.2100  0.3200  0.4200
  0.5700  0.0000  0.1100  0.0100  0.1000  0.2100
  0.5100  0.2500  0.1000  0.0200  0.1200  0.0000
  0.5100  0.0100  0.0700  0.0200  0.1100  0.2800
  0.0000  0.0000  0.0000  0.0200  0.0000  0.9800
  0.6000  0.0000  0.0300  0.0000  0.0200  0.3500
  0.3400  0.0000  0.1100  0.0100  0.0600  0.4800
  0.4400  0.1100  0.1100  0.0000  0.0600  0.2800
  0.6600  0.0000  0.0800  0.0000  0.0000  0.2600
  0.3700  0.4700  0.1000  0.0000  0.0600  0.0000
  0.4400  0.3000  0.0900  0.0400  0.1300  0.0000
  0.2700  0.6100  0.1200  0.0000  0.0000  0.0000
  0.0100  0.0000  0.0000  0.0200  0.0800  0.8900
  0.2100  0.1100  0.0600  0.0000  0.1400  0.4800
  0.5200  0.0100  0.0100  0.0000  0.0000  0.4600
  0.0000  0.3800  0.0100  0.0000  0.0000  0.6100
  0.0000  0.3100  0.0100  0.0000  0.0000  0.6800
  0.3200  0.3400  0.0200  0.0000  0.0100  0.3100
  0.0100  0.4100  0.0000  0.0000  0.0100  0.5700
  0.0000  0.4100  0.0000  0.1300  0.0000  0.4600
  0.0000  0.1800  0.0000  0.2600  0.0100  0.5500
  0.0400  0.4500  0.0000  0.0700  0.0100  0.4300
  0.0000  0.2500  0.0000  0.2500  0.0000  0.5000
  0.3600  0.2000  0.0200  0.0800  0.0000  0.3400
  0.2100  0.0000  0.0000  0.3300  0.0100  0.4500
  0.2500  0.0000  0.0000  0.3100  0.0100  0.4300
  0.1900  0.0000  0.0000  0.3200  0.0100  0.4800
  0.0000  0.6300  0.1000  0.0000  0.0000  0.2700
  0.0000  0.6600  0.0900  0.0000  0.0000  0.2500
  0.0000  0.3300  0.1100  0.0100  0.0000  0.5500
  0.0000  0.6800  0.0900  0.0000  0.0100  0.2200
  0.3500  0.0000  0.0000  0.0100  0.0000  0.6400
  0.0100  0.0000  0.0000  0.3600  0.0000  0.6300
  0.4800  0.0000  0.0100  0.0000  0.1200  0.3900
  0.3900  0.0000  0.0000  0.0200  0.0100  0.5800
  0.4000  0.1700  0.0000  0.0000  0.1200  0.3100
  0.4400  0.2700  0.0000  0.0000  0.1700  0.1200
  0.3400  0.1400  0.0000  0.0000  0.1300  0.3900
  0.3300  0.1200  0.0000  0.0000  0.1300  0.4200

 Initial output data matrix:
      f1      f2      f3
-477.3645 -1.2974-78049.1925
-454.7535 -1.3662-68112.8155
-279.9044 -2.1133-51731.0693
-469.5247 -1.7578-77876.9026
-440.0426 -1.9634-76654.9118
-365.6047 -1.2303-62118.0243
-410.9856 -1.1190-66049.6554
-136.1656 -0.8962-22268.5639
-369.0088 -1.3142-61644.3643
-533.9811 -0.8968-68784.7611
-442.6768 -0.7257-59416.2131
-507.4257 -0.9822-66650.9629
-443.6008 -1.1184-65323.0907
-489.5899 -1.3294-72483.9913
-359.3333 -1.7335-60280.1487
-485.2462 -0.8865-66192.4108
-228.9585 -0.7284-49588.2084
-435.6576 -1.1748-60782.1527
-368.0328 -0.0378-29839.9581
-558.3333 -1.0147-72324.3305
-545.1107 -1.0090-76481.1353
-595.9865 -1.0313-80252.0073
-577.5167 -1.0272-78299.5278
-603.0115 -1.0486-79494.8772
-536.4679 -1.3385-83057.1828
-380.6202 -1.5761-63939.3838
-487.9964 -1.6929-74452.7693
-492.2164 -2.0354-77476.1977
-483.0457 -1.7036-74331.8675
-461.0062 -1.5331-68683.9650
-428.6732 -1.9582-73565.0149
-420.3458 -1.7501-70958.0370
-185.7397 -1.9998-39188.2443
-307.5914 -2.9333-68673.8814
-248.0791 -0.3369-41639.4837
-330.4220 -1.6093-58954.7196
-261.1897 -2.5356-54113.5267
-374.3907 -2.1313-72005.0906
-442.1932 -1.6426-73645.0393
-325.5454 -2.2577-65492.6760
-407.4563 -1.7142-79298.8675
-280.7768 -2.0890-55835.4428
-345.4445 -2.2639-66935.4850
-337.8766 -1.7123-65225.4544
-380.5099 -0.6146-47362.4095
-423.7886 -1.3121-68132.9194
-412.9137 -0.7221-59055.9302
-389.7163 -1.2975-60315.7332
-243.9299 -1.5816-43427.1956
-418.8166 -1.1219-61444.5239
-463.1094 -1.4660-81856.9346
-260.4919 -1.9421-59060.6871
-461.1271 -1.5697-75813.0466
-434.9195 -1.9723-80545.7853
-411.2741 -1.7072-85333.3874
-593.8157 -1.0758-82484.6477
-331.6431 -1.2261-62332.4475
-461.8788 -1.5726-80820.6379
-386.3988 -1.9098-76223.9832
-458.6168 -1.3865-78606.8274
-386.1546 -1.7969-73308.3934
-420.6757 -1.8963-83069.8760
-256.3444 -2.2542-53258.3199
-343.7864 -1.8975-72697.8828
-317.0968 -1.9236-66141.3310
-405.5608 -1.9380-81223.2023
-579.2708 -1.0437-87100.5169
-297.2664 -2.2664-61771.9743
-230.0024 -1.7750-53153.7094
-296.3126 -0.8946-60049.3899
-625.1337 -1.1253-94708.7918
-559.4404 -1.5604-98460.5528
-350.2734 -2.6724-74202.1381
-483.8073 -1.5770-91455.1658
-333.6048 -1.8340-67470.0844
-401.3639 -1.5176-75081.6898
-339.8147 -1.1731-68370.6235
-619.8270 -1.3159-92324.8900
-456.6095 -1.0320-73399.8497
-527.1160 -1.2052-80673.3135
-182.0132 -2.1459-33836.3245
-299.4935 -1.9115-62779.5207
-342.4831 -1.8084-73190.6083
-292.5484 -2.1003-64376.6034
-284.1961 -2.0337-60695.8700
-418.6794 -1.5121-75788.0791
-272.5130 -1.9527-60034.6655
-324.9663 -1.9969-65021.8788
-361.4059 -2.0913-69395.5054
-310.1195 -1.9192-61302.0228
-321.0298 -2.0199-62665.9535
-408.2643 -1.5818-76317.7672
-398.2560 -1.9114-74552.8783
-437.9660 -1.8110-79745.2693
-402.9772 -1.8842-75747.1961
-367.7646 -1.7661-65605.9795
-392.9406 -1.8913-69484.2021
-317.1051 -2.1952-63761.7220
-355.6015 -1.8014-64450.3268
-438.2688 -2.1205-87348.6010
-334.7339 -2.0407-65124.3183
-514.0293 -1.5443-93643.6527
-526.1093 -1.9176-98663.7705
-555.0826 -1.4101-91162.3449
-653.9760 -1.1215-96005.8355
-613.3157 -1.3545-102903.8092
-574.5688 -1.4762-99854.6710

 ¯¯¯¯¯¯¯¯¯¯¯¯¯¯¯¯¯¯¯¯¯¯¯¯¯¯¯¯¯¯¯¯¯¯¯¯¯¯¯¯¯¯¯¯¯¯¯¯¯¯¯¯¯¯¯¯¯¯¯¯¯¯¯¯¯¯¯¯¯¯¯¯¯¯¯¯¯¯¯¯¯¯¯¯¯¯¯¯¯¯¯¯¯¯¯¯¯¯¯¯¯¯
 Algorithm iteration 1 

 Predicted hypervolume improvement:    1.7526
 Time taken:   38.9436 

 Proposed evaluation point(s): 
      x1      x2      x3      x4      x5      x6
  0.3300  0.0000  0.0000  0.0000  0.2000  0.4700
  0.3200  0.0000  0.0000  0.0000  0.1700  0.5100
  0.3700  0.0100  0.0000  0.0000  0.2000  0.4200
  0.3600  0.1000  0.0000  0.0000  0.2200  0.3200

 Corresponding observation(s): 
      f1      f2      f3
-573.1508 -1.5964-104928.3526
-543.0840 -1.7060-103262.6619
-591.6822 -1.4722-105199.1836
-628.3335 -1.2321-101735.3705

 ¯¯¯¯¯¯¯¯¯¯¯¯¯¯¯¯¯¯¯¯¯¯¯¯¯¯¯¯¯¯¯¯¯¯¯¯¯¯¯¯¯¯¯¯¯¯¯¯¯¯¯¯¯¯¯¯¯¯¯¯¯¯¯¯¯¯¯¯¯¯¯¯¯¯¯¯¯¯¯¯¯¯¯¯¯¯¯¯¯¯¯¯¯¯¯¯¯¯¯¯¯¯
 Final algorithm output 

 Final input data matrix:
        x1        x2        x3        x4        x5        x6
    0.3200    0.1300    0.0500    0.2100    0.0400    0.2500
    0.0000    0.1800    0.2100    0.2800    0.2000    0.1300
    0.0000    0.0200    0.3800    0.0400    0.2900    0.2700
    0.1900    0.3000    0.1000    0.0600    0.0700    0.2800
    0.0800    0.1600    0.1400    0.0400    0.1900    0.3900
    0.3400    0.0600    0.2300    0.1600    0.1900    0.0200
    0.1400    0.1000    0.0700    0.2000    0.2700    0.2200
    0.0700    0.0700    0.3200    0.2100    0.0300    0.3000
    0.0200    0.0100    0.2700    0.1300    0.4900    0.0800
    0.0900    0.3200    0.0300    0.1300    0.3700    0.0600
    0.0800    0.2100    0.0200    0.0000    0.6100    0.0800
    0.0900    0.3200    0.0400    0.2100    0.1700    0.1700
    0.1400    0.3000    0.0700    0.1000    0.2500    0.1400
    0.0400    0.1700    0.0700    0.2200    0.2400    0.2600
    0.1700    0.1500    0.2800    0.2900    0.0000    0.1100
    0.1000    0.1400    0.1400    0.2600    0.2700    0.0900
    1.0000    0.0000    0.0000    0.0000    0.0000    0.0000
    0.0000    1.0000    0.0000    0.0000    0.0000    0.0000
    0.0000    0.0000    0.0000    1.0000    0.0000    0.0000
    0.6000    0.4000    0.0000    0.0000    0.0000    0.0000
    0.5500    0.4500    0.0000    0.0000    0.0000    0.0000
    0.5000    0.5000    0.0000    0.0000    0.0000    0.0000
    0.4500    0.5500    0.0000    0.0000    0.0000    0.0000
    0.4000    0.6000    0.0000    0.0000    0.0000    0.0000
    0.2700    0.4400    0.0900    0.0400    0.0800    0.0800
    0.0400    0.1900    0.3600    0.2000    0.1200    0.0900
    0.0000    0.5900    0.0000    0.0800    0.0800    0.2500
    0.0000    0.3900    0.1300    0.0700    0.0300    0.3800
    0.0100    0.5100    0.0000    0.1000    0.0200    0.3600
    0.0100    0.6200    0.0100    0.0300    0.1000    0.2300
    0.0600    0.3000    0.4100    0.0100    0.0100    0.2100
    0.0800    0.3200    0.5000    0.0700    0.0200    0.0100
    0.1500    0.2800    0.2500    0.0100    0.0600    0.2500
    0.0000    0.0000    0.0000    0.0000    0.0000    1.0000
    0.0000    0.0000    0.0000    0.0000    1.0000    0.0000
    0.0200    0.1100    0.0000    0.5000    0.0300    0.3400
    0.0100    0.1900    0.0000    0.0000    0.0000    0.8000
    0.0100    0.3900    0.0000    0.0200    0.0100    0.5700
    0.1800    0.1200    0.0000    0.3600    0.0000    0.3400
    0.0100    0.0000    0.1300    0.2500    0.0000    0.6100
    0.3200    0.0000    0.1200    0.0100    0.0000    0.5500
    0.0100    0.1500    0.1000    0.2100    0.0000    0.5300
    0.0100    0.0000    0.1500    0.2500    0.0000    0.5900
    0.1500    0.4500    0.0400    0.0300    0.0100    0.3200
    0.0500    0.3200    0.0000    0.5700    0.0600    0.0000
    0.3100    0.5200    0.0000    0.0800    0.0200    0.0700
    0.1500    0.0400    0.1300    0.6700    0.0100    0.0000
    0.0000    0.2100    0.2000    0.5800    0.0100    0.0000
    0.0000    0.0100    0.2800    0.6700    0.0100    0.0300
    0.0100    0.2800    0.1100    0.4600    0.1100    0.0300
    0.4900    0.0600    0.0000    0.1400    0.0200    0.2900
    0.1400    0.0000    0.0700    0.0100    0.0100    0.7700
    0.0300    0.5800    0.1800    0.0400    0.1000    0.0700
    0.0000    0.3100    0.0100    0.0200    0.1500    0.5100
    0.2500    0.0100    0.0100    0.0400    0.1300    0.5600
    0.2900    0.4500    0.0600    0.0800    0.1200    0.0000
    0.0200    0.0100    0.1600    0.0100    0.5000    0.3000
    0.0200    0.2400    0.0000    0.0300    0.2600    0.4500
    0.0000    0.0100    0.0000    0.0100    0.2700    0.7100
    0.0900    0.0200    0.0000    0.0600    0.4000    0.4300
    0.0000    0.1600    0.0000    0.0000    0.2500    0.5900
    0.3200    0.0900    0.0200    0.0100    0.0100    0.5500
    0.0000    0.0800    0.1300    0.0000    0.1100    0.6800
    0.3900    0.0100    0.0300    0.0000    0.0000    0.5700
    0.2600    0.1800    0.0200    0.0100    0.0100    0.5200
    0.2000    0.1600    0.0000    0.0000    0.0000    0.6400
    0.5100    0.3100    0.0700    0.0100    0.0100    0.0900
    0.1400    0.1700    0.0200    0.0000    0.0000    0.6700
    0.0000    0.0300    0.0200    0.2100    0.3200    0.4200
    0.5700    0.0000    0.1100    0.0100    0.1000    0.2100
    0.5100    0.2500    0.1000    0.0200    0.1200    0.0000
    0.5100    0.0100    0.0700    0.0200    0.1100    0.2800
    0.0000    0.0000    0.0000    0.0200    0.0000    0.9800
    0.6000    0.0000    0.0300    0.0000    0.0200    0.3500
    0.3400    0.0000    0.1100    0.0100    0.0600    0.4800
    0.4400    0.1100    0.1100    0.0000    0.0600    0.2800
    0.6600    0.0000    0.0800    0.0000    0.0000    0.2600
    0.3700    0.4700    0.1000    0.0000    0.0600    0.0000
    0.4400    0.3000    0.0900    0.0400    0.1300    0.0000
    0.2700    0.6100    0.1200    0.0000    0.0000    0.0000
    0.0100    0.0000    0.0000    0.0200    0.0800    0.8900
    0.2100    0.1100    0.0600    0.0000    0.1400    0.4800
    0.5200    0.0100    0.0100    0.0000    0.0000    0.4600
    0.0000    0.3800    0.0100    0.0000    0.0000    0.6100
    0.0000    0.3100    0.0100    0.0000    0.0000    0.6800
    0.3200    0.3400    0.0200    0.0000    0.0100    0.3100
    0.0100    0.4100    0.0000    0.0000    0.0100    0.5700
    0.0000    0.4100    0.0000    0.1300    0.0000    0.4600
    0.0000    0.1800    0.0000    0.2600    0.0100    0.5500
    0.0400    0.4500    0.0000    0.0700    0.0100    0.4300
    0.0000    0.2500    0.0000    0.2500    0.0000    0.5000
    0.3600    0.2000    0.0200    0.0800    0.0000    0.3400
    0.2100    0.0000    0.0000    0.3300    0.0100    0.4500
    0.2500    0.0000    0.0000    0.3100    0.0100    0.4300
    0.1900    0.0000    0.0000    0.3200    0.0100    0.4800
    0.0000    0.6300    0.1000    0.0000    0.0000    0.2700
    0.0000    0.6600    0.0900    0.0000    0.0000    0.2500
    0.0000    0.3300    0.1100    0.0100    0.0000    0.5500
    0.0000    0.6800    0.0900    0.0000    0.0100    0.2200
    0.3500    0.0000    0.0000    0.0100    0.0000    0.6400
    0.0100    0.0000    0.0000    0.3600    0.0000    0.6300
    0.4800    0.0000    0.0100    0.0000    0.1200    0.3900
    0.3900    0.0000    0.0000    0.0200    0.0100    0.5800
    0.4000    0.1700    0.0000    0.0000    0.1200    0.3100
    0.4400    0.2700    0.0000    0.0000    0.1700    0.1200
    0.3400    0.1400    0.0000    0.0000    0.1300    0.3900
    0.3300    0.1200    0.0000    0.0000    0.1300    0.4200
    0.3300    0.0000    0.0000    0.0000    0.2000    0.4700
    0.3200    0.0000    0.0000    0.0000    0.1700    0.5100
    0.3700    0.0100    0.0000    0.0000    0.2000    0.4200
    0.3600    0.1000    0.0000    0.0000    0.2200    0.3200

 Final output data matrix:
        f1        f2        f3
 -477.3645   -1.2974-78049.1925
 -454.7535   -1.3662-68112.8155
 -279.9044   -2.1133-51731.0693
 -469.5247   -1.7578-77876.9026
 -440.0426   -1.9634-76654.9118
 -365.6047   -1.2303-62118.0243
 -410.9856   -1.1190-66049.6554
 -136.1656   -0.8962-22268.5639
 -369.0088   -1.3142-61644.3643
 -533.9811   -0.8968-68784.7611
 -442.6768   -0.7257-59416.2131
 -507.4257   -0.9822-66650.9629
 -443.6008   -1.1184-65323.0907
 -489.5899   -1.3294-72483.9913
 -359.3333   -1.7335-60280.1487
 -485.2462   -0.8865-66192.4108
 -228.9585   -0.7284-49588.2084
 -435.6576   -1.1748-60782.1527
 -368.0328   -0.0378-29839.9581
 -558.3333   -1.0147-72324.3305
 -545.1107   -1.0090-76481.1353
 -595.9865   -1.0313-80252.0073
 -577.5167   -1.0272-78299.5278
 -603.0115   -1.0486-79494.8772
 -536.4679   -1.3385-83057.1828
 -380.6202   -1.5761-63939.3838
 -487.9964   -1.6929-74452.7693
 -492.2164   -2.0354-77476.1977
 -483.0457   -1.7036-74331.8675
 -461.0062   -1.5331-68683.9650
 -428.6732   -1.9582-73565.0149
 -420.3458   -1.7501-70958.0370
 -185.7397   -1.9998-39188.2443
 -307.5914   -2.9333-68673.8814
 -248.0791   -0.3369-41639.4837
 -330.4220   -1.6093-58954.7196
 -261.1897   -2.5356-54113.5267
 -374.3907   -2.1313-72005.0906
 -442.1932   -1.6426-73645.0393
 -325.5454   -2.2577-65492.6760
 -407.4563   -1.7142-79298.8675
 -280.7768   -2.0890-55835.4428
 -345.4445   -2.2639-66935.4850
 -337.8766   -1.7123-65225.4544
 -380.5099   -0.6146-47362.4095
 -423.7886   -1.3121-68132.9194
 -412.9137   -0.7221-59055.9302
 -389.7163   -1.2975-60315.7332
 -243.9299   -1.5816-43427.1956
 -418.8166   -1.1219-61444.5239
 -463.1094   -1.4660-81856.9346
 -260.4919   -1.9421-59060.6871
 -461.1271   -1.5697-75813.0466
 -434.9195   -1.9723-80545.7853
 -411.2741   -1.7072-85333.3874
 -593.8157   -1.0758-82484.6477
 -331.6431   -1.2261-62332.4475
 -461.8788   -1.5726-80820.6379
 -386.3988   -1.9098-76223.9832
 -458.6168   -1.3865-78606.8274
 -386.1546   -1.7969-73308.3934
 -420.6757   -1.8963-83069.8760
 -256.3444   -2.2542-53258.3199
 -343.7864   -1.8975-72697.8828
 -317.0968   -1.9236-66141.3310
 -405.5608   -1.9380-81223.2023
 -579.2708   -1.0437-87100.5169
 -297.2664   -2.2664-61771.9743
 -230.0024   -1.7750-53153.7094
 -296.3126   -0.8946-60049.3899
 -625.1337   -1.1253-94708.7918
 -559.4404   -1.5604-98460.5528
 -350.2734   -2.6724-74202.1381
 -483.8073   -1.5770-91455.1658
 -333.6048   -1.8340-67470.0844
 -401.3639   -1.5176-75081.6898
 -339.8147   -1.1731-68370.6235
 -619.8270   -1.3159-92324.8900
 -456.6095   -1.0320-73399.8497
 -527.1160   -1.2052-80673.3135
 -182.0132   -2.1459-33836.3245
 -299.4935   -1.9115-62779.5207
 -342.4831   -1.8084-73190.6083
 -292.5484   -2.1003-64376.6034
 -284.1961   -2.0337-60695.8700
 -418.6794   -1.5121-75788.0791
 -272.5130   -1.9527-60034.6655
 -324.9663   -1.9969-65021.8788
 -361.4059   -2.0913-69395.5054
 -310.1195   -1.9192-61302.0228
 -321.0298   -2.0199-62665.9535
 -408.2643   -1.5818-76317.7672
 -398.2560   -1.9114-74552.8783
 -437.9660   -1.8110-79745.2693
 -402.9772   -1.8842-75747.1961
 -367.7646   -1.7661-65605.9795
 -392.9406   -1.8913-69484.2021
 -317.1051   -2.1952-63761.7220
 -355.6015   -1.8014-64450.3268
 -438.2688   -2.1205-87348.6010
 -334.7339   -2.0407-65124.3183
 -514.0293   -1.5443-93643.6527
 -526.1093   -1.9176-98663.7705
 -555.0826   -1.4101-91162.3449
 -653.9760   -1.1215-96005.8355
 -613.3157   -1.3545-102903.8092
 -574.5688   -1.4762-99854.6710
 -573.1508   -1.5964-104928.3526
 -543.0840   -1.7060-103262.6619
 -591.6822   -1.4722-105199.1836
 -628.3335   -1.2321-101735.3705

 Input data matrix of corresponding Pareto front:
        x1        x2        x3        x4        x5        x6
    0.0000    0.3900    0.1300    0.0700    0.0300    0.3800
    0.0000    0.0000    0.0000    0.0000    0.0000    1.0000
    0.0100    0.3900    0.0000    0.0200    0.0100    0.5700
    0.5100    0.2500    0.1000    0.0200    0.1200    0.0000
    0.5100    0.0100    0.0700    0.0200    0.1100    0.2800
    0.0000    0.0000    0.0000    0.0200    0.0000    0.9800
    0.3700    0.4700    0.1000    0.0000    0.0600    0.0000
    0.3500    0.0000    0.0000    0.0100    0.0000    0.6400
    0.3900    0.0000    0.0000    0.0200    0.0100    0.5800
    0.4400    0.2700    0.0000    0.0000    0.1700    0.1200
    0.3400    0.1400    0.0000    0.0000    0.1300    0.3900
    0.3300    0.1200    0.0000    0.0000    0.1300    0.4200

 Output data matrix of corresponding Pareto front:
        f1        f2        f3
 -492.2164   -2.0354-77476.1977
 -307.5914   -2.9333-68673.8814
 -374.3907   -2.1313-72005.0906
 -625.1337   -1.1253-94708.7918
 -559.4404   -1.5604-98460.5528
 -350.2734   -2.6724-74202.1381
 -619.8270   -1.3159-92324.8900
 -438.2688   -2.1205-87348.6010
 -526.1093   -1.9176-98663.7705
 -653.9760   -1.1215-96005.8355
 -613.3157   -1.3545-102903.8092
 -574.5688   -1.4762-99854.6710

 Input data matrix of Pareto front of final Gaussian process model:
        x1        x2        x3        x4        x5        x6
    0.4058    0.0000    0.0000    0.0000    0.2353    0.3588
    0.4330    0.3200    0.0001    0.0026    0.2425    0.0017
    0.0000    0.0004    0.0000    0.0000    0.0004    0.9992
    0.0531    0.0045    0.0000    0.0003    0.0003    0.9418
    0.4208    0.3388    0.0003    0.0026    0.2357    0.0017
    0.3202    0.0013    0.0001    0.0000    0.1003    0.5779
    0.2920    0.0004    0.0000    0.0000    0.0005    0.7071
    0.3643    0.0010    0.0000    0.0056    0.1131    0.5159
    0.3354    0.0011    0.0000    0.0000    0.0295    0.6340
    0.3787    0.0024    0.0000    0.0005    0.1941    0.4243
    0.0946    0.0008    0.0000    0.0017    0.0003    0.9026
    0.1425    0.0000    0.0000    0.0000    0.0001    0.8573
    0.3570    0.0006    0.0001    0.0000    0.0073    0.6350
    0.1945    0.0011    0.0000    0.0020    0.0004    0.8021
    0.3317    0.0011    0.0108    0.0000    0.1466    0.4991
    0.2303    0.0038    0.0000    0.0002    0.0003    0.7654
    0.4247    0.3060    0.0001    0.0025    0.2319    0.0347
    0.3450    0.0004    0.0000    0.0000    0.0285    0.6261
    0.1893    0.0009    0.0000    0.0006    0.0004    0.8089
    0.3708    0.0006    0.0000    0.0000    0.2146    0.4139
    0.2654    0.0081    0.0000    0.0000    0.0010    0.7255
    0.2465    0.0007    0.0000    0.0000    0.0010    0.7517
    0.3593    0.0000    0.0001    0.0007    0.2045    0.4354
    0.1057    0.0008    0.0000    0.0000    0.0003    0.8932
    0.3336    0.0002    0.0000    0.0000    0.0980    0.5681
    0.3777    0.2077    0.0000    0.0013    0.1780    0.2353
    0.2338    0.0004    0.0000    0.0000    0.0006    0.7652
    0.3809    0.0009    0.0000    0.0012    0.2152    0.4017
    0.4083    0.0006    0.0000    0.0000    0.2018    0.3893
    0.3523    0.0025    0.0018    0.0000    0.1176    0.5240
    0.3257    0.0004    0.0000    0.0000    0.0348    0.6391
    0.2630    0.0064    0.0000    0.0000    0.0002    0.7304
    0.3562    0.0000    0.0000    0.0000    0.0704    0.5734
    0.0327    0.0000    0.0000    0.0000    0.0001    0.9672
    0.2970    0.0000    0.0000    0.0007    0.0009    0.7013
    0.2259    0.0009    0.0000    0.0005    0.0004    0.7723
    0.2019    0.0005    0.0000    0.0000    0.0003    0.7973
    0.2229    0.0000    0.0000    0.0001    0.0003    0.7766
    0.2266    0.1076    0.0000    0.0000    0.0004    0.6654
    0.3422    0.0000    0.0000    0.0013    0.1930    0.4633
    0.1509    0.0007    0.0001    0.0018    0.0003    0.8461
    0.0873    0.0000    0.0000    0.0000    0.0003    0.9123
    0.3163    0.0000    0.0003    0.0003    0.0669    0.6160
    0.2656    0.0355    0.0000    0.0002    0.0007    0.6980
    0.2064    0.0004    0.0000    0.0000    0.0006    0.7926
    0.3715    0.0010    0.0000    0.0000    0.2071    0.4204
    0.4108    0.0007    0.0000    0.0016    0.2193    0.3676
    0.3346    0.0013    0.0000    0.0016    0.0006    0.6620
    0.3002    0.0086    0.0000    0.0000    0.0009    0.6903
    0.3595    0.0036    0.0000    0.0013    0.0291    0.6065
    0.4135    0.1500    0.0000    0.0031    0.2541    0.1794
    0.3966    0.2354    0.0001    0.0048    0.1812    0.1818
    0.0144    0.0006    0.0000    0.0001    0.0002    0.9847
    0.3568    0.0012    0.0000    0.0000    0.1576    0.4844
    0.3495    0.0005    0.0000    0.0000    0.1773    0.4727
    0.4064    0.1186    0.0000    0.0019    0.1953    0.2778
    0.3754    0.1641    0.0000    0.0000    0.2201    0.2404
    0.0471    0.0000    0.0000    0.0000    0.0001    0.9527
    0.3551    0.0004    0.0000    0.0000    0.0006    0.6439
    0.3754    0.0000    0.0000    0.0004    0.1835    0.4406
    0.3153    0.0000    0.0003    0.0003    0.0698    0.6141
    0.4583    0.1329    0.0002    0.0034    0.2063    0.1988
    0.1982    0.0013    0.0000    0.0003    0.0006    0.7997
    0.3319    0.0004    0.0000    0.0000    0.0652    0.6025
    0.3228    0.0006    0.0000    0.0000    0.0009    0.6756
    0.2113    0.0011    0.0000    0.0006    0.0004    0.7866
    0.3287    0.0022    0.0000    0.0004    0.0167    0.6519
    0.2554    0.0742    0.0000    0.0004    0.0003    0.6697
    0.2599    0.0000    0.0000    0.0040    0.0002    0.7359
    0.3254    0.0075    0.0000    0.0000    0.0005    0.6666
    0.3973    0.1496    0.0000    0.0014    0.2042    0.2476
    0.2138    0.0010    0.0000    0.0005    0.0004    0.7843
    0.3440    0.0000    0.0000    0.0013    0.1747    0.4800
    0.2918    0.0182    0.0000    0.0000    0.0009    0.6891
    0.3565    0.0000    0.0000    0.0030    0.1772    0.4633
    0.3775    0.2734    0.0002    0.0042    0.2141    0.1303
    0.3793    0.0000    0.0000    0.0011    0.1277    0.4919
    0.4008    0.0010    0.0000    0.0128    0.0859    0.4995
    0.3195    0.0010    0.0000    0.0000    0.1171    0.5623
    0.1537    0.0006    0.0000    0.0000    0.0003    0.8455
    0.3818    0.0028    0.0000    0.0000    0.1292    0.4862
    0.3042    0.0007    0.0000    0.0004    0.1255    0.5691
    0.3266    0.0000    0.0000    0.0013    0.1461    0.5261
    0.3066    0.0088    0.0000    0.0246    0.0009    0.6591
    0.3206    0.0005    0.0000    0.0049    0.0754    0.5985
    0.3305    0.0016    0.0000    0.0000    0.0004    0.6675
    0.3537    0.1360    0.0000    0.0128    0.1988    0.2987
    0.2178    0.0004    0.0000    0.0000    0.0006    0.7812
    0.2839    0.0006    0.0000    0.0030    0.0005    0.7120
    0.3368    0.0035    0.0000    0.0000    0.0725    0.5872
    0.0684    0.0000    0.0000    0.0000    0.0003    0.9313
    0.1833    0.0004    0.0000    0.0000    0.0004    0.8159
    0.1861    0.0018    0.0000    0.0000    0.0003    0.8118
    0.4603    0.0107    0.0000    0.0040    0.2587    0.2663
    0.1374    0.0006    0.0000    0.0000    0.0003    0.8618
    0.3556    0.0011    0.0000    0.0000    0.0290    0.6144
    0.3639    0.2635    0.0002    0.0040    0.2088    0.1593
    0.3840    0.2173    0.0001    0.0029    0.1958    0.1999
    0.3785    0.0001    0.0000    0.0017    0.2316    0.3882
    0.1223    0.0007    0.0000    0.0001    0.0002    0.8767
    0.4188    0.2214    0.0001    0.0000    0.2537    0.1058
    0.2404    0.0016    0.0000    0.0003    0.0007    0.7570
    0.3403    0.0005    0.0000    0.0000    0.0363    0.6229
    0.4185    0.1079    0.0000    0.0015    0.2125    0.2595
    0.3064    0.0012    0.0001    0.0015    0.0005    0.6902
    0.3819    0.0000    0.0000    0.0011    0.1217    0.4953
    0.0219    0.0009    0.0000    0.0000    0.0003    0.9768
    0.3442    0.0000    0.0000    0.0015    0.2130    0.4413
    0.2035    0.0142    0.0000    0.0000    0.0006    0.7817
    0.4279    0.1640    0.0000    0.0038    0.2470    0.1572
    0.3499    0.0031    0.0000    0.0000    0.0258    0.6212
    0.1799    0.0007    0.0000    0.0000    0.0003    0.8191
    0.2732    0.0025    0.0000    0.0048    0.0010    0.7186
    0.3598    0.0162    0.0000    0.0007    0.0857    0.5376
    0.1594    0.0002    0.0000    0.0000    0.0003    0.8401
    0.3087    0.0036    0.0000    0.0000    0.0003    0.6874
    0.4429    0.2311    0.0002    0.0031    0.2549    0.0678
    0.3063    0.0009    0.0000    0.0001    0.1218    0.5709
    0.1279    0.0000    0.0000    0.0000    0.0002    0.8718
    0.0602    0.0000    0.0000    0.0000    0.0002    0.9396
    0.0508    0.0010    0.0001    0.0000    0.0004    0.9478
    0.0809    0.0002    0.0000    0.0000    0.0001    0.9188
    0.0404    0.0009    0.0000    0.0000    0.0003    0.9584
    0.4199    0.3026    0.0001    0.0025    0.2293    0.0454
    0.4366    0.2507    0.0000    0.0000    0.2064    0.1062
    0.2491    0.0034    0.0000    0.0000    0.0003    0.7472
    0.2535    0.0004    0.0000    0.0000    0.0007    0.7454
    0.3342    0.0000    0.0003    0.0001    0.0587    0.6064
    0.3113    0.0003    0.0000    0.0000    0.0775    0.6109
    0.4041    0.1554    0.0000    0.0020    0.2076    0.2308
    0.0144    0.0006    0.0000    0.0001    0.0002    0.9847
    0.4381    0.0571    0.0000    0.0001    0.1883    0.3165
    0.3870    0.0037    0.0001    0.0007    0.1963    0.4121
    0.2562    0.0007    0.0000    0.0000    0.0010    0.7420
    0.1708    0.0008    0.0001    0.0029    0.0003    0.8250
    0.4206    0.2170    0.0002    0.0065    0.2170    0.1384
    0.3168    0.0012    0.0001    0.0000    0.0842    0.5976
    0.3452    0.0000    0.0000    0.0036    0.0002    0.6510
    0.3664    0.0004    0.0000    0.0000    0.1811    0.4521
    0.3954    0.0007    0.0000    0.0016    0.2251    0.3772
    0.4054    0.1890    0.0001    0.0007    0.2072    0.1975
    0.4039    0.2468    0.0002    0.0029    0.2417    0.1043
    0.1751    0.0017    0.0000    0.0000    0.0003    0.8229
    0.4111    0.2989    0.0004    0.0007    0.1880    0.1005
    0.0757    0.0000    0.0000    0.0001    0.0002    0.9239
    0.3391    0.0013    0.0001    0.0016    0.0006    0.6573
    0.2386    0.0004    0.0000    0.0000    0.0006    0.7604
    0.3607    0.0009    0.0000    0.0000    0.0003    0.6381
    0.3816    0.0013    0.0000    0.0000    0.1739    0.4432
    0.4059    0.2269    0.0000    0.0014    0.1852    0.1806
    0.4382    0.3201    0.0001    0.0026    0.2373    0.0017
    0.3045    0.0295    0.0000    0.0000    0.0004    0.6656
    0.3227    0.2241    0.0002    0.0105    0.1776    0.2648
    0.1693    0.0000    0.0000    0.0001    0.0001    0.8304
    0.4305    0.0663    0.0000    0.0020    0.2069    0.2942
    0.3701    0.0000    0.0000    0.0000    0.2277    0.4022
    0.4135    0.2258    0.0001    0.0055    0.2039    0.1511
    0.3165    0.0008    0.0000    0.0006    0.1252    0.5570
    0.3405    0.0000    0.0004    0.0004    0.0766    0.5817
    0.3420    0.0010    0.0000    0.0053    0.1061    0.5455
    0.3503    0.1298    0.0000    0.0021    0.2138    0.3040
    0.2549    0.0138    0.0000    0.0005    0.0014    0.7294
    0.4149    0.2536    0.0000    0.0021    0.2497    0.0797
    0.4146    0.0800    0.0000    0.0068    0.2383    0.2603
    0.3451    0.0034    0.0021    0.0000    0.1630    0.4843
    0.3589    0.1819    0.0001    0.0007    0.1941    0.2642
    0.2839    0.0004    0.0000    0.0030    0.0005    0.7121
    0.3526    0.0011    0.0001    0.0026    0.0509    0.5926
    0.0219    0.0009    0.0000    0.0000    0.0003    0.9768
    0.3377    0.0022    0.0000    0.0006    0.0165    0.6430
    0.3899    0.2824    0.0002    0.0043    0.2238    0.0992
    0.1165    0.0009    0.0001    0.0000    0.0004    0.8821
    0.3060    0.0166    0.0000    0.0006    0.0008    0.6760
    0.2741    0.0066    0.0000    0.0000    0.0002    0.7190
    0.3457    0.0000    0.0000    0.0016    0.1557    0.4970
    0.3348    0.0039    0.0000    0.0006    0.0788    0.5819
    0.1136    0.0008    0.0000    0.0000    0.0005    0.8851
    0.4267    0.0831    0.0000    0.0037    0.2398    0.2468
    0.0380    0.0009    0.0000    0.0000    0.0003    0.9607
    0.4177    0.0000    0.0001    0.0018    0.2074    0.3730
    0.2511    0.0006    0.0000    0.0000    0.0009    0.7473
    0.2247    0.0006    0.0000    0.0001    0.0003    0.7743
    0.3478    0.0000    0.0000    0.0007    0.1980    0.4534
    0.2174    0.0006    0.0000    0.0000    0.0003    0.7817
    0.3755    0.1974    0.0000    0.0000    0.1667    0.2604
    0.1772    0.0002    0.0000    0.0000    0.0004    0.8221
    0.3152    0.2423    0.0008    0.0012    0.1767    0.2629
    0.2404    0.0016    0.0000    0.0002    0.0007    0.7571
    0.4033    0.1507    0.0000    0.0019    0.1659    0.2781
    0.4409    0.1894    0.0000    0.0097    0.2479    0.1121
    0.0350    0.0000    0.0000    0.0000    0.0001    0.9648
    0.3477    0.0002    0.0000    0.0000    0.0600    0.5920
    0.3992    0.0000    0.0000    0.0000    0.2172    0.3836
    0.3692    0.0000    0.0000    0.0113    0.1205    0.4989
    0.3012    0.0000    0.0001    0.0006    0.1436    0.5544
    0.3299    0.0000    0.0000    0.0034    0.0447    0.6220
    0.3324    0.0036    0.0000    0.0006    0.0740    0.5894
    0.1655    0.0009    0.0000    0.0002    0.0003    0.8330
    0.3603    0.0000    0.0000    0.0350    0.1176    0.4870
    0.2382    0.0012    0.0000    0.0002    0.0005    0.7597

 Output data matrix of Pareto front of final Gaussian process model:
        f1        f2        f3
 -600.5912   -1.2989-103740.2808
 -661.0696   -0.8519-90270.2809
 -297.5890   -2.8012-64108.6155
 -300.4472   -2.5362-62530.9628
 -660.7658   -0.8698-89891.7718
 -480.2339   -1.8014-95237.5545
 -402.2508   -2.0519-80375.5181
 -515.3645   -1.7133-98866.5142
 -438.7643   -1.9575-88178.9042
 -576.2075   -1.5232-103235.1981
 -309.3739   -2.3865-62762.4641
 -325.9326   -2.3018-64626.9573
 -434.9991   -1.9737-87366.4967
 -350.1657   -2.2292-68855.1842
 -502.6175   -1.7378-95069.4088
 -369.1984   -2.1561-72928.8204
 -660.4412   -0.9268-91408.1519
 -442.4499   -1.9451-88824.4950
 -347.4499   -2.2405-68297.4008
 -582.0876   -1.4767-103443.5635
 -389.1218   -2.0817-77606.7093
 -378.1140   -2.1240-74824.1859
 -572.4818   -1.5463-103112.2302
 -312.6780   -2.3621-63060.4801
 -486.3362   -1.7832-96023.5720
 -623.0130   -1.2357-97448.8357
 -371.0165   -2.1525-73215.2300
 -586.4707   -1.4382-103538.0499
 -588.5729   -1.4078-103478.5258
 -509.3260   -1.7222-98096.0870
 -437.0495   -1.9611-87871.6408
 -387.3587   -2.0888-77137.7201
 -476.5371   -1.8114-94336.8622
 -298.6773   -2.6530-63152.7540
 -405.0607   -2.0455-81026.0739
 -366.7281   -2.1685-72298.1901
 -353.8808   -2.2196-69560.2893
 -364.9287   -2.1771-71876.2524
 -378.0673   -2.0764-78176.3233
 -558.4076   -1.6112-102489.1780
 -329.2753   -2.2895-65107.5599
 -307.5976   -2.4150-62740.3959
 -452.4980   -1.9013-90778.9486
 -392.0237   -2.0657-79188.8430
 -356.2395   -2.2103-70038.7599
 -579.2235   -1.5018-103387.5735
 -596.7413   -1.3329-103632.7476
 -422.8123   -2.0119-84992.6342
 -407.5073   -2.0403-81827.8071
 -449.6923   -1.9097-90017.5960
 -643.6128   -0.9952-97930.1477
 -636.3931   -1.1216-95650.1787
 -297.6485   -2.7372-63607.2633
 -544.2151   -1.6592-101747.1413
 -553.1168   -1.6339-102340.6961
 -618.0942   -1.2501-100703.2744
 -629.5195   -1.1873-99102.3387
 -300.1188   -2.5829-62867.3817
 -430.7106   -1.9905-86534.2468
 -568.5384   -1.5739-103012.0858
 -453.9506   -1.8957-91040.5902
 -632.4485   -1.0626-98452.5617
 -351.9850   -2.2246-69198.6205
 -460.6143   -1.8751-92107.5194
 -417.4496   -2.0228-83804.5915
 -358.8776   -2.1992-70618.1381
 -428.4111   -1.9907-86171.9414
 -390.8500   -2.0619-80026.4466
 -385.5877   -2.0948-76613.0156
 -419.3097   -2.0192-84368.9697
 -627.3033   -1.2067-99684.8135
 -360.2284   -2.1942-70900.0095
 -548.7546   -1.6441-102065.0462
 -404.3732   -2.0454-81409.8996
 -556.9944   -1.6233-102451.9345
 -648.0501   -1.0713-93615.4423
 -532.0838   -1.6858-100358.2238
 -508.1830   -1.7253-96758.0195
 -492.9904   -1.7605-97006.1126
 -330.6152   -2.2887-65321.0702
 -534.7404   -1.6804-100471.4810
 -489.3865   -1.7670-96577.7827
 -519.2920   -1.6962-99883.4995
 -414.2138   -2.0239-83757.5506
 -462.5668   -1.8626-92491.7803
 -420.8009   -2.0166-84548.0673
 -607.4292   -1.2810-99621.2074
 -362.3066   -2.1869-71315.7142
 -398.4780   -2.0589-79589.5397
 -469.2327   -1.8394-93435.9260
 -303.4334   -2.4858-62659.0850
 -344.4197   -2.2509-67704.9628
 -345.8362   -2.2461-67999.9084
 -615.9622   -1.1523-102138.3206
 -323.8357   -2.3078-64328.2476
 -447.3991   -1.9236-89654.9744
 -641.2338   -1.0924-94261.4583
 -635.3335   -1.1388-96729.5520
 -591.4779   -1.3832-103534.2633
 -318.1792   -2.3294-63618.6397
 -655.0339   -0.9804-94549.3929
 -374.7348   -2.1360-74096.0866
 -445.2091   -1.9342-89357.3238
 -624.8119   -1.2034-100888.8079
 -409.7128   -2.0364-82142.3875
 -528.3853   -1.6921-99944.7169
 -297.8640   -2.7006-63356.6518
 -569.1653   -1.5547-102779.7607
 -355.3621   -2.2007-70223.1633
 -646.9582   -0.9731-97091.9829
 -443.3693   -1.9396-88983.2134
 -342.7513   -2.2559-67399.5875
 -393.4099   -2.0692-78528.0273
 -494.0704   -1.7506-96212.4148
 -333.1517   -2.2821-65722.8284
 -410.9094   -2.0349-82440.6096
 -656.9316   -0.9327-93363.3928
 -487.8641   -1.7729-96375.0890
 -320.2582   -2.3212-63876.6536
 -301.9943   -2.5221-62713.8891
 -300.3532   -2.5599-62722.6426
 -306.0614   -2.4375-62692.8915
 -299.2527   -2.6112-62922.3532
 -659.8977   -0.9556-91706.1297
 -653.0396   -1.0357-94071.2346
 -379.5179   -2.1174-75233.3417
 -381.7960   -2.1112-75654.7847
 -456.6278   -1.8881-91390.0863
 -457.5254   -1.8837-91702.1805
 -631.7601   -1.1667-99256.2974
 -297.6485   -2.7372-63607.2633
 -603.3130   -1.2734-101764.0193
 -580.5632   -1.4854-103273.0241
 -383.4031   -2.1048-76034.4041
 -338.3378   -2.2644-66626.5444
