
 TSEMO log file created on 11-Aug-2020 

 This file shows the initial specifications of TSEMO and logs the output.
 ¯¯¯¯¯¯¯¯¯¯¯¯¯¯¯¯¯¯¯¯¯¯¯¯¯¯¯¯¯¯¯¯¯¯¯¯¯¯¯¯¯¯¯¯¯¯¯¯¯¯¯¯¯¯¯¯¯¯¯¯¯¯¯¯¯¯¯¯¯¯¯¯¯¯¯¯¯¯¯¯¯¯¯¯¯¯¯¯¯¯¯¯¯¯¯¯¯¯¯¯¯¯
 License information 

 BSD 2-Clause License 

 Copyright (c) 2017, Eric Bradford, Artur M. Schweidtmann and Alexei Lapkin
 All rights reserved. 

 Redistribution and use in source and binary forms, with or without
 modification, are permitted provided that the following conditions are met: 

 *Redistributions of source code must retain the above copyright notice, this   
  list of conditions and the following disclaimer. 

 *Redistributions in binary form must reproduce the above copyright notice,   
  this list of conditions and the following disclaimer in the documentation   
  and/or other materials provided with the distribution. 

 Modified by Mina Konakovic Lukovic 2019. 

 ¯¯¯¯¯¯¯¯¯¯¯¯¯¯¯¯¯¯¯¯¯¯¯¯¯¯¯¯¯¯¯¯¯¯¯¯¯¯¯¯¯¯¯¯¯¯¯¯¯¯¯¯¯¯¯¯¯¯¯¯¯¯¯¯¯¯¯¯¯¯¯¯¯¯¯¯¯¯¯¯¯¯¯¯¯¯¯¯¯¯¯¯¯¯¯¯¯¯¯¯¯¯
 Problem specifications 

 Number of inputs:   6
 Number of outputs:  3 

 Lower bounds of decision variables:
      x1      x2      x3      x4      x5      x6
  0.0000  0.0000  0.0000  0.0000  0.0000  0.0000
 
 Upper bounds of decision variables:
      x1      x2      x3      x4      x5      x6
  1.0000  1.0000  0.5000  1.0000  1.0000  1.0000
 ¯¯¯¯¯¯¯¯¯¯¯¯¯¯¯¯¯¯¯¯¯¯¯¯¯¯¯¯¯¯¯¯¯¯¯¯¯¯¯¯¯¯¯¯¯¯¯¯¯¯¯¯¯¯¯¯¯¯¯¯¯¯¯¯¯¯¯¯¯¯¯¯¯¯¯¯¯¯¯¯¯¯¯¯¯¯¯¯¯¯¯¯¯¯¯¯¯¯¯¯¯¯
 Algorithm options 

 Maximum number of function evaluations:  4
 Sample batch size:                       4
 Number of algorithm iterations:          1 

 Genetic algorithm population size:        100
 Genetic algorithm number of generations:  100 

                                               f1      f2      f3
 Number of spectral sampling points:          100     100     100
 Type of matern function:                       5       5       5
 Direct evaluations per input dimension:      100     100     100
 ¯¯¯¯¯¯¯¯¯¯¯¯¯¯¯¯¯¯¯¯¯¯¯¯¯¯¯¯¯¯¯¯¯¯¯¯¯¯¯¯¯¯¯¯¯¯¯¯¯¯¯¯¯¯¯¯¯¯¯¯¯¯¯¯¯¯¯¯¯¯¯¯¯¯¯¯¯¯¯¯¯¯¯¯¯¯¯¯¯¯¯¯¯¯¯¯¯¯¯¯¯¯
 Initial data set 

 Number of initial data points:  36 

 Initial input data matrix:
      x1      x2      x3      x4      x5      x6
  0.0000  1.0000  0.0000  0.0000  0.0000  0.0000
  0.0000  1.0000  0.0000  0.0000  0.0000  0.0000
  0.1500  0.0000  0.0000  0.0000  0.0000  0.8500
  0.0000  1.0000  0.0000  0.0000  0.0000  0.0000
  0.0000  1.0000  0.0000  0.0000  0.0000  0.0000
  0.1500  0.0000  0.0000  0.0000  0.0000  0.8500
  0.1500  0.0000  0.0000  0.0000  0.0000  0.8500
  0.0000  1.0000  0.0000  0.0000  0.0000  0.0000
  0.0000  1.0000  0.0000  0.0000  0.0000  0.0000
  0.1500  0.0000  0.0000  0.0000  0.0000  0.8500
  0.1500  0.0000  0.0000  0.0000  0.0000  0.8500
  0.0000  1.0000  0.0000  0.0000  0.0000  0.0000
  0.0000  1.0000  0.0000  0.0000  0.0000  0.0000
  0.1500  0.0000  0.0000  0.0000  0.0000  0.8500
  0.1500  0.0000  0.0000  0.0000  0.0000  0.8500
  0.5300  0.0000  0.0000  0.0000  0.3300  0.1400
  0.2700  0.0000  0.0000  0.0000  0.1400  0.5900
  0.3000  0.0000  0.0000  0.0000  0.0900  0.6100
  0.3200  0.0100  0.0000  0.0000  0.0900  0.5800
  0.5000  0.0000  0.0000  0.0000  0.3000  0.2000
  0.5300  0.0600  0.0000  0.0000  0.3200  0.0900
  0.5300  0.0000  0.0000  0.0000  0.3300  0.1400
  0.4200  0.0000  0.0000  0.0000  0.2700  0.3100
  0.4000  0.1700  0.0000  0.0000  0.1200  0.3100
  0.4400  0.2700  0.0000  0.0000  0.1700  0.1200
  0.3400  0.1400  0.0000  0.0000  0.1300  0.3900
  0.3300  0.1200  0.0000  0.0000  0.1300  0.4200
  0.2100  0.1100  0.0600  0.0000  0.1400  0.4800
  0.5200  0.0100  0.0100  0.0000  0.0000  0.4600
  0.4200  0.0100  0.0000  0.0000  0.1400  0.4300
  0.3100  0.0000  0.0000  0.0000  0.2000  0.4900
  1.0000  0.0000  0.0000  0.0000  0.0000  0.0000
  0.0000  1.0000  0.0000  0.0000  0.0000  0.0000
  0.0000  0.0000  0.0000  1.0000  0.0000  0.0000
  0.0000  0.0000  0.0000  0.0000  1.0000  0.0000
  0.0000  0.0000  0.0000  0.0000  0.0000  1.0000

 Initial output data matrix:
      f1      f2      f3
-440.8081 -1.0692-56891.8652
-334.3741 -1.1915-50105.0669
-367.8746 -2.5101-74164.3293
-387.3122 -1.0103-50446.7589
-429.6676 -1.1423-56504.3677
-473.2097 -2.4766-87890.4858
-194.2284 -2.2812-45267.7395
-367.0573 -0.8544-47955.9208
-474.5210 -1.1564-58958.4478
-318.6608 -2.5713-66446.3367
-334.6867 -2.4638-69176.1678
-433.1773 -1.1368-58145.9550
-387.0665 -1.1863-59216.3123
-383.6778 -2.5833-82308.5965
-394.0680 -2.4407-82976.8664
-339.9279 -0.4526-56708.2433
-417.5803 -1.8886-87010.6347
-528.5041 -1.8620-98960.0423
-467.4436 -1.9425-90651.0121
-437.3172 -0.8793-74331.5142
-277.7682 -0.6237-48954.9051
-313.5545 -0.4161-57364.7707
-552.7370 -1.2779-93604.4490
-420.9971 -1.2343-74708.9830
-260.1509 -0.9288-48842.4251
-385.1056 -1.4780-71597.8531
-392.9549 -1.5300-72763.0963
-341.9076 -1.6322-77873.4913
-306.3848 -1.2062-70127.7620
-577.9359 -1.4266-103320.8731
-436.3436 -1.5193-89870.8816
-196.2915 -0.6404-45815.0557
-467.8463 -1.0817-64695.6818
-368.8754 -0.0170-29085.6741
-119.2276 -0.1224-26582.4711
-232.5076 -2.1152-66881.8081

 ¯¯¯¯¯¯¯¯¯¯¯¯¯¯¯¯¯¯¯¯¯¯¯¯¯¯¯¯¯¯¯¯¯¯¯¯¯¯¯¯¯¯¯¯¯¯¯¯¯¯¯¯¯¯¯¯¯¯¯¯¯¯¯¯¯¯¯¯¯¯¯¯¯¯¯¯¯¯¯¯¯¯¯¯¯¯¯¯¯¯¯¯¯¯¯¯¯¯¯¯¯¯
 Algorithm iteration 1 

 Predicted hypervolume improvement:    6.1993
 Time taken:    0.0007 

 Proposed evaluation point(s): 
      x1      x2      x3      x4      x5      x6
  0.3800  0.0000  0.0000  0.1400  0.0100  0.4700
  0.3700  0.0000  0.0000  0.2300  0.0100  0.3900
  0.3900  0.0000  0.0000  0.0700  0.0000  0.5400
  0.3600  0.0000  0.0000  0.0400  0.0100  0.5900

 Corresponding observation(s): 
      f1      f2      f3
-682.7800 -1.4881-92935.0005
-712.9343 -1.2240-95452.7547
-632.3168 -1.7304-89359.2296
-556.6588 -1.9073-89526.1075

 ¯¯¯¯¯¯¯¯¯¯¯¯¯¯¯¯¯¯¯¯¯¯¯¯¯¯¯¯¯¯¯¯¯¯¯¯¯¯¯¯¯¯¯¯¯¯¯¯¯¯¯¯¯¯¯¯¯¯¯¯¯¯¯¯¯¯¯¯¯¯¯¯¯¯¯¯¯¯¯¯¯¯¯¯¯¯¯¯¯¯¯¯¯¯¯¯¯¯¯¯¯¯
 Final algorithm output 

 Final input data matrix:
        x1        x2        x3        x4        x5        x6
    0.0000    1.0000    0.0000    0.0000    0.0000    0.0000
    0.0000    1.0000    0.0000    0.0000    0.0000    0.0000
    0.1500    0.0000    0.0000    0.0000    0.0000    0.8500
    0.0000    1.0000    0.0000    0.0000    0.0000    0.0000
    0.0000    1.0000    0.0000    0.0000    0.0000    0.0000
    0.1500    0.0000    0.0000    0.0000    0.0000    0.8500
    0.1500    0.0000    0.0000    0.0000    0.0000    0.8500
    0.0000    1.0000    0.0000    0.0000    0.0000    0.0000
    0.0000    1.0000    0.0000    0.0000    0.0000    0.0000
    0.1500    0.0000    0.0000    0.0000    0.0000    0.8500
    0.1500    0.0000    0.0000    0.0000    0.0000    0.8500
    0.0000    1.0000    0.0000    0.0000    0.0000    0.0000
    0.0000    1.0000    0.0000    0.0000    0.0000    0.0000
    0.1500    0.0000    0.0000    0.0000    0.0000    0.8500
    0.1500    0.0000    0.0000    0.0000    0.0000    0.8500
    0.5300    0.0000    0.0000    0.0000    0.3300    0.1400
    0.2700    0.0000    0.0000    0.0000    0.1400    0.5900
    0.3000    0.0000    0.0000    0.0000    0.0900    0.6100
    0.3200    0.0100    0.0000    0.0000    0.0900    0.5800
    0.5000    0.0000    0.0000    0.0000    0.3000    0.2000
    0.5300    0.0600    0.0000    0.0000    0.3200    0.0900
    0.5300    0.0000    0.0000    0.0000    0.3300    0.1400
    0.4200    0.0000    0.0000    0.0000    0.2700    0.3100
    0.4000    0.1700    0.0000    0.0000    0.1200    0.3100
    0.4400    0.2700    0.0000    0.0000    0.1700    0.1200
    0.3400    0.1400    0.0000    0.0000    0.1300    0.3900
    0.3300    0.1200    0.0000    0.0000    0.1300    0.4200
    0.2100    0.1100    0.0600    0.0000    0.1400    0.4800
    0.5200    0.0100    0.0100    0.0000    0.0000    0.4600
    0.4200    0.0100    0.0000    0.0000    0.1400    0.4300
    0.3100    0.0000    0.0000    0.0000    0.2000    0.4900
    1.0000    0.0000    0.0000    0.0000    0.0000    0.0000
    0.0000    1.0000    0.0000    0.0000    0.0000    0.0000
    0.0000    0.0000    0.0000    1.0000    0.0000    0.0000
    0.0000    0.0000    0.0000    0.0000    1.0000    0.0000
    0.0000    0.0000    0.0000    0.0000    0.0000    1.0000
    0.3800    0.0000    0.0000    0.1400    0.0100    0.4700
    0.3700    0.0000    0.0000    0.2300    0.0100    0.3900
    0.3900    0.0000    0.0000    0.0700    0.0000    0.5400
    0.3600    0.0000    0.0000    0.0400    0.0100    0.5900

 Final output data matrix:
        f1        f2        f3
 -440.8081   -1.0692-56891.8652
 -334.3741   -1.1915-50105.0669
 -367.8746   -2.5101-74164.3293
 -387.3122   -1.0103-50446.7589
 -429.6676   -1.1423-56504.3677
 -473.2097   -2.4766-87890.4858
 -194.2284   -2.2812-45267.7395
 -367.0573   -0.8544-47955.9208
 -474.5210   -1.1564-58958.4478
 -318.6608   -2.5713-66446.3367
 -334.6867   -2.4638-69176.1678
 -433.1773   -1.1368-58145.9550
 -387.0665   -1.1863-59216.3123
 -383.6778   -2.5833-82308.5965
 -394.0680   -2.4407-82976.8664
 -339.9279   -0.4526-56708.2433
 -417.5803   -1.8886-87010.6347
 -528.5041   -1.8620-98960.0423
 -467.4436   -1.9425-90651.0121
 -437.3172   -0.8793-74331.5142
 -277.7682   -0.6237-48954.9051
 -313.5545   -0.4161-57364.7707
 -552.7370   -1.2779-93604.4490
 -420.9971   -1.2343-74708.9830
 -260.1509   -0.9288-48842.4251
 -385.1056   -1.4780-71597.8531
 -392.9549   -1.5300-72763.0963
 -341.9076   -1.6322-77873.4913
 -306.3848   -1.2062-70127.7620
 -577.9359   -1.4266-103320.8731
 -436.3436   -1.5193-89870.8816
 -196.2915   -0.6404-45815.0557
 -467.8463   -1.0817-64695.6818
 -368.8754   -0.0170-29085.6741
 -119.2276   -0.1224-26582.4711
 -232.5076   -2.1152-66881.8081
 -682.7800   -1.4881-92935.0005
 -712.9343   -1.2240-95452.7547
 -632.3168   -1.7304-89359.2296
 -556.6588   -1.9073-89526.1075

 Input data matrix of corresponding Pareto front:
        x1        x2        x3        x4        x5        x6
    0.1500    0.0000    0.0000    0.0000    0.0000    0.8500
    0.1500    0.0000    0.0000    0.0000    0.0000    0.8500
    0.3000    0.0000    0.0000    0.0000    0.0900    0.6100
    0.3200    0.0100    0.0000    0.0000    0.0900    0.5800
    0.4200    0.0100    0.0000    0.0000    0.1400    0.4300

 Output data matrix of corresponding Pareto front:
        f1        f2        f3
 -473.2097   -2.4766-87890.4858
 -383.6778   -2.5833-82308.5965
 -528.5041   -1.8620-98960.0423
 -467.4436   -1.9425-90651.0121
 -577.9359   -1.4266-103320.8731

 Input data matrix of Pareto front of final Gaussian process model:
        x1        x2        x3        x4        x5        x6
    0.0172    0.1017    0.0000    0.0136    0.0643    0.8032
    0.3801    0.0053    0.0000    0.2206    0.0535    0.3404
    0.6289    0.1099    0.0000    0.0472    0.0617    0.1524
    0.4020    0.0026    0.0000    0.0330    0.0524    0.5100
    0.0178    0.0045    0.0000    0.4346    0.5262    0.0169
    0.0011    0.0590    0.0000    0.5523    0.3419    0.0457
    0.5782    0.1300    0.0000    0.0091    0.2647    0.0180
    0.0049    0.1312    0.0000    0.0127    0.3101    0.5411
    0.4301    0.0026    0.0000    0.0203    0.0444    0.5027
    0.6034    0.0453    0.0000    0.1016    0.0925    0.1572
    0.5989    0.1421    0.0000    0.0094    0.2403    0.0094
    0.0716    0.0342    0.0000    0.0387    0.1921    0.6633
    0.2710    0.0660    0.0000    0.0795    0.1056    0.4779
    0.7234    0.0496    0.0000    0.1127    0.0969    0.0175
    0.5721    0.0994    0.0000    0.0530    0.0963    0.1792
    0.5803    0.0063    0.0000    0.0726    0.0600    0.2808
    0.4214    0.0398    0.0000    0.1027    0.0663    0.3699
    0.0323    0.0043    0.0000    0.4144    0.5018    0.0472
    0.6342    0.0461    0.0000    0.2033    0.0857    0.0308
    0.3649    0.0024    0.0000    0.1706    0.0068    0.4552
    0.2077    0.1143    0.0000    0.3268    0.2482    0.1030
    0.1021    0.2954    0.0000    0.0113    0.0167    0.5745
    0.0154    0.0710    0.0000    0.1547    0.0658    0.6930
    0.2789    0.1225    0.0000    0.2221    0.0920    0.2846
    0.0128    0.0416    0.0000    0.2141    0.3252    0.4063
    0.0066    0.0402    0.0000    0.0000    0.1735    0.7797
    0.5073    0.0472    0.0000    0.2008    0.0965    0.1481
    0.3449    0.0249    0.0000    0.3262    0.2740    0.0300
    0.4518    0.1290    0.0000    0.0464    0.1789    0.1939
    0.6150    0.1197    0.0000    0.0416    0.1271    0.0967
    0.6429    0.0468    0.0000    0.0874    0.0868    0.1361
    0.0094    0.1998    0.0000    0.0382    0.0791    0.6736
    0.0865    0.0840    0.0000    0.0294    0.0659    0.7343
    0.4377    0.0563    0.0000    0.1804    0.0734    0.2521
    0.0056    0.0290    0.0000    0.0000    0.3517    0.6137
    0.1212    0.1391    0.0000    0.0170    0.0690    0.6537
    0.1937    0.0832    0.0000    0.0427    0.0672    0.6131
    0.0217    0.0000    0.0000    0.0974    0.2118    0.6691
    0.0003    0.1053    0.0000    0.1047    0.1635    0.6262
    0.0042    0.1114    0.0000    0.0805    0.3447    0.4592
    0.1524    0.1894    0.0000    0.2431    0.0416    0.3735
    0.0066    0.0377    0.0000    0.4947    0.4155    0.0455
    0.1148    0.4123    0.0000    0.0158    0.0233    0.4339
    0.0431    0.0367    0.0000    0.0438    0.3457    0.5307
    0.6840    0.2457    0.0000    0.0110    0.0409    0.0184
    0.0053    0.1300    0.0000    0.1909    0.6501    0.0237
    0.3582    0.0163    0.0000    0.3345    0.0805    0.2106
    0.4465    0.0316    0.0000    0.0850    0.0928    0.3440
    0.2549    0.0215    0.0000    0.2823    0.2682    0.1731
    0.3684    0.0638    0.0000    0.2199    0.0458    0.3021
    0.0015    0.1826    0.0000    0.0733    0.0399    0.7028
    0.0565    0.0108    0.0000    0.1921    0.0858    0.6549
    0.5165    0.1161    0.0000    0.0082    0.2666    0.0925
    0.0565    0.0108    0.0000    0.1921    0.0858    0.6549
    0.3724    0.0094    0.0000    0.1090    0.0897    0.4196
    0.4556    0.1208    0.0000    0.0756    0.0988    0.2493
    0.4078    0.0028    0.0000    0.0399    0.0465    0.5030
    0.3629    0.1442    0.0000    0.0885    0.0571    0.3474
    0.0058    0.0176    0.0000    0.2099    0.7407    0.0260
    0.3981    0.0675    0.0000    0.1236    0.0043    0.4066
    0.4734    0.1337    0.0000    0.0555    0.1365    0.2009
    0.0193    0.0890    0.0000    0.0000    0.0229    0.8688
    0.2849    0.0328    0.0000    0.1617    0.2655    0.2552
    0.2786    0.0917    0.0000    0.2083    0.1555    0.2659
    0.2415    0.0641    0.0000    0.0146    0.0508    0.6289
    0.6523    0.0042    0.0000    0.0536    0.1065    0.1834
    0.0135    0.1081    0.0000    0.2858    0.3954    0.1973
    0.0888    0.0943    0.0000    0.0127    0.0596    0.7447
    0.0160    0.3427    0.0000    0.0655    0.0989    0.4769
    0.1190    0.0860    0.0000    0.1995    0.1200    0.4756
    0.0016    0.0827    0.0000    0.2176    0.3992    0.2988
    0.1412    0.1581    0.0000    0.0635    0.0285    0.6087
    0.4384    0.0254    0.0000    0.1255    0.2061    0.2045
    0.2506    0.0593    0.0000    0.3454    0.2796    0.0651
    0.1759    0.0536    0.0000    0.0423    0.1206    0.6077
    0.5267    0.0037    0.0000    0.2589    0.0103    0.2003
    0.3647    0.0091    0.0000    0.2229    0.0310    0.3725
    0.4549    0.0374    0.0000    0.1190    0.1006    0.2881
    0.3090    0.0662    0.0000    0.2371    0.0725    0.3152
    0.1759    0.0713    0.0000    0.1644    0.2495    0.3389
    0.2715    0.0025    0.0000    0.1182    0.0482    0.5596
    0.4666    0.0039    0.0000    0.0456    0.0532    0.4307
    0.2108    0.0325    0.0000    0.2079    0.2460    0.3028
    0.0356    0.0306    0.0000    0.0850    0.2558    0.5930
    0.0130    0.0537    0.0000    0.5420    0.2696    0.1218
    0.0044    0.1185    0.0000    0.1083    0.2800    0.4887
    0.3887    0.0367    0.0000    0.1017    0.0860    0.3869
    0.3287    0.0081    0.0000    0.2107    0.0487    0.4038
    0.4664    0.0245    0.0000    0.0182    0.0398    0.4510
    0.1954    0.1058    0.0000    0.0298    0.2772    0.3917
    0.3144    0.0128    0.0000    0.3061    0.0622    0.3045
    0.0144    0.0664    0.0000    0.1447    0.0539    0.7206
    0.4110    0.0871    0.0000    0.1603    0.3010    0.0406
    0.2094    0.0062    0.0000    0.3066    0.2576    0.2202
    0.5297    0.0674    0.0000    0.1211    0.0736    0.2081
    0.1724    0.1376    0.0000    0.0313    0.1091    0.5497
    0.3040    0.0389    0.0000    0.2274    0.1083    0.3214
    0.0691    0.1079    0.0000    0.2952    0.4518    0.0760
    0.2025    0.0700    0.0000    0.2581    0.1899    0.2795
    0.3932    0.3199    0.0000    0.1319    0.0555    0.0994

 Output data matrix of Pareto front of final Gaussian process model:
        f1        f2        f3
 -240.1006   -2.4957-53103.3077
 -690.1667   -1.1823-90951.3002
 -125.4125   -0.8227-38248.2429
 -576.0594   -1.5680-95036.9928
 -316.5795   -0.1114-31110.9509
 -316.0449   -0.2244-29523.7229
 -163.0741   -0.5550-37836.4051
 -222.3133   -1.8695-43525.1367
 -545.4400   -1.5358-93238.6423
 -171.8345   -0.7327-44878.8857
 -136.0766   -0.5794-34746.3792
 -273.4728   -2.2096-54553.4146
 -451.2201   -1.5856-85636.1313
 -230.6465   -0.5169-42507.6330
 -189.4971   -0.8641-46448.6140
 -216.9963   -1.0396-58999.7377
 -601.7638   -1.2844-87554.6156
 -337.0331   -0.1624-33104.5063
 -200.1472   -0.4624-38698.7268
 -673.5002   -1.4358-91856.4005
 -484.4033   -0.4900-67626.1699
 -380.6315   -1.9320-61044.6882
 -293.0838   -2.2853-49025.0217
 -490.2786   -1.1741-78404.2165
 -303.8905   -1.5005-39590.1222
 -216.6634   -2.4626-53602.9486
 -473.5431   -0.6554-58371.0980
 -651.1185   -0.2561-76308.2226
 -439.4986   -0.9070-62362.6409
 -128.5427   -0.6807-36505.1837
 -143.0078   -0.6932-41224.2903
 -263.7473   -2.2455-49461.0865
 -298.1128   -2.4109-60606.8645
 -623.7856   -0.9977-78003.6450
 -203.9979   -2.0616-47370.9876
 -335.3915   -2.1853-68220.1190
 -367.9164   -2.0240-73869.3139
 -248.7508   -2.2116-50353.0899
 -254.8177   -2.0986-46169.1108
 -235.1700   -1.6714-40641.3845
 -417.6687   -1.4910-65509.3012
 -312.4495   -0.1983-29991.3651
 -409.1552   -1.6819-56901.3444
 -242.3730   -1.7961-45809.4550
 -177.0418   -0.7763-42936.2117
 -283.8403   -0.3008-32052.0865
 -667.0809   -0.7850-84429.9858
 -559.4480   -1.2177-82605.3962
 -539.3698   -0.6378-79392.3319
 -654.9381   -1.1537-83625.7862
 -268.3078   -2.3237-50018.5733
 -329.1923   -2.1536-51484.7812
 -293.4171   -0.6147-47892.6602
 -329.1923   -2.1536-51484.7812
 -636.2403   -1.3668-91650.5508
 -465.9999   -1.0770-64720.9639
 -580.1261   -1.5456-94983.7547
 -498.0787   -1.3586-75200.5968
 -261.5431   -0.1503-30810.0055
 -610.8061   -1.3893-86653.8530
 -404.5284   -0.9421-56792.0843
 -240.1953   -2.4638-55786.2386
 -523.0384   -0.9782-84142.2874
 -500.9452   -1.0809-80532.5680
 -396.1331   -2.0628-82017.8270
 -153.2024   -0.7828-45836.2800
 -348.4270   -0.8464-34288.1790
 -300.7556   -2.4360-61671.6231
 -317.5082   -1.7577-48355.6088
 -377.0059   -1.6440-64693.2874
 -299.5804   -1.2437-35668.2564
 -353.9194   -2.0292-69324.9543
 -609.7052   -0.8016-79611.8535
 -552.4115   -0.3254-74705.8746
 -357.8870   -2.0047-72819.9064
 -453.2114   -0.7718-63680.1780
 -682.1752   -1.2633-90063.7628
 -567.2238   -1.0856-77431.8043
 -584.5678   -1.1999-82785.4264
 -377.6013   -1.3064-68705.8997
 -519.9786   -1.7754-88942.6899
 -506.0202   -1.3548-83406.3665
 -442.0290   -1.1490-73399.6865
 -253.0150   -1.9783-46985.6615
 -324.6470   -0.4529-31607.5059
 -254.6234   -1.7335-41601.6277
 -616.8141   -1.3236-89692.4922
 -642.1375   -1.3423-89020.5442
 -473.0190   -1.4183-81438.1211
 -341.6350   -1.4649-71342.8315
 -636.4644   -1.1047-86478.0425
 -286.4225   -2.3549-50187.8345
 -617.1550   -0.4082-70680.5268
 -511.8575   -0.8114-71192.4811
 -345.2926   -0.8936-56358.7471
 -350.2981   -1.8446-70251.1227
 -588.8577   -1.1884-85376.2697
 -402.0424   -0.3772-44433.3534
 -453.5839   -1.1116-70939.1628
 -390.7058   -0.8253-57792.6858

 Final hyperparameter values: 
  Hyperparameter        f1        f2        f3
         lambda1    0.1664    1.6077    0.4114
         lambda2    0.3419    0.8081    0.6801
         lambda3    1.4105    2.2421    2.3539
         lambda4    0.3664    7.7266   11.5985
         lambda5    3.2893    8.5375   11.6150
         lambda6    3.9378    0.3666    1.5698
          sigmaf  176.6086    0.708023110.4017
          sigman   52.5533    0.1030 8111.9998
