
 TSEMO log file created on 11-Aug-2020 

 This file shows the initial specifications of TSEMO and logs the output.
 ¯¯¯¯¯¯¯¯¯¯¯¯¯¯¯¯¯¯¯¯¯¯¯¯¯¯¯¯¯¯¯¯¯¯¯¯¯¯¯¯¯¯¯¯¯¯¯¯¯¯¯¯¯¯¯¯¯¯¯¯¯¯¯¯¯¯¯¯¯¯¯¯¯¯¯¯¯¯¯¯¯¯¯¯¯¯¯¯¯¯¯¯¯¯¯¯¯¯¯¯¯¯
 License information 

 BSD 2-Clause License 

 Copyright (c) 2017, Eric Bradford, Artur M. Schweidtmann and Alexei Lapkin
 All rights reserved. 

 Redistribution and use in source and binary forms, with or without
 modification, are permitted provided that the following conditions are met: 

 *Redistributions of source code must retain the above copyright notice, this   
  list of conditions and the following disclaimer. 

 *Redistributions in binary form must reproduce the above copyright notice,   
  this list of conditions and the following disclaimer in the documentation   
  and/or other materials provided with the distribution. 

 Modified by Mina Konakovic Lukovic 2019. 

 ¯¯¯¯¯¯¯¯¯¯¯¯¯¯¯¯¯¯¯¯¯¯¯¯¯¯¯¯¯¯¯¯¯¯¯¯¯¯¯¯¯¯¯¯¯¯¯¯¯¯¯¯¯¯¯¯¯¯¯¯¯¯¯¯¯¯¯¯¯¯¯¯¯¯¯¯¯¯¯¯¯¯¯¯¯¯¯¯¯¯¯¯¯¯¯¯¯¯¯¯¯¯
 Problem specifications 

 Number of inputs:   6
 Number of outputs:  3 

 Lower bounds of decision variables:
      x1      x2      x3      x4      x5      x6
  0.0000  0.0000  0.0000  0.0000  0.0000  0.0000
 
 Upper bounds of decision variables:
      x1      x2      x3      x4      x5      x6
  1.0000  1.0000  0.5000  1.0000  1.0000  1.0000
 ¯¯¯¯¯¯¯¯¯¯¯¯¯¯¯¯¯¯¯¯¯¯¯¯¯¯¯¯¯¯¯¯¯¯¯¯¯¯¯¯¯¯¯¯¯¯¯¯¯¯¯¯¯¯¯¯¯¯¯¯¯¯¯¯¯¯¯¯¯¯¯¯¯¯¯¯¯¯¯¯¯¯¯¯¯¯¯¯¯¯¯¯¯¯¯¯¯¯¯¯¯¯
 Algorithm options 

 Maximum number of function evaluations:  4
 Sample batch size:                       4
 Number of algorithm iterations:          1 

 Genetic algorithm population size:        100
 Genetic algorithm number of generations:  100 

                                               f1      f2      f3
 Number of spectral sampling points:          100     100     100
 Type of matern function:                       5       5       5
 Direct evaluations per input dimension:      100     100     100
 ¯¯¯¯¯¯¯¯¯¯¯¯¯¯¯¯¯¯¯¯¯¯¯¯¯¯¯¯¯¯¯¯¯¯¯¯¯¯¯¯¯¯¯¯¯¯¯¯¯¯¯¯¯¯¯¯¯¯¯¯¯¯¯¯¯¯¯¯¯¯¯¯¯¯¯¯¯¯¯¯¯¯¯¯¯¯¯¯¯¯¯¯¯¯¯¯¯¯¯¯¯¯
 Initial data set 

 Number of initial data points:  36 

 Initial input data matrix:
      x1      x2      x3      x4      x5      x6
  0.0000  1.0000  0.0000  0.0000  0.0000  0.0000
  0.0000  1.0000  0.0000  0.0000  0.0000  0.0000
  0.1500  0.0000  0.0000  0.0000  0.0000  0.8500
  0.0000  1.0000  0.0000  0.0000  0.0000  0.0000
  0.0000  1.0000  0.0000  0.0000  0.0000  0.0000
  0.1500  0.0000  0.0000  0.0000  0.0000  0.8500
  0.1500  0.0000  0.0000  0.0000  0.0000  0.8500
  0.0000  1.0000  0.0000  0.0000  0.0000  0.0000
  0.0000  1.0000  0.0000  0.0000  0.0000  0.0000
  0.1500  0.0000  0.0000  0.0000  0.0000  0.8500
  0.1500  0.0000  0.0000  0.0000  0.0000  0.8500
  0.0000  1.0000  0.0000  0.0000  0.0000  0.0000
  0.0000  1.0000  0.0000  0.0000  0.0000  0.0000
  0.1500  0.0000  0.0000  0.0000  0.0000  0.8500
  0.1500  0.0000  0.0000  0.0000  0.0000  0.8500
  0.5300  0.0000  0.0000  0.0000  0.3300  0.1400
  0.2700  0.0000  0.0000  0.0000  0.1400  0.5900
  0.3000  0.0000  0.0000  0.0000  0.0900  0.6100
  0.3200  0.0100  0.0000  0.0000  0.0900  0.5800
  0.5000  0.0000  0.0000  0.0000  0.3000  0.2000
  0.5300  0.0600  0.0000  0.0000  0.3200  0.0900
  0.5300  0.0000  0.0000  0.0000  0.3300  0.1400
  0.4200  0.0000  0.0000  0.0000  0.2700  0.3100
  0.4000  0.1700  0.0000  0.0000  0.1200  0.3100
  0.4400  0.2700  0.0000  0.0000  0.1700  0.1200
  0.3400  0.1400  0.0000  0.0000  0.1300  0.3900
  0.3300  0.1200  0.0000  0.0000  0.1300  0.4200
  0.2100  0.1100  0.0600  0.0000  0.1400  0.4800
  0.5200  0.0100  0.0100  0.0000  0.0000  0.4600
  0.4200  0.0100  0.0000  0.0000  0.1400  0.4300
  0.3100  0.0000  0.0000  0.0000  0.2000  0.4900
  1.0000  0.0000  0.0000  0.0000  0.0000  0.0000
  0.0000  1.0000  0.0000  0.0000  0.0000  0.0000
  0.0000  0.0000  0.0000  1.0000  0.0000  0.0000
  0.0000  0.0000  0.0000  0.0000  1.0000  0.0000
  0.0000  0.0000  0.0000  0.0000  0.0000  1.0000

 Initial output data matrix:
      f1      f2      f3
-440.8081 -1.0692-56891.8652
-334.3741 -1.1915-50105.0669
-367.8746 -2.5101-74164.3293
-387.3122 -1.0103-50446.7589
-429.6676 -1.1423-56504.3677
-473.2097 -2.4766-87890.4858
-194.2284 -2.2812-45267.7395
-367.0573 -0.8544-47955.9208
-474.5210 -1.1564-58958.4478
-318.6608 -2.5713-66446.3367
-334.6867 -2.4638-69176.1678
-433.1773 -1.1368-58145.9550
-387.0665 -1.1863-59216.3123
-383.6778 -2.5833-82308.5965
-394.0680 -2.4407-82976.8664
-339.9279 -0.4526-56708.2433
-417.5803 -1.8886-87010.6347
-528.5041 -1.8620-98960.0423
-467.4436 -1.9425-90651.0121
-437.3172 -0.8793-74331.5142
-277.7682 -0.6237-48954.9051
-313.5545 -0.4161-57364.7707
-552.7370 -1.2779-93604.4490
-420.9971 -1.2343-74708.9830
-260.1509 -0.9288-48842.4251
-385.1056 -1.4780-71597.8531
-392.9549 -1.5300-72763.0963
-341.9076 -1.6322-77873.4913
-306.3848 -1.2062-70127.7620
-577.9359 -1.4266-103320.8731
-436.3436 -1.5193-89870.8816
-196.2915 -0.6404-45815.0557
-467.8463 -1.0817-64695.6818
-368.8754 -0.0170-29085.6741
-119.2276 -0.1224-26582.4711
-232.5076 -2.1152-66881.8081

 ¯¯¯¯¯¯¯¯¯¯¯¯¯¯¯¯¯¯¯¯¯¯¯¯¯¯¯¯¯¯¯¯¯¯¯¯¯¯¯¯¯¯¯¯¯¯¯¯¯¯¯¯¯¯¯¯¯¯¯¯¯¯¯¯¯¯¯¯¯¯¯¯¯¯¯¯¯¯¯¯¯¯¯¯¯¯¯¯¯¯¯¯¯¯¯¯¯¯¯¯¯¯
 Algorithm iteration 1 

 Predicted hypervolume improvement:    0.6002
 Time taken:    0.0007 

 Proposed evaluation point(s): 
      x1      x2      x3      x4      x5      x6
  0.4500  0.0000  0.0000  0.2900  0.0200  0.2400
  0.0200  0.5600  0.0000  0.0200  0.0200  0.3800
  0.4000  0.0100  0.0000  0.0100  0.0000  0.5800
  0.3100  0.0400  0.0000  0.0300  0.0000  0.6200

 Corresponding observation(s): 
      f1      f2      f3
-599.9599 -0.9143-77029.0262
-359.2338 -0.9558-105537.8676
-513.3866 -1.8530-99779.9897
-466.1573 -2.0165-92267.3522

 ¯¯¯¯¯¯¯¯¯¯¯¯¯¯¯¯¯¯¯¯¯¯¯¯¯¯¯¯¯¯¯¯¯¯¯¯¯¯¯¯¯¯¯¯¯¯¯¯¯¯¯¯¯¯¯¯¯¯¯¯¯¯¯¯¯¯¯¯¯¯¯¯¯¯¯¯¯¯¯¯¯¯¯¯¯¯¯¯¯¯¯¯¯¯¯¯¯¯¯¯¯¯
 Final algorithm output 

 Final input data matrix:
        x1        x2        x3        x4        x5        x6
    0.0000    1.0000    0.0000    0.0000    0.0000    0.0000
    0.0000    1.0000    0.0000    0.0000    0.0000    0.0000
    0.1500    0.0000    0.0000    0.0000    0.0000    0.8500
    0.0000    1.0000    0.0000    0.0000    0.0000    0.0000
    0.0000    1.0000    0.0000    0.0000    0.0000    0.0000
    0.1500    0.0000    0.0000    0.0000    0.0000    0.8500
    0.1500    0.0000    0.0000    0.0000    0.0000    0.8500
    0.0000    1.0000    0.0000    0.0000    0.0000    0.0000
    0.0000    1.0000    0.0000    0.0000    0.0000    0.0000
    0.1500    0.0000    0.0000    0.0000    0.0000    0.8500
    0.1500    0.0000    0.0000    0.0000    0.0000    0.8500
    0.0000    1.0000    0.0000    0.0000    0.0000    0.0000
    0.0000    1.0000    0.0000    0.0000    0.0000    0.0000
    0.1500    0.0000    0.0000    0.0000    0.0000    0.8500
    0.1500    0.0000    0.0000    0.0000    0.0000    0.8500
    0.5300    0.0000    0.0000    0.0000    0.3300    0.1400
    0.2700    0.0000    0.0000    0.0000    0.1400    0.5900
    0.3000    0.0000    0.0000    0.0000    0.0900    0.6100
    0.3200    0.0100    0.0000    0.0000    0.0900    0.5800
    0.5000    0.0000    0.0000    0.0000    0.3000    0.2000
    0.5300    0.0600    0.0000    0.0000    0.3200    0.0900
    0.5300    0.0000    0.0000    0.0000    0.3300    0.1400
    0.4200    0.0000    0.0000    0.0000    0.2700    0.3100
    0.4000    0.1700    0.0000    0.0000    0.1200    0.3100
    0.4400    0.2700    0.0000    0.0000    0.1700    0.1200
    0.3400    0.1400    0.0000    0.0000    0.1300    0.3900
    0.3300    0.1200    0.0000    0.0000    0.1300    0.4200
    0.2100    0.1100    0.0600    0.0000    0.1400    0.4800
    0.5200    0.0100    0.0100    0.0000    0.0000    0.4600
    0.4200    0.0100    0.0000    0.0000    0.1400    0.4300
    0.3100    0.0000    0.0000    0.0000    0.2000    0.4900
    1.0000    0.0000    0.0000    0.0000    0.0000    0.0000
    0.0000    1.0000    0.0000    0.0000    0.0000    0.0000
    0.0000    0.0000    0.0000    1.0000    0.0000    0.0000
    0.0000    0.0000    0.0000    0.0000    1.0000    0.0000
    0.0000    0.0000    0.0000    0.0000    0.0000    1.0000
    0.4500    0.0000    0.0000    0.2900    0.0200    0.2400
    0.0200    0.5600    0.0000    0.0200    0.0200    0.3800
    0.4000    0.0100    0.0000    0.0100    0.0000    0.5800
    0.3100    0.0400    0.0000    0.0300    0.0000    0.6200

 Final output data matrix:
        f1        f2        f3
 -440.8081   -1.0692-56891.8652
 -334.3741   -1.1915-50105.0669
 -367.8746   -2.5101-74164.3293
 -387.3122   -1.0103-50446.7589
 -429.6676   -1.1423-56504.3677
 -473.2097   -2.4766-87890.4858
 -194.2284   -2.2812-45267.7395
 -367.0573   -0.8544-47955.9208
 -474.5210   -1.1564-58958.4478
 -318.6608   -2.5713-66446.3367
 -334.6867   -2.4638-69176.1678
 -433.1773   -1.1368-58145.9550
 -387.0665   -1.1863-59216.3123
 -383.6778   -2.5833-82308.5965
 -394.0680   -2.4407-82976.8664
 -339.9279   -0.4526-56708.2433
 -417.5803   -1.8886-87010.6347
 -528.5041   -1.8620-98960.0423
 -467.4436   -1.9425-90651.0121
 -437.3172   -0.8793-74331.5142
 -277.7682   -0.6237-48954.9051
 -313.5545   -0.4161-57364.7707
 -552.7370   -1.2779-93604.4490
 -420.9971   -1.2343-74708.9830
 -260.1509   -0.9288-48842.4251
 -385.1056   -1.4780-71597.8531
 -392.9549   -1.5300-72763.0963
 -341.9076   -1.6322-77873.4913
 -306.3848   -1.2062-70127.7620
 -577.9359   -1.4266-103320.8731
 -436.3436   -1.5193-89870.8816
 -196.2915   -0.6404-45815.0557
 -467.8463   -1.0817-64695.6818
 -368.8754   -0.0170-29085.6741
 -119.2276   -0.1224-26582.4711
 -232.5076   -2.1152-66881.8081
 -599.9599   -0.9143-77029.0262
 -359.2338   -0.9558-105537.8676
 -513.3866   -1.8530-99779.9897
 -466.1573   -2.0165-92267.3522

 Input data matrix of corresponding Pareto front:
        x1        x2        x3        x4        x5        x6
    0.1500    0.0000    0.0000    0.0000    0.0000    0.8500
    0.1500    0.0000    0.0000    0.0000    0.0000    0.8500
    0.3000    0.0000    0.0000    0.0000    0.0900    0.6100
    0.3200    0.0100    0.0000    0.0000    0.0900    0.5800
    0.4200    0.0100    0.0000    0.0000    0.1400    0.4300

 Output data matrix of corresponding Pareto front:
        f1        f2        f3
 -473.2097   -2.4766-87890.4858
 -383.6778   -2.5833-82308.5965
 -528.5041   -1.8620-98960.0423
 -467.4436   -1.9425-90651.0121
 -577.9359   -1.4266-103320.8731

 Input data matrix of Pareto front of final Gaussian process model:
        x1        x2        x3        x4        x5        x6
    0.0137    0.1936    0.0000    0.0060    0.0045    0.7823
    0.4105    0.0014    0.0000    0.2211    0.1221    0.2448
    0.3807    0.0015    0.0000    0.0277    0.0102    0.5798
    0.0271    0.1854    0.0000    0.0112    0.0120    0.7643
    0.1057    0.0688    0.0000    0.0345    0.0000    0.7910
    0.4104    0.0015    0.0000    0.2218    0.1115    0.2549
    0.4116    0.0015    0.0000    0.2217    0.0119    0.3534
    0.4021    0.0014    0.0000    0.2071    0.0208    0.3686
    0.4084    0.0015    0.0000    0.1543    0.0000    0.4357
    0.3606    0.0016    0.0000    0.0008    0.0014    0.6357
    0.2750    0.0015    0.0000    0.0000    0.0000    0.7235
    0.2575    0.0018    0.0000    0.0085    0.0010    0.7312
    0.3152    0.0019    0.0000    0.0041    0.0002    0.6787
    0.0618    0.1510    0.0000    0.0064    0.0081    0.7727
    0.2654    0.0015    0.0000    0.0000    0.0000    0.7331
    0.2830    0.0015    0.0000    0.0000    0.0000    0.7155
    0.2882    0.0018    0.0000    0.0033    0.0009    0.7058
    0.3289    0.0027    0.0000    0.0031    0.0009    0.6644
    0.3777    0.0017    0.0000    0.0037    0.0014    0.6156
    0.3070    0.0014    0.0000    0.0000    0.0000    0.6916
    0.4054    0.0020    0.0000    0.0322    0.0008    0.5596
    0.4027    0.0014    0.0000    0.1218    0.0004    0.4737
    0.3177    0.0017    0.0000    0.0050    0.0009    0.6748
    0.0636    0.1857    0.0000    0.0063    0.0145    0.7299
    0.3974    0.0017    0.0000    0.0820    0.0008    0.5181
    0.0508    0.2028    0.0000    0.0051    0.0028    0.7386
    0.2855    0.0017    0.0000    0.0000    0.0000    0.7128
    0.4091    0.0017    0.0000    0.0882    0.0012    0.4998
    0.3775    0.0014    0.0000    0.0254    0.0000    0.5957
    0.0948    0.1069    0.0000    0.0057    0.0008    0.7919
    0.0841    0.1681    0.0000    0.0067    0.0090    0.7321
    0.3720    0.0015    0.0000    0.0009    0.0008    0.6248
    0.0709    0.1707    0.0000    0.0054    0.0061    0.7469
    0.4089    0.0014    0.0000    0.2132    0.1262    0.2502
    0.3354    0.0017    0.0000    0.0027    0.0005    0.6597
    0.2542    0.0020    0.0000    0.0099    0.0013    0.7326
    0.3119    0.0015    0.0000    0.0000    0.0000    0.6866
    0.3866    0.0019    0.0000    0.0050    0.0008    0.6058
    0.2966    0.0015    0.0000    0.0000    0.0000    0.7020
    0.3963    0.0022    0.0000    0.0000    0.0149    0.5866
    0.3402    0.0015    0.0000    0.0016    0.0000    0.6567
    0.4132    0.0015    0.0000    0.2226    0.0079    0.3548
    0.2167    0.0018    0.0000    0.0113    0.0010    0.7692
    0.3438    0.0018    0.0000    0.0000    0.0000    0.6544
    0.3720    0.0016    0.0000    0.0009    0.0007    0.6249
    0.3862    0.0016    0.0000    0.0288    0.0106    0.5729
    0.2142    0.0037    0.0000    0.0000    0.0000    0.7821
    0.0254    0.2422    0.0000    0.0055    0.0089    0.7180
    0.0797    0.1597    0.0000    0.0063    0.0085    0.7458
    0.3564    0.0018    0.0000    0.0038    0.0002    0.6378
    0.3249    0.0025    0.0000    0.0032    0.0009    0.6684
    0.3015    0.0014    0.0000    0.0000    0.0000    0.6971
    0.3873    0.0017    0.0000    0.0813    0.0008    0.5290
    0.2680    0.0037    0.0000    0.0012    0.0005    0.7267
    0.0432    0.1796    0.0000    0.0056    0.0098    0.7618
    0.3377    0.0030    0.0000    0.0000    0.0000    0.6594
    0.3084    0.0014    0.0000    0.0000    0.0000    0.6901
    0.2459    0.0093    0.0000    0.0002    0.0030    0.7416
    0.3238    0.0015    0.0000    0.0000    0.0000    0.6747
    0.3975    0.0013    0.0000    0.1398    0.0000    0.4613
    0.3924    0.0018    0.0000    0.0541    0.0408    0.5108
    0.3934    0.0019    0.0000    0.1559    0.0001    0.4487
    0.2027    0.0382    0.0000    0.0038    0.0048    0.7504
    0.1978    0.0016    0.0000    0.0000    0.0000    0.8006
    0.2197    0.0363    0.0000    0.0049    0.0015    0.7376
    0.2930    0.0015    0.0000    0.0003    0.0000    0.7052
    0.2512    0.0034    0.0000    0.0073    0.0001    0.7379
    0.3272    0.0015    0.0000    0.0032    0.0008    0.6673
    0.3825    0.0018    0.0000    0.0840    0.0008    0.5309
    0.3520    0.0017    0.0000    0.0039    0.0012    0.6412
    0.1053    0.0762    0.0000    0.0097    0.0068    0.8020
    0.2231    0.0372    0.0000    0.0037    0.0047    0.7312
    0.2352    0.0018    0.0000    0.0039    0.0050    0.7541
    0.2771    0.0017    0.0000    0.0021    0.0010    0.7181
    0.2018    0.0049    0.0000    0.0060    0.0007    0.7866
    0.1004    0.1156    0.0000    0.0328    0.0000    0.7513
    0.4072    0.0014    0.0000    0.0299    0.0104    0.5511
    0.2404    0.0035    0.0000    0.0059    0.0010    0.7492
    0.3512    0.0018    0.0000    0.0000    0.0000    0.6470
    0.0686    0.1653    0.0000    0.0053    0.0108    0.7501
    0.4085    0.0014    0.0000    0.0833    0.0010    0.5059
    0.0158    0.2241    0.0000    0.0356    0.0052    0.7193
    0.3786    0.0016    0.0000    0.0754    0.0007    0.5436
    0.2347    0.0101    0.0000    0.0072    0.0012    0.7468
    0.0507    0.1562    0.0000    0.0056    0.0002    0.7873
    0.3462    0.0018    0.0000    0.0034    0.0010    0.6475
    0.3113    0.0014    0.0000    0.0000    0.0000    0.6873
    0.1350    0.1231    0.0000    0.0000    0.0000    0.7419
    0.2772    0.0015    0.0000    0.0021    0.0010    0.7183
    0.2303    0.0017    0.0000    0.0061    0.0009    0.7609
    0.3447    0.0018    0.0000    0.0033    0.0010    0.6492
    0.2512    0.0015    0.0000    0.0022    0.0000    0.7451
    0.2265    0.0021    0.0000    0.0000    0.0003    0.7711
    0.1539    0.0416    0.0000    0.0060    0.0007    0.7978
    0.2290    0.0040    0.0000    0.0000    0.0000    0.7670
    0.4170    0.0016    0.0000    0.0009    0.0007    0.5799
    0.0743    0.1921    0.0000    0.0059    0.0000    0.7278
    0.2946    0.0015    0.0000    0.0000    0.0000    0.7039
    0.2383    0.0021    0.0000    0.0045    0.0016    0.7535
    0.0331    0.1931    0.0000    0.0061    0.0107    0.7570

 Output data matrix of Pareto front of final Gaussian process model:
        f1        f2        f3
 -263.6386   -2.5305-78728.9563
 -565.4036   -0.9643-89504.2135
 -539.1893   -1.7942-100950.8295
 -268.8742   -2.5355-77459.8699
 -354.5853   -2.5095-73427.4513
 -565.3659   -1.0003-90013.0053
 -564.7907   -1.2473-94053.2883
 -563.3361   -1.2778-96017.4724
 -562.4672   -1.3840-97232.8735
 -517.8420   -2.0097-99730.2483
 -445.5155   -2.3365-85555.7910
 -427.9267   -2.3636-83370.8525
 -477.6760   -2.1876-92714.1303
 -307.8653   -2.5300-74846.7461
 -436.1092   -2.3630-84206.0413
 -452.6847   -2.3125-86810.3024
 -457.0658   -2.2844-87762.1722
 -487.9693   -2.1327-95215.8723
 -534.0133   -1.9249-100798.4555
 -471.4674   -2.2320-91087.3529
 -551.2837   -1.7070-99556.2036
 -559.8018   -1.4633-98813.7539
 -479.7275   -2.1734-93210.4308
 -313.2618   -2.5112-76577.9652
 -554.7562   -1.5808-99968.5009
 -299.3017   -2.5217-78378.0308
 -454.7884   -2.3042-87238.8108
 -557.4407   -1.5239-98484.9280
 -536.4141   -1.8526-100913.1346
 -348.6629   -2.5173-74215.6770
 -337.3577   -2.5059-75784.8498
 -528.8354   -1.9625-100570.3391
 -322.1463   -2.5223-76017.7424
 -565.1909   -0.9846-90078.7476
 -494.1166   -2.1114-96344.9165
 -424.2725   -2.3684-83028.0724
 -475.1174   -2.2140-92016.2818
 -540.8113   -1.8832-100827.3211
 -463.6460   -2.2684-89159.9156
 -545.1411   -1.8085-100410.4577
 -498.4249   -2.0977-97099.6678
 -564.6286   -1.2489-93827.5876
 -381.3701   -2.4462-79774.6758
 -501.4276   -2.0876-97622.2313
 -528.8393   -1.9627-100569.7425
 -543.3556   -1.7662-100884.1584
 -378.4331   -2.4605-79601.3806
 -279.7322   -2.5018-80780.0359
 -332.1888   -2.5183-75401.5496
 -513.9306   -2.0204-99319.2786
 -484.8269   -2.1485-94507.4748
 -467.4069   -2.2515-90066.0073
 -549.1392   -1.6194-100671.1593
 -438.3294   -2.3489-84686.0544
 -285.4671   -2.5334-76942.7738
 -495.1980   -2.1096-96651.9585
 -472.5331   -2.2268-91358.2109
 -413.6201   -2.3943-82516.9474
 -484.2349   -2.1689-94239.7723
 -559.2709   -1.4388-99096.2222
 -549.6475   -1.5670-100236.7138
 -557.5447   -1.4154-99123.3141
 -369.5624   -2.4422-81414.4320
 -364.4767   -2.4765-78274.2009
 -383.4780   -2.4132-82210.0319
 -460.8691   -2.2796-88519.4401
 -420.6095   -2.3816-82734.4713
 -487.2193   -2.1424-94923.2661
 -545.7213   -1.6282-100803.5766
 -509.6114   -2.0357-98810.2476
 -356.4849   -2.5092-73818.0365
 -386.5802   -2.4001-82424.1210
 -401.6295   -2.4176-81114.1818
 -447.4783   -2.3225-85936.6790
 -368.0464   -2.4688-78950.5554
 -349.5199   -2.5069-74397.7320
 -551.5014   -1.6784-99337.8176
 -407.9825   -2.4076-81676.7098
 -508.4223   -2.0567-98643.6356
 -318.4678   -2.5243-75595.7070
 -557.1750   -1.5402-98680.5913
 -269.1280   -2.5087-79215.0964
 -541.8764   -1.6709-100904.1717
 -401.0996   -2.4094-81682.0104
 -293.1138   -2.5278-75493.6259
 -503.9478   -2.0621-98029.5355
 -474.6569   -2.2165-91892.7683
 -359.6925   -2.4901-77902.2512
 -447.6115   -2.3228-85935.9899
 -396.0812   -2.4297-80697.8567
 -502.5809   -2.0688-97817.9059
 -420.5848   -2.3941-82535.2302
 -391.3929   -2.4444-80339.7146
 -360.7087   -2.4949-77680.8499
 -394.3462   -2.4391-80680.8334
 -545.4071   -1.7690-98195.9716
 -328.5330   -2.5060-77205.6178
 -462.1470   -2.2750-88807.8307
 -405.4382   -2.4151-81375.3229
 -276.3202   -2.5338-78082.9867

 Final hyperparameter values: 
  Hyperparameter        f1        f2        f3
         lambda1    0.1240    1.3846    0.4246
         lambda2    0.2495    0.4782    0.4990
         lambda3    1.1809    2.0636    2.2931
         lambda4    0.7804    8.1264   11.5043
         lambda5    2.9062    8.7077   12.1984
         lambda6    3.3391    0.3262    1.6898
          sigmaf  124.8803    0.650124651.6342
          sigman   54.5523    0.0988 8206.3027
