
 TSEMO log file created on 11-Aug-2020 

 This file shows the initial specifications of TSEMO and logs the output.
 ¯¯¯¯¯¯¯¯¯¯¯¯¯¯¯¯¯¯¯¯¯¯¯¯¯¯¯¯¯¯¯¯¯¯¯¯¯¯¯¯¯¯¯¯¯¯¯¯¯¯¯¯¯¯¯¯¯¯¯¯¯¯¯¯¯¯¯¯¯¯¯¯¯¯¯¯¯¯¯¯¯¯¯¯¯¯¯¯¯¯¯¯¯¯¯¯¯¯¯¯¯¯
 License information 

 BSD 2-Clause License 

 Copyright (c) 2017, Eric Bradford, Artur M. Schweidtmann and Alexei Lapkin
 All rights reserved. 

 Redistribution and use in source and binary forms, with or without
 modification, are permitted provided that the following conditions are met: 

 *Redistributions of source code must retain the above copyright notice, this   
  list of conditions and the following disclaimer. 

 *Redistributions in binary form must reproduce the above copyright notice,   
  this list of conditions and the following disclaimer in the documentation   
  and/or other materials provided with the distribution. 

 Modified by Mina Konakovic Lukovic 2019. 

 ¯¯¯¯¯¯¯¯¯¯¯¯¯¯¯¯¯¯¯¯¯¯¯¯¯¯¯¯¯¯¯¯¯¯¯¯¯¯¯¯¯¯¯¯¯¯¯¯¯¯¯¯¯¯¯¯¯¯¯¯¯¯¯¯¯¯¯¯¯¯¯¯¯¯¯¯¯¯¯¯¯¯¯¯¯¯¯¯¯¯¯¯¯¯¯¯¯¯¯¯¯¯
 Problem specifications 

 Number of inputs:   6
 Number of outputs:  3 

 Lower bounds of decision variables:
      x1      x2      x3      x4      x5      x6
  0.0000  0.0000  0.0000  0.0000  0.0000  0.0000
 
 Upper bounds of decision variables:
      x1      x2      x3      x4      x5      x6
  1.0000  1.0000  0.5000  1.0000  1.0000  1.0000
 ¯¯¯¯¯¯¯¯¯¯¯¯¯¯¯¯¯¯¯¯¯¯¯¯¯¯¯¯¯¯¯¯¯¯¯¯¯¯¯¯¯¯¯¯¯¯¯¯¯¯¯¯¯¯¯¯¯¯¯¯¯¯¯¯¯¯¯¯¯¯¯¯¯¯¯¯¯¯¯¯¯¯¯¯¯¯¯¯¯¯¯¯¯¯¯¯¯¯¯¯¯¯
 Algorithm options 

 Maximum number of function evaluations:  4
 Sample batch size:                       4
 Number of algorithm iterations:          1 

 Genetic algorithm population size:        100
 Genetic algorithm number of generations:  100 

                                               f1      f2      f3
 Number of spectral sampling points:          100     100     100
 Type of matern function:                       5       5       5
 Direct evaluations per input dimension:      100     100     100
 ¯¯¯¯¯¯¯¯¯¯¯¯¯¯¯¯¯¯¯¯¯¯¯¯¯¯¯¯¯¯¯¯¯¯¯¯¯¯¯¯¯¯¯¯¯¯¯¯¯¯¯¯¯¯¯¯¯¯¯¯¯¯¯¯¯¯¯¯¯¯¯¯¯¯¯¯¯¯¯¯¯¯¯¯¯¯¯¯¯¯¯¯¯¯¯¯¯¯¯¯¯¯
 Initial data set 

 Number of initial data points:  36 

 Initial input data matrix:
      x1      x2      x3      x4      x5      x6
  0.0000  1.0000  0.0000  0.0000  0.0000  0.0000
  0.0000  1.0000  0.0000  0.0000  0.0000  0.0000
  0.1500  0.0000  0.0000  0.0000  0.0000  0.8500
  0.0000  1.0000  0.0000  0.0000  0.0000  0.0000
  0.0000  1.0000  0.0000  0.0000  0.0000  0.0000
  0.1500  0.0000  0.0000  0.0000  0.0000  0.8500
  0.1500  0.0000  0.0000  0.0000  0.0000  0.8500
  0.0000  1.0000  0.0000  0.0000  0.0000  0.0000
  0.0000  1.0000  0.0000  0.0000  0.0000  0.0000
  0.1500  0.0000  0.0000  0.0000  0.0000  0.8500
  0.1500  0.0000  0.0000  0.0000  0.0000  0.8500
  0.0000  1.0000  0.0000  0.0000  0.0000  0.0000
  0.0000  1.0000  0.0000  0.0000  0.0000  0.0000
  0.1500  0.0000  0.0000  0.0000  0.0000  0.8500
  0.1500  0.0000  0.0000  0.0000  0.0000  0.8500
  0.5300  0.0000  0.0000  0.0000  0.3300  0.1400
  0.2700  0.0000  0.0000  0.0000  0.1400  0.5900
  0.3000  0.0000  0.0000  0.0000  0.0900  0.6100
  0.3200  0.0100  0.0000  0.0000  0.0900  0.5800
  0.5000  0.0000  0.0000  0.0000  0.3000  0.2000
  0.5300  0.0600  0.0000  0.0000  0.3200  0.0900
  0.5300  0.0000  0.0000  0.0000  0.3300  0.1400
  0.4200  0.0000  0.0000  0.0000  0.2700  0.3100
  0.4000  0.1700  0.0000  0.0000  0.1200  0.3100
  0.4400  0.2700  0.0000  0.0000  0.1700  0.1200
  0.3400  0.1400  0.0000  0.0000  0.1300  0.3900
  0.3300  0.1200  0.0000  0.0000  0.1300  0.4200
  0.2100  0.1100  0.0600  0.0000  0.1400  0.4800
  0.5200  0.0100  0.0100  0.0000  0.0000  0.4600
  0.4200  0.0100  0.0000  0.0000  0.1400  0.4300
  0.3100  0.0000  0.0000  0.0000  0.2000  0.4900
  1.0000  0.0000  0.0000  0.0000  0.0000  0.0000
  0.0000  1.0000  0.0000  0.0000  0.0000  0.0000
  0.0000  0.0000  0.0000  1.0000  0.0000  0.0000
  0.0000  0.0000  0.0000  0.0000  1.0000  0.0000
  0.0000  0.0000  0.0000  0.0000  0.0000  1.0000

 Initial output data matrix:
      f1      f2      f3
-440.8081 -1.0692-56891.8652
-334.3741 -1.1915-50105.0669
-367.8746 -2.5101-74164.3293
-387.3122 -1.0103-50446.7589
-429.6676 -1.1423-56504.3677
-473.2097 -2.4766-87890.4858
-194.2284 -2.2812-45267.7395
-367.0573 -0.8544-47955.9208
-474.5210 -1.1564-58958.4478
-318.6608 -2.5713-66446.3367
-334.6867 -2.4638-69176.1678
-433.1773 -1.1368-58145.9550
-387.0665 -1.1863-59216.3123
-383.6778 -2.5833-82308.5965
-394.0680 -2.4407-82976.8664
-339.9279 -0.4526-56708.2433
-417.5803 -1.8886-87010.6347
-528.5041 -1.8620-98960.0423
-467.4436 -1.9425-90651.0121
-437.3172 -0.8793-74331.5142
-277.7682 -0.6237-48954.9051
-313.5545 -0.4161-57364.7707
-552.7370 -1.2779-93604.4490
-420.9971 -1.2343-74708.9830
-260.1509 -0.9288-48842.4251
-385.1056 -1.4780-71597.8531
-392.9549 -1.5300-72763.0963
-341.9076 -1.6322-77873.4913
-306.3848 -1.2062-70127.7620
-577.9359 -1.4266-103320.8731
-436.3436 -1.5193-89870.8816
-196.2915 -0.6404-45815.0557
-467.8463 -1.0817-64695.6818
-368.8754 -0.0170-29085.6741
-119.2276 -0.1224-26582.4711
-232.5076 -2.1152-66881.8081

 ¯¯¯¯¯¯¯¯¯¯¯¯¯¯¯¯¯¯¯¯¯¯¯¯¯¯¯¯¯¯¯¯¯¯¯¯¯¯¯¯¯¯¯¯¯¯¯¯¯¯¯¯¯¯¯¯¯¯¯¯¯¯¯¯¯¯¯¯¯¯¯¯¯¯¯¯¯¯¯¯¯¯¯¯¯¯¯¯¯¯¯¯¯¯¯¯¯¯¯¯¯¯
 Algorithm iteration 1 

 Predicted hypervolume improvement:    7.2562
 Time taken:    0.0005 

 Proposed evaluation point(s): 
      x1      x2      x3      x4      x5      x6
  0.3900  0.0000  0.0000  0.2300  0.0100  0.3700
  0.3900  0.0000  0.0000  0.0000  0.0100  0.6000
  0.1000  0.0300  0.0000  0.2200  0.0100  0.6400
  0.1200  0.1200  0.0000  0.2600  0.0000  0.5000

 Corresponding observation(s): 
      f1      f2      f3
-671.6836 -1.3204-96177.6144
-500.2606 -1.8020-107754.7698
-587.1944 -2.1973-74881.0982
-663.7812 -1.8739-67154.8789

 ¯¯¯¯¯¯¯¯¯¯¯¯¯¯¯¯¯¯¯¯¯¯¯¯¯¯¯¯¯¯¯¯¯¯¯¯¯¯¯¯¯¯¯¯¯¯¯¯¯¯¯¯¯¯¯¯¯¯¯¯¯¯¯¯¯¯¯¯¯¯¯¯¯¯¯¯¯¯¯¯¯¯¯¯¯¯¯¯¯¯¯¯¯¯¯¯¯¯¯¯¯¯
 Final algorithm output 

 Final input data matrix:
        x1        x2        x3        x4        x5        x6
    0.0000    1.0000    0.0000    0.0000    0.0000    0.0000
    0.0000    1.0000    0.0000    0.0000    0.0000    0.0000
    0.1500    0.0000    0.0000    0.0000    0.0000    0.8500
    0.0000    1.0000    0.0000    0.0000    0.0000    0.0000
    0.0000    1.0000    0.0000    0.0000    0.0000    0.0000
    0.1500    0.0000    0.0000    0.0000    0.0000    0.8500
    0.1500    0.0000    0.0000    0.0000    0.0000    0.8500
    0.0000    1.0000    0.0000    0.0000    0.0000    0.0000
    0.0000    1.0000    0.0000    0.0000    0.0000    0.0000
    0.1500    0.0000    0.0000    0.0000    0.0000    0.8500
    0.1500    0.0000    0.0000    0.0000    0.0000    0.8500
    0.0000    1.0000    0.0000    0.0000    0.0000    0.0000
    0.0000    1.0000    0.0000    0.0000    0.0000    0.0000
    0.1500    0.0000    0.0000    0.0000    0.0000    0.8500
    0.1500    0.0000    0.0000    0.0000    0.0000    0.8500
    0.5300    0.0000    0.0000    0.0000    0.3300    0.1400
    0.2700    0.0000    0.0000    0.0000    0.1400    0.5900
    0.3000    0.0000    0.0000    0.0000    0.0900    0.6100
    0.3200    0.0100    0.0000    0.0000    0.0900    0.5800
    0.5000    0.0000    0.0000    0.0000    0.3000    0.2000
    0.5300    0.0600    0.0000    0.0000    0.3200    0.0900
    0.5300    0.0000    0.0000    0.0000    0.3300    0.1400
    0.4200    0.0000    0.0000    0.0000    0.2700    0.3100
    0.4000    0.1700    0.0000    0.0000    0.1200    0.3100
    0.4400    0.2700    0.0000    0.0000    0.1700    0.1200
    0.3400    0.1400    0.0000    0.0000    0.1300    0.3900
    0.3300    0.1200    0.0000    0.0000    0.1300    0.4200
    0.2100    0.1100    0.0600    0.0000    0.1400    0.4800
    0.5200    0.0100    0.0100    0.0000    0.0000    0.4600
    0.4200    0.0100    0.0000    0.0000    0.1400    0.4300
    0.3100    0.0000    0.0000    0.0000    0.2000    0.4900
    1.0000    0.0000    0.0000    0.0000    0.0000    0.0000
    0.0000    1.0000    0.0000    0.0000    0.0000    0.0000
    0.0000    0.0000    0.0000    1.0000    0.0000    0.0000
    0.0000    0.0000    0.0000    0.0000    1.0000    0.0000
    0.0000    0.0000    0.0000    0.0000    0.0000    1.0000
    0.3900    0.0000    0.0000    0.2300    0.0100    0.3700
    0.3900    0.0000    0.0000    0.0000    0.0100    0.6000
    0.1000    0.0300    0.0000    0.2200    0.0100    0.6400
    0.1200    0.1200    0.0000    0.2600    0.0000    0.5000

 Final output data matrix:
        f1        f2        f3
 -440.8081   -1.0692-56891.8652
 -334.3741   -1.1915-50105.0669
 -367.8746   -2.5101-74164.3293
 -387.3122   -1.0103-50446.7589
 -429.6676   -1.1423-56504.3677
 -473.2097   -2.4766-87890.4858
 -194.2284   -2.2812-45267.7395
 -367.0573   -0.8544-47955.9208
 -474.5210   -1.1564-58958.4478
 -318.6608   -2.5713-66446.3367
 -334.6867   -2.4638-69176.1678
 -433.1773   -1.1368-58145.9550
 -387.0665   -1.1863-59216.3123
 -383.6778   -2.5833-82308.5965
 -394.0680   -2.4407-82976.8664
 -339.9279   -0.4526-56708.2433
 -417.5803   -1.8886-87010.6347
 -528.5041   -1.8620-98960.0423
 -467.4436   -1.9425-90651.0121
 -437.3172   -0.8793-74331.5142
 -277.7682   -0.6237-48954.9051
 -313.5545   -0.4161-57364.7707
 -552.7370   -1.2779-93604.4490
 -420.9971   -1.2343-74708.9830
 -260.1509   -0.9288-48842.4251
 -385.1056   -1.4780-71597.8531
 -392.9549   -1.5300-72763.0963
 -341.9076   -1.6322-77873.4913
 -306.3848   -1.2062-70127.7620
 -577.9359   -1.4266-103320.8731
 -436.3436   -1.5193-89870.8816
 -196.2915   -0.6404-45815.0557
 -467.8463   -1.0817-64695.6818
 -368.8754   -0.0170-29085.6741
 -119.2276   -0.1224-26582.4711
 -232.5076   -2.1152-66881.8081
 -671.6836   -1.3204-96177.6144
 -500.2606   -1.8020-107754.7698
 -587.1944   -2.1973-74881.0982
 -663.7812   -1.8739-67154.8789

 Input data matrix of corresponding Pareto front:
        x1        x2        x3        x4        x5        x6
    0.1500    0.0000    0.0000    0.0000    0.0000    0.8500
    0.1500    0.0000    0.0000    0.0000    0.0000    0.8500
    0.3000    0.0000    0.0000    0.0000    0.0900    0.6100
    0.3200    0.0100    0.0000    0.0000    0.0900    0.5800
    0.4200    0.0100    0.0000    0.0000    0.1400    0.4300

 Output data matrix of corresponding Pareto front:
        f1        f2        f3
 -473.2097   -2.4766-87890.4858
 -383.6778   -2.5833-82308.5965
 -528.5041   -1.8620-98960.0423
 -467.4436   -1.9425-90651.0121
 -577.9359   -1.4266-103320.8731

 Input data matrix of Pareto front of final Gaussian process model:
        x1        x2        x3        x4        x5        x6
    0.6688    0.1268    0.0000    0.0059    0.1368    0.0617
    0.0500    0.1000    0.0100    0.6200    0.1800    0.0400
    0.3910    0.0059    0.0000    0.0850    0.1490    0.3691
    0.5370    0.2292    0.0000    0.0639    0.0984    0.0714
    0.3077    0.0036    0.0000    0.2225    0.1211    0.3451
    0.0383    0.0779    0.0000    0.0431    0.0333    0.8074
    0.2756    0.0498    0.0000    0.1225    0.0916    0.4604
    0.0827    0.0090    0.0000    0.1920    0.0226    0.6937
    0.6394    0.1650    0.0000    0.0281    0.1116    0.0559
    0.6619    0.0763    0.0000    0.0039    0.0190    0.2389
    0.2249    0.0878    0.0000    0.1450    0.0985    0.4438
    0.5407    0.0288    0.0000    0.2267    0.1672    0.0366
    0.6310    0.0777    0.0000    0.0285    0.0625    0.2004
    0.5201    0.0809    0.0000    0.0467    0.2288    0.1236
    0.6501    0.1233    0.0000    0.0466    0.1330    0.0470
    0.3905    0.0251    0.0000    0.1588    0.1143    0.3113
    0.4651    0.0454    0.0000    0.0171    0.1503    0.3221
    0.1777    0.0495    0.0000    0.1126    0.0178    0.6424
    0.4933    0.0073    0.0000    0.0221    0.2055    0.2718
    0.5146    0.0641    0.0000    0.0138    0.2190    0.1885
    0.5539    0.1065    0.0000    0.0292    0.1774    0.1329
    0.3794    0.0171    0.0000    0.2325    0.0192    0.3518
    0.4365    0.0368    0.0000    0.3026    0.0080    0.2162
    0.4449    0.0499    0.0000    0.2132    0.0570    0.2351
    0.0848    0.1295    0.0000    0.1712    0.0414    0.5730
    0.0688    0.0075    0.0000    0.1599    0.0188    0.7449
    0.2978    0.0417    0.0000    0.3449    0.0100    0.3055
    0.5902    0.2091    0.0000    0.0750    0.0128    0.1129
    0.6845    0.0426    0.0000    0.0462    0.1411    0.0855
    0.4378    0.0729    0.0000    0.2340    0.0610    0.1942
    0.0375    0.0763    0.0000    0.1305    0.0327    0.7230
    0.1693    0.1788    0.0000    0.0986    0.1988    0.3545
    0.3734    0.0623    0.0000    0.4045    0.1598    0.0000
    0.5823    0.0689    0.0000    0.0376    0.1011    0.2101
    0.3343    0.0950    0.0000    0.0691    0.1626    0.3389
    0.1564    0.2440    0.0000    0.1840    0.0480    0.3677
    0.3945    0.0481    0.0000    0.1984    0.1055    0.2535
    0.4962    0.1380    0.0000    0.0989    0.1277    0.1392
    0.3740    0.0160    0.0000    0.2186    0.0181    0.3733
    0.0996    0.0614    0.0000    0.1329    0.0996    0.6065
    0.2156    0.2293    0.0000    0.0183    0.0947    0.4420
    0.6385    0.0581    0.0000    0.1201    0.1107    0.0727
    0.3719    0.0752    0.0000    0.1036    0.1471    0.3022
    0.4128    0.1923    0.0000    0.1889    0.0099    0.1960
    0.1093    0.0763    0.0000    0.1075    0.0306    0.6764
    0.3519    0.0649    0.0000    0.0088    0.0195    0.5549
    0.5489    0.0939    0.0000    0.0633    0.1576    0.1363
    0.1065    0.0854    0.0000    0.1190    0.0298    0.6593
    0.0950    0.1361    0.0000    0.1506    0.0617    0.5566
    0.5239    0.2553    0.0000    0.0539    0.0851    0.0818
    0.3210    0.0475    0.0000    0.1816    0.0128    0.4371
    0.1002    0.0430    0.0000    0.0990    0.1476    0.6102
    0.4162    0.2225    0.0000    0.0361    0.1139    0.2114
    0.3616    0.0728    0.0000    0.1132    0.1237    0.3287
    0.2060    0.0344    0.0000    0.2274    0.0999    0.4323
    0.1511    0.0754    0.0000    0.2189    0.0149    0.5397
    0.1369    0.0523    0.0000    0.3092    0.1381    0.3635
    0.3563    0.0857    0.0000    0.0705    0.1418    0.3458
    0.0510    0.0716    0.0000    0.0396    0.0961    0.7418
    0.2060    0.0641    0.0000    0.0577    0.0267    0.6456
    0.5999    0.1548    0.0000    0.0837    0.1092    0.0524
    0.4471    0.0705    0.0000    0.0153    0.1797    0.2873
    0.5017    0.1551    0.0000    0.1452    0.0763    0.1218
    0.3630    0.0191    0.0000    0.2910    0.0215    0.3054
    0.1655    0.2472    0.0000    0.0361    0.1028    0.4484
    0.0615    0.1278    0.0000    0.0393    0.0941    0.6772
    0.6823    0.0738    0.0000    0.0494    0.0204    0.1740
    0.3277    0.0172    0.0000    0.2348    0.0194    0.4008
    0.5973    0.1179    0.0000    0.0495    0.2352    0.0000
    0.5564    0.1332    0.0000    0.0960    0.1155    0.0989
    0.4759    0.2404    0.0000    0.0700    0.1730    0.0406
    0.5380    0.0972    0.0000    0.0184    0.1777    0.1688
    0.4541    0.1949    0.0000    0.0351    0.1106    0.2053
    0.5088    0.1022    0.0000    0.0690    0.1715    0.1484
    0.3292    0.0934    0.0000    0.0402    0.0182    0.5190
    0.0594    0.1338    0.0000    0.1809    0.1827    0.4433
    0.3098    0.0696    0.0000    0.2337    0.1062    0.2806
    0.4313    0.0413    0.0000    0.0291    0.0788    0.4195
    0.1814    0.0084    0.0000    0.1362    0.0182    0.6558
    0.3255    0.0517    0.0000    0.1101    0.1402    0.3725
    0.1082    0.0603    0.0000    0.1276    0.0702    0.6337
    0.0088    0.2195    0.0000    0.1844    0.2788    0.3084
    0.5758    0.1767    0.0000    0.0983    0.0923    0.0569
    0.4156    0.0215    0.0000    0.1893    0.0983    0.2753
    0.3622    0.0383    0.0000    0.1382    0.0729    0.3884
    0.1825    0.3066    0.0000    0.0178    0.0920    0.4012
    0.0380    0.0775    0.0000    0.1324    0.0185    0.7336
    0.6146    0.1090    0.0000    0.1154    0.1084    0.0525
    0.3084    0.0168    0.0000    0.2291    0.0246    0.4211
    0.6251    0.1372    0.0000    0.0406    0.1340    0.0632
    0.5467    0.0498    0.0000    0.2128    0.0568    0.1339
    0.1494    0.0406    0.0000    0.2621    0.0208    0.5270
    0.4716    0.0661    0.0000    0.3497    0.0528    0.0598
    0.3435    0.0643    0.0000    0.0769    0.1671    0.3482
    0.5906    0.1165    0.0000    0.0651    0.1600    0.0677
    0.7288    0.0503    0.0000    0.0557    0.0622    0.1030
    0.2186    0.1579    0.0000    0.0764    0.0369    0.5103
    0.3356    0.0920    0.0000    0.1343    0.1296    0.3085
    0.4445    0.1165    0.0000    0.1040    0.1841    0.1509
    0.1760    0.0982    0.0000    0.1619    0.0420    0.5220

 Output data matrix of Pareto front of final Gaussian process model:
        f1        f2        f3
 -142.8270   -0.4949-53015.3823
 -370.8549   -0.2946-43329.3157
 -575.2271   -1.2944-94659.7686
 -235.8496   -0.6327-40277.5670
 -673.1376   -1.3251-86794.0700
 -266.7541   -2.4446-67765.9608
 -579.8919   -1.6146-81883.0025
 -557.4076   -2.2915-64237.4158
 -143.7867   -0.5172-48263.0244
 -161.8673   -0.9225-54476.3968
 -558.7445   -1.6485-72329.2879
 -537.4075   -0.3387-51624.0240
 -187.5579   -0.8133-50987.0364
 -329.5148   -0.6137-53477.2007
 -171.0933   -0.4512-50164.9024
 -636.7380   -1.1895-90088.9302
 -426.4476   -1.1561-77948.4064
 -469.0140   -2.1267-74788.5409
 -411.3061   -0.9871-73231.2084
 -333.2882   -0.7956-58860.6604
 -249.9828   -0.6555-47511.8392
 -659.4054   -1.2823-93141.1707
 -572.2918   -0.9004-79233.8088
 -614.8257   -0.9640-77163.5692
 -493.5418   -1.9888-67413.5732
 -490.2683   -2.4036-63718.2989
 -530.7336   -1.2668-80282.5789
 -199.3902   -0.7091-42089.9446
 -212.3834   -0.4612-56744.8444
 -610.7144   -0.8677-73537.8948
 -401.0681   -2.3411-65306.7339
 -389.5631   -1.5726-63644.3546
 -452.3253   -0.3821-71382.9738
 -245.4964   -0.8345-50699.7951
 -521.6922   -1.3630-80885.5047
 -514.0431   -1.6608-62287.1210
 -646.2642   -1.0569-84513.5575
 -382.2085   -0.7321-52771.3167
 -666.2085   -1.3292-94047.4749
 -438.9797   -2.0600-66524.6877
 -304.1770   -1.7383-63394.1539
 -312.3408   -0.4300-50747.7933
 -568.7774   -1.2293-83866.0197
 -542.0101   -1.0198-63155.3246
 -393.6483   -2.2416-69949.4010
 -484.4137   -1.7212-92201.0234
 -293.5731   -0.6523-48917.6107
 -411.0943   -2.1987-69658.5562
 -454.8885   -1.9527-67800.3839
 -236.9762   -0.6945-40702.5635
 -661.3320   -1.5230-88030.2099
 -374.9359   -2.0676-65665.5408
 -363.4783   -1.1014-60594.6358
 -584.8030   -1.2962-84998.5222
 -654.3037   -1.6027-71818.4560
 -622.1078   -1.8813-69778.7871
 -628.7579   -1.4723-61645.9310
 -531.7677   -1.3471-83839.0342
 -266.7975   -2.3811-66112.3570
 -417.6990   -2.1146-77149.8591
 -224.5174   -0.4911-43299.2935
 -429.0270   -1.1196-76815.2783
 -425.2287   -0.6947-49553.5405
 -606.7509   -1.1961-90396.3356
 -285.7497   -1.7886-64632.3342
 -262.0890   -2.2404-68593.4973
 -195.2990   -0.7478-56125.7431
 -669.7505   -1.4316-90864.9325
 -205.3332   -0.3657-44144.4351
 -297.6253   -0.5856-44276.7389
 -315.5574   -0.6000-45211.4528
 -275.3102   -0.7588-51138.5421
 -342.5773   -1.0241-57937.9041
 -353.6093   -0.7154-54310.8479
 -495.2467   -1.6818-85838.7950
 -501.4807   -1.7080-61142.5908
 -661.3373   -1.2184-78487.7722
 -481.8139   -1.3582-89176.9270
 -520.8131   -2.1608-75573.8908
 -589.2941   -1.4034-86041.6981
 -434.2739   -2.1319-68143.6421
 -465.5726   -1.4454-57734.4201
 -255.2654   -0.5276-41160.6604
 -640.6470   -1.0742-86946.3834
 -627.6144   -1.3846-91529.1782
 -259.5153   -1.7560-59515.4468
 -405.1740   -2.3609-65790.1176
 -288.9170   -0.4386-46054.5517
 -673.0890   -1.4894-88637.9051
 -168.1882   -0.4971-46695.3406
 -515.5655   -0.5956-52305.3071
 -650.7145   -1.8385-68842.8487
 -506.1323   -0.4467-60853.2115
 -549.1240   -1.3475-85620.1565
 -229.2586   -0.4824-44574.9036
 -226.4557   -0.5445-60375.9135
 -417.9975   -1.8083-69763.2119
 -598.9545   -1.2922-80143.5229
 -474.6500   -0.7761-65098.3984
 -544.7098   -1.8388-70807.9353

 Final hyperparameter values: 
  Hyperparameter        f1        f2        f3
         lambda1    0.2215    1.3301    0.3654
         lambda2    0.4174    0.8402    0.6510
         lambda3    1.5156    1.7932    2.5867
         lambda4    0.1547    9.5238   11.8924
         lambda5    3.1944   10.1805   11.6590
         lambda6    4.1071    0.3681    1.4666
          sigmaf  179.1379    0.724123197.3904
          sigman   55.3332    0.0991 8019.0779
