
 TSEMO log file created on 11-Aug-2020 

 This file shows the initial specifications of TSEMO and logs the output.
 ¯¯¯¯¯¯¯¯¯¯¯¯¯¯¯¯¯¯¯¯¯¯¯¯¯¯¯¯¯¯¯¯¯¯¯¯¯¯¯¯¯¯¯¯¯¯¯¯¯¯¯¯¯¯¯¯¯¯¯¯¯¯¯¯¯¯¯¯¯¯¯¯¯¯¯¯¯¯¯¯¯¯¯¯¯¯¯¯¯¯¯¯¯¯¯¯¯¯¯¯¯¯
 License information 

 BSD 2-Clause License 

 Copyright (c) 2017, Eric Bradford, Artur M. Schweidtmann and Alexei Lapkin
 All rights reserved. 

 Redistribution and use in source and binary forms, with or without
 modification, are permitted provided that the following conditions are met: 

 *Redistributions of source code must retain the above copyright notice, this   
  list of conditions and the following disclaimer. 

 *Redistributions in binary form must reproduce the above copyright notice,   
  this list of conditions and the following disclaimer in the documentation   
  and/or other materials provided with the distribution. 

 Modified by Mina Konakovic Lukovic 2019. 

 ¯¯¯¯¯¯¯¯¯¯¯¯¯¯¯¯¯¯¯¯¯¯¯¯¯¯¯¯¯¯¯¯¯¯¯¯¯¯¯¯¯¯¯¯¯¯¯¯¯¯¯¯¯¯¯¯¯¯¯¯¯¯¯¯¯¯¯¯¯¯¯¯¯¯¯¯¯¯¯¯¯¯¯¯¯¯¯¯¯¯¯¯¯¯¯¯¯¯¯¯¯¯
 Problem specifications 

 Number of inputs:   6
 Number of outputs:  3 

 Lower bounds of decision variables:
      x1      x2      x3      x4      x5      x6
  0.0000  0.0000  0.0000  0.0000  0.0000  0.0000
 
 Upper bounds of decision variables:
      x1      x2      x3      x4      x5      x6
  1.0000  1.0000  0.5000  1.0000  1.0000  1.0000
 ¯¯¯¯¯¯¯¯¯¯¯¯¯¯¯¯¯¯¯¯¯¯¯¯¯¯¯¯¯¯¯¯¯¯¯¯¯¯¯¯¯¯¯¯¯¯¯¯¯¯¯¯¯¯¯¯¯¯¯¯¯¯¯¯¯¯¯¯¯¯¯¯¯¯¯¯¯¯¯¯¯¯¯¯¯¯¯¯¯¯¯¯¯¯¯¯¯¯¯¯¯¯
 Algorithm options 

 Maximum number of function evaluations:  4
 Sample batch size:                       4
 Number of algorithm iterations:          1 

 Genetic algorithm population size:        100
 Genetic algorithm number of generations:  100 

                                               f1      f2      f3
 Number of spectral sampling points:          100     100     100
 Type of matern function:                       5       5       5
 Direct evaluations per input dimension:      100     100     100
 ¯¯¯¯¯¯¯¯¯¯¯¯¯¯¯¯¯¯¯¯¯¯¯¯¯¯¯¯¯¯¯¯¯¯¯¯¯¯¯¯¯¯¯¯¯¯¯¯¯¯¯¯¯¯¯¯¯¯¯¯¯¯¯¯¯¯¯¯¯¯¯¯¯¯¯¯¯¯¯¯¯¯¯¯¯¯¯¯¯¯¯¯¯¯¯¯¯¯¯¯¯¯
 Initial data set 

 Number of initial data points:  36 

 Initial input data matrix:
      x1      x2      x3      x4      x5      x6
  0.0000  1.0000  0.0000  0.0000  0.0000  0.0000
  0.0000  1.0000  0.0000  0.0000  0.0000  0.0000
  0.1500  0.0000  0.0000  0.0000  0.0000  0.8500
  0.0000  1.0000  0.0000  0.0000  0.0000  0.0000
  0.0000  1.0000  0.0000  0.0000  0.0000  0.0000
  0.1500  0.0000  0.0000  0.0000  0.0000  0.8500
  0.1500  0.0000  0.0000  0.0000  0.0000  0.8500
  0.0000  1.0000  0.0000  0.0000  0.0000  0.0000
  0.0000  1.0000  0.0000  0.0000  0.0000  0.0000
  0.1500  0.0000  0.0000  0.0000  0.0000  0.8500
  0.1500  0.0000  0.0000  0.0000  0.0000  0.8500
  0.0000  1.0000  0.0000  0.0000  0.0000  0.0000
  0.0000  1.0000  0.0000  0.0000  0.0000  0.0000
  0.1500  0.0000  0.0000  0.0000  0.0000  0.8500
  0.1500  0.0000  0.0000  0.0000  0.0000  0.8500
  0.5300  0.0000  0.0000  0.0000  0.3300  0.1400
  0.2700  0.0000  0.0000  0.0000  0.1400  0.5900
  0.3000  0.0000  0.0000  0.0000  0.0900  0.6100
  0.3200  0.0100  0.0000  0.0000  0.0900  0.5800
  0.5000  0.0000  0.0000  0.0000  0.3000  0.2000
  0.5300  0.0600  0.0000  0.0000  0.3200  0.0900
  0.5300  0.0000  0.0000  0.0000  0.3300  0.1400
  0.4200  0.0000  0.0000  0.0000  0.2700  0.3100
  0.4000  0.1700  0.0000  0.0000  0.1200  0.3100
  0.4400  0.2700  0.0000  0.0000  0.1700  0.1200
  0.3400  0.1400  0.0000  0.0000  0.1300  0.3900
  0.3300  0.1200  0.0000  0.0000  0.1300  0.4200
  0.2100  0.1100  0.0600  0.0000  0.1400  0.4800
  0.5200  0.0100  0.0100  0.0000  0.0000  0.4600
  0.4200  0.0100  0.0000  0.0000  0.1400  0.4300
  0.3100  0.0000  0.0000  0.0000  0.2000  0.4900
  1.0000  0.0000  0.0000  0.0000  0.0000  0.0000
  0.0000  1.0000  0.0000  0.0000  0.0000  0.0000
  0.0000  0.0000  0.0000  1.0000  0.0000  0.0000
  0.0000  0.0000  0.0000  0.0000  1.0000  0.0000
  0.0000  0.0000  0.0000  0.0000  0.0000  1.0000

 Initial output data matrix:
      f1      f2      f3
-440.8081 -1.0692-56891.8652
-334.3741 -1.1915-50105.0669
-367.8746 -2.5101-74164.3293
-387.3122 -1.0103-50446.7589
-429.6676 -1.1423-56504.3677
-473.2097 -2.4766-87890.4858
-194.2284 -2.2812-45267.7395
-367.0573 -0.8544-47955.9208
-474.5210 -1.1564-58958.4478
-318.6608 -2.5713-66446.3367
-334.6867 -2.4638-69176.1678
-433.1773 -1.1368-58145.9550
-387.0665 -1.1863-59216.3123
-383.6778 -2.5833-82308.5965
-394.0680 -2.4407-82976.8664
-339.9279 -0.4526-56708.2433
-417.5803 -1.8886-87010.6347
-528.5041 -1.8620-98960.0423
-467.4436 -1.9425-90651.0121
-437.3172 -0.8793-74331.5142
-277.7682 -0.6237-48954.9051
-313.5545 -0.4161-57364.7707
-552.7370 -1.2779-93604.4490
-420.9971 -1.2343-74708.9830
-260.1509 -0.9288-48842.4251
-385.1056 -1.4780-71597.8531
-392.9549 -1.5300-72763.0963
-341.9076 -1.6322-77873.4913
-306.3848 -1.2062-70127.7620
-577.9359 -1.4266-103320.8731
-436.3436 -1.5193-89870.8816
-196.2915 -0.6404-45815.0557
-467.8463 -1.0817-64695.6818
-368.8754 -0.0170-29085.6741
-119.2276 -0.1224-26582.4711
-232.5076 -2.1152-66881.8081

 ¯¯¯¯¯¯¯¯¯¯¯¯¯¯¯¯¯¯¯¯¯¯¯¯¯¯¯¯¯¯¯¯¯¯¯¯¯¯¯¯¯¯¯¯¯¯¯¯¯¯¯¯¯¯¯¯¯¯¯¯¯¯¯¯¯¯¯¯¯¯¯¯¯¯¯¯¯¯¯¯¯¯¯¯¯¯¯¯¯¯¯¯¯¯¯¯¯¯¯¯¯¯
 Algorithm iteration 1 

 Predicted hypervolume improvement:    1.8228
 Time taken:    0.0005 

 Proposed evaluation point(s): 
      x1      x2      x3      x4      x5      x6
  0.4100  0.0000  0.0000  0.0000  0.0000  0.5900
  0.3700  0.0000  0.0000  0.0000  0.0000  0.6300
  0.3500  0.0000  0.0000  0.0000  0.0000  0.6500
  0.4200  0.0000  0.0000  0.0300  0.0100  0.5400

 Corresponding observation(s): 
      f1      f2      f3
-571.1947 -1.9915-94386.0021
-518.2967 -2.1149-93766.9192
-486.5670 -2.1718-92550.4020
-577.3577 -1.7943-93513.3172

 ¯¯¯¯¯¯¯¯¯¯¯¯¯¯¯¯¯¯¯¯¯¯¯¯¯¯¯¯¯¯¯¯¯¯¯¯¯¯¯¯¯¯¯¯¯¯¯¯¯¯¯¯¯¯¯¯¯¯¯¯¯¯¯¯¯¯¯¯¯¯¯¯¯¯¯¯¯¯¯¯¯¯¯¯¯¯¯¯¯¯¯¯¯¯¯¯¯¯¯¯¯¯
 Final algorithm output 

 Final input data matrix:
        x1        x2        x3        x4        x5        x6
    0.0000    1.0000    0.0000    0.0000    0.0000    0.0000
    0.0000    1.0000    0.0000    0.0000    0.0000    0.0000
    0.1500    0.0000    0.0000    0.0000    0.0000    0.8500
    0.0000    1.0000    0.0000    0.0000    0.0000    0.0000
    0.0000    1.0000    0.0000    0.0000    0.0000    0.0000
    0.1500    0.0000    0.0000    0.0000    0.0000    0.8500
    0.1500    0.0000    0.0000    0.0000    0.0000    0.8500
    0.0000    1.0000    0.0000    0.0000    0.0000    0.0000
    0.0000    1.0000    0.0000    0.0000    0.0000    0.0000
    0.1500    0.0000    0.0000    0.0000    0.0000    0.8500
    0.1500    0.0000    0.0000    0.0000    0.0000    0.8500
    0.0000    1.0000    0.0000    0.0000    0.0000    0.0000
    0.0000    1.0000    0.0000    0.0000    0.0000    0.0000
    0.1500    0.0000    0.0000    0.0000    0.0000    0.8500
    0.1500    0.0000    0.0000    0.0000    0.0000    0.8500
    0.5300    0.0000    0.0000    0.0000    0.3300    0.1400
    0.2700    0.0000    0.0000    0.0000    0.1400    0.5900
    0.3000    0.0000    0.0000    0.0000    0.0900    0.6100
    0.3200    0.0100    0.0000    0.0000    0.0900    0.5800
    0.5000    0.0000    0.0000    0.0000    0.3000    0.2000
    0.5300    0.0600    0.0000    0.0000    0.3200    0.0900
    0.5300    0.0000    0.0000    0.0000    0.3300    0.1400
    0.4200    0.0000    0.0000    0.0000    0.2700    0.3100
    0.4000    0.1700    0.0000    0.0000    0.1200    0.3100
    0.4400    0.2700    0.0000    0.0000    0.1700    0.1200
    0.3400    0.1400    0.0000    0.0000    0.1300    0.3900
    0.3300    0.1200    0.0000    0.0000    0.1300    0.4200
    0.2100    0.1100    0.0600    0.0000    0.1400    0.4800
    0.5200    0.0100    0.0100    0.0000    0.0000    0.4600
    0.4200    0.0100    0.0000    0.0000    0.1400    0.4300
    0.3100    0.0000    0.0000    0.0000    0.2000    0.4900
    1.0000    0.0000    0.0000    0.0000    0.0000    0.0000
    0.0000    1.0000    0.0000    0.0000    0.0000    0.0000
    0.0000    0.0000    0.0000    1.0000    0.0000    0.0000
    0.0000    0.0000    0.0000    0.0000    1.0000    0.0000
    0.0000    0.0000    0.0000    0.0000    0.0000    1.0000
    0.4100    0.0000    0.0000    0.0000    0.0000    0.5900
    0.3700    0.0000    0.0000    0.0000    0.0000    0.6300
    0.3500    0.0000    0.0000    0.0000    0.0000    0.6500
    0.4200    0.0000    0.0000    0.0300    0.0100    0.5400

 Final output data matrix:
        f1        f2        f3
 -440.8081   -1.0692-56891.8652
 -334.3741   -1.1915-50105.0669
 -367.8746   -2.5101-74164.3293
 -387.3122   -1.0103-50446.7589
 -429.6676   -1.1423-56504.3677
 -473.2097   -2.4766-87890.4858
 -194.2284   -2.2812-45267.7395
 -367.0573   -0.8544-47955.9208
 -474.5210   -1.1564-58958.4478
 -318.6608   -2.5713-66446.3367
 -334.6867   -2.4638-69176.1678
 -433.1773   -1.1368-58145.9550
 -387.0665   -1.1863-59216.3123
 -383.6778   -2.5833-82308.5965
 -394.0680   -2.4407-82976.8664
 -339.9279   -0.4526-56708.2433
 -417.5803   -1.8886-87010.6347
 -528.5041   -1.8620-98960.0423
 -467.4436   -1.9425-90651.0121
 -437.3172   -0.8793-74331.5142
 -277.7682   -0.6237-48954.9051
 -313.5545   -0.4161-57364.7707
 -552.7370   -1.2779-93604.4490
 -420.9971   -1.2343-74708.9830
 -260.1509   -0.9288-48842.4251
 -385.1056   -1.4780-71597.8531
 -392.9549   -1.5300-72763.0963
 -341.9076   -1.6322-77873.4913
 -306.3848   -1.2062-70127.7620
 -577.9359   -1.4266-103320.8731
 -436.3436   -1.5193-89870.8816
 -196.2915   -0.6404-45815.0557
 -467.8463   -1.0817-64695.6818
 -368.8754   -0.0170-29085.6741
 -119.2276   -0.1224-26582.4711
 -232.5076   -2.1152-66881.8081
 -571.1947   -1.9915-94386.0021
 -518.2967   -2.1149-93766.9192
 -486.5670   -2.1718-92550.4020
 -577.3577   -1.7943-93513.3172

 Input data matrix of corresponding Pareto front:
        x1        x2        x3        x4        x5        x6
    0.1500    0.0000    0.0000    0.0000    0.0000    0.8500
    0.1500    0.0000    0.0000    0.0000    0.0000    0.8500
    0.3000    0.0000    0.0000    0.0000    0.0900    0.6100
    0.3200    0.0100    0.0000    0.0000    0.0900    0.5800
    0.4200    0.0100    0.0000    0.0000    0.1400    0.4300

 Output data matrix of corresponding Pareto front:
        f1        f2        f3
 -473.2097   -2.4766-87890.4858
 -383.6778   -2.5833-82308.5965
 -528.5041   -1.8620-98960.0423
 -467.4436   -1.9425-90651.0121
 -577.9359   -1.4266-103320.8731

 Input data matrix of Pareto front of final Gaussian process model:
        x1        x2        x3        x4        x5        x6
    0.0140    0.0039    0.0000    0.0047    0.1815    0.7959
    0.4029    0.0014    0.0000    0.0059    0.0337    0.5561
    0.0180    0.0040    0.0000    0.0061    0.1841    0.7878
    0.3921    0.0014    0.0000    0.0135    0.0329    0.5601
    0.1161    0.0078    0.0000    0.0048    0.0711    0.8001
    0.0932    0.0217    0.0000    0.0488    0.0415    0.7949
    0.3418    0.0017    0.0000    0.0048    0.0008    0.6508
    0.1460    0.0004    0.0000    0.0084    0.0519    0.7933
    0.3817    0.0010    0.0000    0.0040    0.0006    0.6128
    0.3900    0.0015    0.0000    0.0057    0.0145    0.5884
    0.3331    0.0011    0.0000    0.0063    0.0009    0.6585
    0.1338    0.0028    0.0000    0.0115    0.0454    0.8065
    0.3906    0.0014    0.0000    0.0057    0.0010    0.6013
    0.4062    0.0013    0.0000    0.0057    0.0146    0.5722
    0.0786    0.0104    0.0000    0.0084    0.1147    0.7880
    0.3477    0.0017    0.0000    0.0049    0.0012    0.6445
    0.3729    0.0011    0.0000    0.0030    0.0045    0.6185
    0.3134    0.0012    0.0000    0.0065    0.0009    0.6779
    0.0522    0.0268    0.0000    0.0030    0.1229    0.7950
    0.1257    0.0129    0.0000    0.0045    0.0625    0.7944
    0.2989    0.0031    0.0000    0.0014    0.0008    0.6959
    0.1804    0.0027    0.0000    0.0118    0.0050    0.7999
    0.3081    0.0011    0.0000    0.0083    0.0000    0.6825
    0.1508    0.0004    0.0000    0.0040    0.0537    0.7911
    0.2277    0.0028    0.0000    0.0016    0.0016    0.7663
    0.1727    0.0041    0.0000    0.0120    0.0145    0.7966
    0.3983    0.0014    0.0000    0.0059    0.0010    0.5934
    0.2126    0.0011    0.0000    0.0031    0.0058    0.7774
    0.1867    0.0064    0.0000    0.0079    0.0041    0.7949
    0.3191    0.0011    0.0000    0.0044    0.0000    0.6754
    0.2684    0.0016    0.0000    0.0027    0.0000    0.7272
    0.2027    0.0015    0.0000    0.0116    0.0010    0.7832
    0.3019    0.0011    0.0000    0.0063    0.0010    0.6896
    0.3224    0.0013    0.0000    0.0069    0.0010    0.6684
    0.3522    0.0013    0.0000    0.0058    0.0066    0.6340
    0.3289    0.0012    0.0000    0.0068    0.0010    0.6621
    0.2354    0.0032    0.0000    0.0018    0.0019    0.7578
    0.2407    0.0011    0.0000    0.0014    0.0119    0.7448
    0.0542    0.0119    0.0000    0.0027    0.1275    0.8038
    0.1736    0.0034    0.0000    0.0139    0.0201    0.7891
    0.2776    0.0012    0.0000    0.0065    0.0010    0.7137
    0.2182    0.0013    0.0000    0.0115    0.0010    0.7680
    0.3593    0.0029    0.0000    0.0105    0.0009    0.6264
    0.1911    0.0025    0.0000    0.0118    0.0010    0.7936
    0.1305    0.0158    0.0000    0.0045    0.0569    0.7923
    0.0375    0.0124    0.0000    0.0017    0.1539    0.7944
    0.2931    0.0038    0.0000    0.0038    0.0009    0.6983
    0.0543    0.0119    0.0000    0.0017    0.1470    0.7852
    0.2566    0.0013    0.0000    0.0125    0.0011    0.7284
    0.2732    0.0015    0.0000    0.0057    0.0004    0.7193
    0.3201    0.0013    0.0000    0.0070    0.0010    0.6706
    0.3547    0.0029    0.0000    0.0104    0.0009    0.6312
    0.0889    0.0105    0.0000    0.0602    0.0395    0.8008
    0.3547    0.0029    0.0000    0.0139    0.0009    0.6277
    0.3261    0.0011    0.0000    0.0046    0.0043    0.6639
    0.0744    0.0383    0.0000    0.0085    0.0838    0.7951
    0.3918    0.0030    0.0000    0.0089    0.0297    0.5667
    0.2500    0.0015    0.0000    0.0058    0.0060    0.7366
    0.2534    0.0032    0.0000    0.0017    0.0018    0.7398
    0.3490    0.0032    0.0000    0.0039    0.0056    0.6382
    0.1640    0.0027    0.0000    0.0098    0.0295    0.7940
    0.0814    0.0054    0.0000    0.0455    0.0823    0.7854
    0.2798    0.0011    0.0000    0.0056    0.0033    0.7102
    0.1552    0.0015    0.0000    0.0056    0.0410    0.7968
    0.3058    0.0022    0.0000    0.0052    0.0009    0.6859
    0.2001    0.0033    0.0000    0.0013    0.0011    0.7941
    0.1603    0.0026    0.0000    0.0102    0.0288    0.7980
    0.2559    0.0012    0.0000    0.0110    0.0010    0.7309
    0.3624    0.0027    0.0000    0.0006    0.0126    0.6217
    0.2725    0.0034    0.0000    0.0019    0.0019    0.7203
    0.1563    0.0015    0.0000    0.0056    0.0340    0.8026
    0.1320    0.0040    0.0000    0.0067    0.0704    0.7870
    0.1265    0.0130    0.0000    0.0045    0.0630    0.7929
    0.3901    0.0014    0.0000    0.0136    0.0330    0.5619
    0.3678    0.0029    0.0000    0.0104    0.0009    0.6181
    0.2372    0.0011    0.0000    0.0056    0.0010    0.7552
    0.0365    0.0121    0.0000    0.0017    0.1497    0.8000
    0.0851    0.0044    0.0000    0.0579    0.0480    0.8046
    0.1635    0.0000    0.0000    0.0072    0.0253    0.8041
    0.3629    0.0031    0.0000    0.0038    0.0054    0.6247
    0.2833    0.0013    0.0000    0.0074    0.0011    0.7070
    0.2890    0.0015    0.0000    0.0058    0.0034    0.7003
    0.2178    0.0035    0.0000    0.0014    0.0005    0.7769
    0.0849    0.0155    0.0000    0.0578    0.0478    0.7940
    0.3490    0.0032    0.0000    0.0039    0.0056    0.6382
    0.2426    0.0065    0.0000    0.0046    0.0007    0.7456
    0.0182    0.0011    0.0000    0.0289    0.1567    0.7952
    0.2838    0.0010    0.0000    0.0012    0.0103    0.7037
    0.3019    0.0013    0.0000    0.0112    0.0000    0.6857
    0.1943    0.0024    0.0000    0.0076    0.0012    0.7945
    0.0170    0.0130    0.0000    0.0266    0.1486    0.7948
    0.3651    0.0033    0.0000    0.0029    0.0091    0.6195
    0.2873    0.0028    0.0000    0.0001    0.0083    0.7016
    0.3956    0.0013    0.0000    0.0056    0.0403    0.5572
    0.0752    0.0319    0.0000    0.0282    0.0740    0.7907
    0.1616    0.0008    0.0000    0.0015    0.0320    0.8041
    0.3277    0.0027    0.0000    0.0054    0.0008    0.6634
    0.2024    0.0033    0.0000    0.0013    0.0010    0.7919
    0.3662    0.0029    0.0000    0.0107    0.0009    0.6193
    0.1942    0.0024    0.0000    0.0076    0.0012    0.7946

 Output data matrix of Pareto front of final Gaussian process model:
        f1        f2        f3
 -207.2506   -2.5217-58470.5031
 -554.1770   -1.7657-95022.3141
 -207.6802   -2.5213-58349.0468
 -552.5961   -1.7846-95119.9505
 -301.6183   -2.5129-68113.1136
 -275.1102   -2.5132-64404.6051
 -502.6613   -2.1604-92644.1055
 -341.4445   -2.5091-73552.3961
 -546.9120   -1.9986-94644.8941
 -551.4450   -1.8974-94935.6336
 -491.1459   -2.1912-92197.6292
 -326.4624   -2.5093-71258.3554
 -551.4760   -1.9494-94832.0595
 -553.4264   -1.8272-94865.1735
 -252.7218   -2.5167-62602.7585
 -510.5326   -2.1346-92993.9223
 -539.9135   -2.0247-94361.3673
 -465.3041   -2.2642-91072.8671
 -232.0150   -2.5184-59956.5618
 -314.4581   -2.5114-69605.5057
 -447.6182   -2.3237-90042.9964
 -378.3016   -2.5027-79278.8565
 -458.9342   -2.2803-90794.0997
 -347.2380   -2.5082-74434.5152
 -404.4099   -2.4788-85428.7967
 -371.0944   -2.5042-78023.4771
 -553.4018   -1.9149-94866.6662
 -398.5625   -2.4907-83945.7693
 -382.3471   -2.5013-80063.0901
 -472.3878   -2.2541-91357.0609
 -423.1950   -2.4099-88597.0802
 -393.5280   -2.4955-82688.0880
 -451.9470   -2.3043-90462.4101
 -476.6657   -2.2296-91564.6814
 -516.6565   -2.0932-93355.5676
 -485.4466   -2.2054-91948.0213
 -407.1707   -2.4680-86120.3752
 -409.8097   -2.4494-86873.3972
 -230.0776   -2.5179-60483.6655
 -371.6762   -2.5031-78274.7245
 -429.6088   -2.3770-89199.1110
 -400.9574   -2.4823-84646.9822
 -524.4349   -2.0611-93602.5926
 -386.3181   -2.5005-80950.9274
 -320.9039   -2.5103-70374.8285
 -218.1925   -2.5205-59236.0266
 -441.5067   -2.3325-89699.8290
 -228.7025   -2.5185-60130.6464
 -416.8347   -2.4154-88023.3986
 -426.4124   -2.3913-88919.2381
 -473.7079   -2.2375-91438.1203
 -518.8932   -2.0813-93350.8228
 -268.8215   -2.5137-64073.8128
 -518.9504   -2.0675-93389.3847
 -481.7543   -2.2128-91816.3646
 -255.1542   -2.5150-61793.3277
 -551.4601   -1.8108-94948.1431
 -413.6085   -2.4331-87533.8043
 -414.5886   -2.4377-87526.1378
 -511.3502   -2.1109-92970.1351
 -362.4318   -2.5059-76662.7094
 -256.9232   -2.5147-63035.9908
 -431.2965   -2.3677-89336.6365
 -352.6914   -2.5078-75130.5115
 -455.6736   -2.2919-90541.1920
 -391.8103   -2.4990-82083.6384
 -358.6585   -2.5066-75992.9788
 -416.5108   -2.4206-87965.6271
 -528.1005   -2.0415-93789.4406
 -425.0100   -2.3940-88655.6738
 -354.3230   -2.5071-75280.6998
 -322.5019   -2.5101-70959.2285
 -315.5501   -2.5112-69756.6071
 -551.8590   -1.7924-95102.0260
 -533.8732   -2.0251-94035.9243
 -408.5974   -2.4644-86494.5499
 -217.9588   -2.5199-59327.2129
 -263.3164   -2.5139-63727.1292
 -362.5323   -2.5057-76567.1235
 -528.4783   -2.0534-93748.1642
 -434.0162   -2.3585-89492.9800
 -438.8450   -2.3391-89779.5794
 -400.2894   -2.4891-84308.5716
 -264.3697   -2.5143-63409.6275
 -511.3502   -2.1109-92970.1351
 -408.7230   -2.4497-86441.9807
 -208.6067   -2.5209-58573.2722
 -434.4824   -2.3501-89593.3043
 -451.8860   -2.2922-90482.5889
 -388.4744   -2.5001-81381.6541
 -211.8850   -2.5206-58407.8079
 -530.8117   -2.0322-93869.3114
 -436.5537   -2.3436-89550.1902
 -553.8088   -1.7722-95118.7533
 -255.2812   -2.5148-61923.6926
 -360.2620   -2.5061-76198.6457
 -482.9402   -2.2107-91719.1211
 -393.0713   -2.4982-82400.7057
 -532.2481   -2.0306-93967.0209
 -388.3976   -2.5002-81363.4186

 Final hyperparameter values: 
  Hyperparameter        f1        f2        f3
         lambda1    0.1311    1.7915    0.4108
         lambda2    0.2651    0.7750    0.6752
         lambda3    1.2225    2.2999    2.2816
         lambda4    0.6646    7.5946   11.2766
         lambda5    3.1403    8.9379   11.6454
         lambda6    3.4135    0.3447    1.6674
          sigmaf  133.5129    0.696023475.2763
          sigman   52.4482    0.1058 7981.2937
