
 TSEMO log file created on 11-Aug-2020 

 This file shows the initial specifications of TSEMO and logs the output.
 ¯¯¯¯¯¯¯¯¯¯¯¯¯¯¯¯¯¯¯¯¯¯¯¯¯¯¯¯¯¯¯¯¯¯¯¯¯¯¯¯¯¯¯¯¯¯¯¯¯¯¯¯¯¯¯¯¯¯¯¯¯¯¯¯¯¯¯¯¯¯¯¯¯¯¯¯¯¯¯¯¯¯¯¯¯¯¯¯¯¯¯¯¯¯¯¯¯¯¯¯¯¯
 License information 

 BSD 2-Clause License 

 Copyright (c) 2017, Eric Bradford, Artur M. Schweidtmann and Alexei Lapkin
 All rights reserved. 

 Redistribution and use in source and binary forms, with or without
 modification, are permitted provided that the following conditions are met: 

 *Redistributions of source code must retain the above copyright notice, this   
  list of conditions and the following disclaimer. 

 *Redistributions in binary form must reproduce the above copyright notice,   
  this list of conditions and the following disclaimer in the documentation   
  and/or other materials provided with the distribution. 

 Modified by Mina Konakovic Lukovic 2019. 

 ¯¯¯¯¯¯¯¯¯¯¯¯¯¯¯¯¯¯¯¯¯¯¯¯¯¯¯¯¯¯¯¯¯¯¯¯¯¯¯¯¯¯¯¯¯¯¯¯¯¯¯¯¯¯¯¯¯¯¯¯¯¯¯¯¯¯¯¯¯¯¯¯¯¯¯¯¯¯¯¯¯¯¯¯¯¯¯¯¯¯¯¯¯¯¯¯¯¯¯¯¯¯
 Problem specifications 

 Number of inputs:   6
 Number of outputs:  3 

 Lower bounds of decision variables:
      x1      x2      x3      x4      x5      x6
  0.0000  0.0000  0.0000  0.0000  0.0000  0.0000
 
 Upper bounds of decision variables:
      x1      x2      x3      x4      x5      x6
  1.0000  1.0000  0.5000  1.0000  1.0000  1.0000
 ¯¯¯¯¯¯¯¯¯¯¯¯¯¯¯¯¯¯¯¯¯¯¯¯¯¯¯¯¯¯¯¯¯¯¯¯¯¯¯¯¯¯¯¯¯¯¯¯¯¯¯¯¯¯¯¯¯¯¯¯¯¯¯¯¯¯¯¯¯¯¯¯¯¯¯¯¯¯¯¯¯¯¯¯¯¯¯¯¯¯¯¯¯¯¯¯¯¯¯¯¯¯
 Algorithm options 

 Maximum number of function evaluations:  4
 Sample batch size:                       4
 Number of algorithm iterations:          1 

 Genetic algorithm population size:        100
 Genetic algorithm number of generations:  100 

                                               f1      f2      f3
 Number of spectral sampling points:          100     100     100
 Type of matern function:                       5       5       5
 Direct evaluations per input dimension:      100     100     100
 ¯¯¯¯¯¯¯¯¯¯¯¯¯¯¯¯¯¯¯¯¯¯¯¯¯¯¯¯¯¯¯¯¯¯¯¯¯¯¯¯¯¯¯¯¯¯¯¯¯¯¯¯¯¯¯¯¯¯¯¯¯¯¯¯¯¯¯¯¯¯¯¯¯¯¯¯¯¯¯¯¯¯¯¯¯¯¯¯¯¯¯¯¯¯¯¯¯¯¯¯¯¯
 Initial data set 

 Number of initial data points:  36 

 Initial input data matrix:
      x1      x2      x3      x4      x5      x6
  0.0000  1.0000  0.0000  0.0000  0.0000  0.0000
  0.0000  1.0000  0.0000  0.0000  0.0000  0.0000
  0.1500  0.0000  0.0000  0.0000  0.0000  0.8500
  0.0000  1.0000  0.0000  0.0000  0.0000  0.0000
  0.0000  1.0000  0.0000  0.0000  0.0000  0.0000
  0.1500  0.0000  0.0000  0.0000  0.0000  0.8500
  0.1500  0.0000  0.0000  0.0000  0.0000  0.8500
  0.0000  1.0000  0.0000  0.0000  0.0000  0.0000
  0.0000  1.0000  0.0000  0.0000  0.0000  0.0000
  0.1500  0.0000  0.0000  0.0000  0.0000  0.8500
  0.1500  0.0000  0.0000  0.0000  0.0000  0.8500
  0.0000  1.0000  0.0000  0.0000  0.0000  0.0000
  0.0000  1.0000  0.0000  0.0000  0.0000  0.0000
  0.1500  0.0000  0.0000  0.0000  0.0000  0.8500
  0.1500  0.0000  0.0000  0.0000  0.0000  0.8500
  0.5300  0.0000  0.0000  0.0000  0.3300  0.1400
  0.2700  0.0000  0.0000  0.0000  0.1400  0.5900
  0.3000  0.0000  0.0000  0.0000  0.0900  0.6100
  0.3200  0.0100  0.0000  0.0000  0.0900  0.5800
  0.5000  0.0000  0.0000  0.0000  0.3000  0.2000
  0.5300  0.0600  0.0000  0.0000  0.3200  0.0900
  0.5300  0.0000  0.0000  0.0000  0.3300  0.1400
  0.4200  0.0000  0.0000  0.0000  0.2700  0.3100
  0.4000  0.1700  0.0000  0.0000  0.1200  0.3100
  0.4400  0.2700  0.0000  0.0000  0.1700  0.1200
  0.3400  0.1400  0.0000  0.0000  0.1300  0.3900
  0.3300  0.1200  0.0000  0.0000  0.1300  0.4200
  0.2100  0.1100  0.0600  0.0000  0.1400  0.4800
  0.5200  0.0100  0.0100  0.0000  0.0000  0.4600
  0.4200  0.0100  0.0000  0.0000  0.1400  0.4300
  0.3100  0.0000  0.0000  0.0000  0.2000  0.4900
  1.0000  0.0000  0.0000  0.0000  0.0000  0.0000
  0.0000  1.0000  0.0000  0.0000  0.0000  0.0000
  0.0000  0.0000  0.0000  1.0000  0.0000  0.0000
  0.0000  0.0000  0.0000  0.0000  1.0000  0.0000
  0.0000  0.0000  0.0000  0.0000  0.0000  1.0000

 Initial output data matrix:
      f1      f2      f3
-440.8081 -1.0692-56891.8652
-334.3741 -1.1915-50105.0669
-367.8746 -2.5101-74164.3293
-387.3122 -1.0103-50446.7589
-429.6676 -1.1423-56504.3677
-473.2097 -2.4766-87890.4858
-194.2284 -2.2812-45267.7395
-367.0573 -0.8544-47955.9208
-474.5210 -1.1564-58958.4478
-318.6608 -2.5713-66446.3367
-334.6867 -2.4638-69176.1678
-433.1773 -1.1368-58145.9550
-387.0665 -1.1863-59216.3123
-383.6778 -2.5833-82308.5965
-394.0680 -2.4407-82976.8664
-339.9279 -0.4526-56708.2433
-417.5803 -1.8886-87010.6347
-528.5041 -1.8620-98960.0423
-467.4436 -1.9425-90651.0121
-437.3172 -0.8793-74331.5142
-277.7682 -0.6237-48954.9051
-313.5545 -0.4161-57364.7707
-552.7370 -1.2779-93604.4490
-420.9971 -1.2343-74708.9830
-260.1509 -0.9288-48842.4251
-385.1056 -1.4780-71597.8531
-392.9549 -1.5300-72763.0963
-341.9076 -1.6322-77873.4913
-306.3848 -1.2062-70127.7620
-577.9359 -1.4266-103320.8731
-436.3436 -1.5193-89870.8816
-196.2915 -0.6404-45815.0557
-467.8463 -1.0817-64695.6818
-368.8754 -0.0170-29085.6741
-119.2276 -0.1224-26582.4711
-232.5076 -2.1152-66881.8081

 ¯¯¯¯¯¯¯¯¯¯¯¯¯¯¯¯¯¯¯¯¯¯¯¯¯¯¯¯¯¯¯¯¯¯¯¯¯¯¯¯¯¯¯¯¯¯¯¯¯¯¯¯¯¯¯¯¯¯¯¯¯¯¯¯¯¯¯¯¯¯¯¯¯¯¯¯¯¯¯¯¯¯¯¯¯¯¯¯¯¯¯¯¯¯¯¯¯¯¯¯¯¯
 Algorithm iteration 1 

 Predicted hypervolume improvement:    6.5203
 Time taken:    0.0010 

 Proposed evaluation point(s): 
      x1      x2      x3      x4      x5      x6
  0.4100  0.0000  0.0000  0.1900  0.0000  0.4000
  0.3900  0.0000  0.0000  0.0000  0.0100  0.6000
  0.4200  0.0000  0.0000  0.2500  0.0100  0.3200
  0.4000  0.0000  0.0000  0.1100  0.0000  0.4900

 Corresponding observation(s): 
      f1      f2      f3
-717.7522 -1.3582-88775.9327
-583.3323 -1.6348-103539.5871
-757.0558 -1.1368-82535.8734
-660.3936 -1.4722-95807.1058

 ¯¯¯¯¯¯¯¯¯¯¯¯¯¯¯¯¯¯¯¯¯¯¯¯¯¯¯¯¯¯¯¯¯¯¯¯¯¯¯¯¯¯¯¯¯¯¯¯¯¯¯¯¯¯¯¯¯¯¯¯¯¯¯¯¯¯¯¯¯¯¯¯¯¯¯¯¯¯¯¯¯¯¯¯¯¯¯¯¯¯¯¯¯¯¯¯¯¯¯¯¯¯
 Final algorithm output 

 Final input data matrix:
        x1        x2        x3        x4        x5        x6
    0.0000    1.0000    0.0000    0.0000    0.0000    0.0000
    0.0000    1.0000    0.0000    0.0000    0.0000    0.0000
    0.1500    0.0000    0.0000    0.0000    0.0000    0.8500
    0.0000    1.0000    0.0000    0.0000    0.0000    0.0000
    0.0000    1.0000    0.0000    0.0000    0.0000    0.0000
    0.1500    0.0000    0.0000    0.0000    0.0000    0.8500
    0.1500    0.0000    0.0000    0.0000    0.0000    0.8500
    0.0000    1.0000    0.0000    0.0000    0.0000    0.0000
    0.0000    1.0000    0.0000    0.0000    0.0000    0.0000
    0.1500    0.0000    0.0000    0.0000    0.0000    0.8500
    0.1500    0.0000    0.0000    0.0000    0.0000    0.8500
    0.0000    1.0000    0.0000    0.0000    0.0000    0.0000
    0.0000    1.0000    0.0000    0.0000    0.0000    0.0000
    0.1500    0.0000    0.0000    0.0000    0.0000    0.8500
    0.1500    0.0000    0.0000    0.0000    0.0000    0.8500
    0.5300    0.0000    0.0000    0.0000    0.3300    0.1400
    0.2700    0.0000    0.0000    0.0000    0.1400    0.5900
    0.3000    0.0000    0.0000    0.0000    0.0900    0.6100
    0.3200    0.0100    0.0000    0.0000    0.0900    0.5800
    0.5000    0.0000    0.0000    0.0000    0.3000    0.2000
    0.5300    0.0600    0.0000    0.0000    0.3200    0.0900
    0.5300    0.0000    0.0000    0.0000    0.3300    0.1400
    0.4200    0.0000    0.0000    0.0000    0.2700    0.3100
    0.4000    0.1700    0.0000    0.0000    0.1200    0.3100
    0.4400    0.2700    0.0000    0.0000    0.1700    0.1200
    0.3400    0.1400    0.0000    0.0000    0.1300    0.3900
    0.3300    0.1200    0.0000    0.0000    0.1300    0.4200
    0.2100    0.1100    0.0600    0.0000    0.1400    0.4800
    0.5200    0.0100    0.0100    0.0000    0.0000    0.4600
    0.4200    0.0100    0.0000    0.0000    0.1400    0.4300
    0.3100    0.0000    0.0000    0.0000    0.2000    0.4900
    1.0000    0.0000    0.0000    0.0000    0.0000    0.0000
    0.0000    1.0000    0.0000    0.0000    0.0000    0.0000
    0.0000    0.0000    0.0000    1.0000    0.0000    0.0000
    0.0000    0.0000    0.0000    0.0000    1.0000    0.0000
    0.0000    0.0000    0.0000    0.0000    0.0000    1.0000
    0.4100    0.0000    0.0000    0.1900    0.0000    0.4000
    0.3900    0.0000    0.0000    0.0000    0.0100    0.6000
    0.4200    0.0000    0.0000    0.2500    0.0100    0.3200
    0.4000    0.0000    0.0000    0.1100    0.0000    0.4900

 Final output data matrix:
        f1        f2        f3
 -440.8081   -1.0692-56891.8652
 -334.3741   -1.1915-50105.0669
 -367.8746   -2.5101-74164.3293
 -387.3122   -1.0103-50446.7589
 -429.6676   -1.1423-56504.3677
 -473.2097   -2.4766-87890.4858
 -194.2284   -2.2812-45267.7395
 -367.0573   -0.8544-47955.9208
 -474.5210   -1.1564-58958.4478
 -318.6608   -2.5713-66446.3367
 -334.6867   -2.4638-69176.1678
 -433.1773   -1.1368-58145.9550
 -387.0665   -1.1863-59216.3123
 -383.6778   -2.5833-82308.5965
 -394.0680   -2.4407-82976.8664
 -339.9279   -0.4526-56708.2433
 -417.5803   -1.8886-87010.6347
 -528.5041   -1.8620-98960.0423
 -467.4436   -1.9425-90651.0121
 -437.3172   -0.8793-74331.5142
 -277.7682   -0.6237-48954.9051
 -313.5545   -0.4161-57364.7707
 -552.7370   -1.2779-93604.4490
 -420.9971   -1.2343-74708.9830
 -260.1509   -0.9288-48842.4251
 -385.1056   -1.4780-71597.8531
 -392.9549   -1.5300-72763.0963
 -341.9076   -1.6322-77873.4913
 -306.3848   -1.2062-70127.7620
 -577.9359   -1.4266-103320.8731
 -436.3436   -1.5193-89870.8816
 -196.2915   -0.6404-45815.0557
 -467.8463   -1.0817-64695.6818
 -368.8754   -0.0170-29085.6741
 -119.2276   -0.1224-26582.4711
 -232.5076   -2.1152-66881.8081
 -717.7522   -1.3582-88775.9327
 -583.3323   -1.6348-103539.5871
 -757.0558   -1.1368-82535.8734
 -660.3936   -1.4722-95807.1058

 Input data matrix of corresponding Pareto front:
        x1        x2        x3        x4        x5        x6
    0.1500    0.0000    0.0000    0.0000    0.0000    0.8500
    0.1500    0.0000    0.0000    0.0000    0.0000    0.8500
    0.3000    0.0000    0.0000    0.0000    0.0900    0.6100
    0.3200    0.0100    0.0000    0.0000    0.0900    0.5800
    0.4200    0.0100    0.0000    0.0000    0.1400    0.4300

 Output data matrix of corresponding Pareto front:
        f1        f2        f3
 -473.2097   -2.4766-87890.4858
 -383.6778   -2.5833-82308.5965
 -528.5041   -1.8620-98960.0423
 -467.4436   -1.9425-90651.0121
 -577.9359   -1.4266-103320.8731

 Input data matrix of Pareto front of final Gaussian process model:
        x1        x2        x3        x4        x5        x6
    0.0399    0.0046    0.0000    0.0270    0.0854    0.8431
    0.0548    0.0458    0.0000    0.0003    0.0478    0.8513
    0.3739    0.0039    0.0000    0.2852    0.0111    0.3259
    0.3853    0.0015    0.0000    0.0069    0.0033    0.6030
    0.1598    0.0049    0.0000    0.0049    0.0118    0.8185
    0.1715    0.0008    0.0000    0.0054    0.0190    0.8033
    0.1154    0.0021    0.0000    0.0063    0.0255    0.8507
    0.0968    0.0099    0.0000    0.0238    0.0217    0.8477
    0.1052    0.0086    0.0000    0.0094    0.0165    0.8603
    0.3734    0.0036    0.0000    0.2745    0.0120    0.3365
    0.2054    0.0023    0.0000    0.0107    0.0055    0.7761
    0.1405    0.0031    0.0000    0.0053    0.0128    0.8383
    0.1347    0.0049    0.0000    0.0063    0.0137    0.8404
    0.2251    0.0041    0.0000    0.0015    0.0015    0.7679
    0.1707    0.0050    0.0000    0.0047    0.0001    0.8194
    0.1320    0.0053    0.0000    0.0061    0.0134    0.8432
    0.3588    0.0039    0.0000    0.0050    0.0066    0.6258
    0.1891    0.0055    0.0000    0.0049    0.0088    0.7917
    0.3720    0.0043    0.0000    0.1436    0.0084    0.4717
    0.3460    0.0057    0.0000    0.1967    0.0063    0.4453
    0.2445    0.0074    0.0000    0.0639    0.0099    0.6743
    0.3582    0.0036    0.0000    0.2760    0.0094    0.3527
    0.1514    0.0045    0.0000    0.0052    0.0093    0.8296
    0.3599    0.0063    0.0000    0.2598    0.0118    0.3623
    0.0503    0.0202    0.0000    0.0367    0.0439    0.8490
    0.3748    0.0066    0.0000    0.2365    0.0049    0.3772
    0.1083    0.0046    0.0000    0.0363    0.0135    0.8373
    0.3578    0.0047    0.0000    0.1461    0.0162    0.4752
    0.1844    0.0051    0.0000    0.0049    0.0120    0.7936
    0.3762    0.0005    0.0000    0.1631    0.0132    0.4469
    0.1266    0.0055    0.0000    0.0038    0.0213    0.8429
    0.3210    0.0051    0.0000    0.0106    0.0038    0.6596
    0.3711    0.0040    0.0000    0.0063    0.0027    0.6160
    0.3635    0.0048    0.0000    0.1021    0.0147    0.5148
    0.3760    0.0056    0.0000    0.2108    0.0093    0.3984
    0.3710    0.0049    0.0000    0.1087    0.0018    0.5136
    0.2369    0.0045    0.0000    0.0058    0.0030    0.7499
    0.2849    0.0041    0.0000    0.0359    0.0015    0.6735
    0.2113    0.0041    0.0000    0.0399    0.0210    0.7238
    0.3502    0.0031    0.0000    0.0777    0.0030    0.5661
    0.2357    0.0076    0.0000    0.0891    0.0177    0.6499
    0.4001    0.0045    0.0000    0.0775    0.0030    0.5150
    0.0935    0.0071    0.0000    0.0091    0.0562    0.8341
    0.0786    0.0040    0.0000    0.0054    0.0562    0.8559
    0.3794    0.0047    0.0000    0.0062    0.0030    0.6066
    0.3463    0.0035    0.0000    0.1219    0.0063    0.5220
    0.3808    0.0038    0.0000    0.2526    0.0132    0.3496
    0.3330    0.0042    0.0000    0.0063    0.0171    0.6394
    0.2869    0.0046    0.0000    0.0059    0.0030    0.6996
    0.3571    0.0037    0.0000    0.2447    0.0149    0.3796
    0.2214    0.0054    0.0000    0.1418    0.0036    0.6279
    0.1234    0.0076    0.0000    0.0055    0.0242    0.8394
    0.1489    0.0071    0.0000    0.0052    0.0113    0.8275
    0.1463    0.0035    0.0000    0.0053    0.0183    0.8266
    0.3754    0.0040    0.0000    0.2020    0.0114    0.4072
    0.0930    0.0370    0.0000    0.0091    0.0010    0.8599
    0.3524    0.0040    0.0000    0.0051    0.0026    0.6359
    0.1925    0.0008    0.0000    0.0058    0.0207    0.7801
    0.3675    0.0038    0.0000    0.2247    0.0154    0.3886
    0.3539    0.0062    0.0000    0.2233    0.0089    0.4075
    0.1438    0.0055    0.0000    0.0052    0.0196    0.8259
    0.2120    0.0012    0.0000    0.1391    0.0178    0.6298
    0.3492    0.0039    0.0000    0.1141    0.0020    0.5307
    0.3698    0.0040    0.0000    0.0412    0.0197    0.5653
    0.1560    0.0048    0.0000    0.0048    0.0115    0.8229
    0.3423    0.0037    0.0000    0.0281    0.0068    0.6191
    0.2081    0.0038    0.0000    0.0930    0.0082    0.6869
    0.3296    0.0041    0.0000    0.0283    0.0082    0.6299
    0.3241    0.0038    0.0000    0.0111    0.0109    0.6500
    0.3478    0.0054    0.0000    0.0893    0.0037    0.5539
    0.2225    0.0093    0.0000    0.0330    0.0296    0.7056
    0.2277    0.0007    0.0000    0.0057    0.0457    0.7203
    0.2152    0.0052    0.0000    0.1062    0.0035    0.6699
    0.3440    0.0053    0.0000    0.1078    0.0036    0.5393
    0.1934    0.0011    0.0000    0.0921    0.0162    0.6972
    0.3771    0.0036    0.0000    0.1791    0.0112    0.4290
    0.3781    0.0056    0.0000    0.0217    0.0039    0.5907
    0.2346    0.0032    0.0000    0.0603    0.0119    0.6900
    0.3307    0.0041    0.0000    0.0063    0.0170    0.6419
    0.3280    0.0041    0.0000    0.0281    0.0090    0.6308
    0.0400    0.0042    0.0000    0.0270    0.0854    0.8434
    0.2100    0.0038    0.0000    0.0938    0.0083    0.6841
    0.3647    0.0046    0.0000    0.1279    0.0126    0.4902
    0.3757    0.0040    0.0000    0.1846    0.0158    0.4199
    0.3544    0.0041    0.0000    0.2097    0.0091    0.4226
    0.3512    0.0039    0.0000    0.0086    0.0026    0.6337
    0.3265    0.0038    0.0000    0.0100    0.0109    0.6488
    0.2461    0.0018    0.0000    0.1024    0.0155    0.6342
    0.1799    0.0034    0.0000    0.0055    0.0151    0.7961
    0.1778    0.0034    0.0000    0.0054    0.0150    0.7984
    0.3641    0.0042    0.0000    0.1810    0.0051    0.4456
    0.2348    0.0007    0.0000    0.0048    0.0170    0.7428
    0.2359    0.0043    0.0000    0.0424    0.0118    0.7056
    0.1194    0.0083    0.0000    0.0092    0.0144    0.8486
    0.2372    0.0019    0.0000    0.1036    0.0157    0.6417
    0.3734    0.0040    0.0000    0.0052    0.0027    0.6148
    0.2586    0.0018    0.0000    0.0788    0.0058    0.6551
    0.1969    0.0045    0.0000    0.0048    0.0160    0.7778
    0.1244    0.0016    0.0000    0.0346    0.0087    0.8307
    0.0847    0.0064    0.0000    0.0083    0.0509    0.8498

 Output data matrix of Pareto front of final Gaussian process model:
        f1        f2        f3
 -181.7508   -2.5111-59175.4989
 -177.2305   -2.5002-61216.2410
 -767.6751   -1.1867-87356.9312
 -579.8556   -1.7435-97511.6398
 -367.4781   -2.4464-74589.8587
 -391.0356   -2.4247-76681.7079
 -258.3942   -2.4806-66608.2117
 -218.7143   -2.4881-63813.6290
 -234.6353   -2.4818-65428.1548
 -763.7735   -1.2161-87873.3194
 -428.6539   -2.3603-82957.9267
 -322.6117   -2.4676-71069.1549
 -307.4865   -2.4709-69972.0448
 -430.5923   -2.3295-86183.1769
 -388.8616   -2.4404-77000.9033
 -300.4217   -2.4726-69528.2609
 -557.7760   -1.8313-96417.5860
 -414.2669   -2.3971-80105.3816
 -679.2984   -1.5009-93312.5862
 -682.8739   -1.4787-91144.9445
 -456.9361   -2.0823-87051.1665
 -754.2544   -1.2675-88221.7304
 -348.8781   -2.4584-73104.1766
 -745.7821   -1.2926-88568.6543
 -178.8872   -2.5048-60162.0022
 -741.1807   -1.3185-89607.5593
 -246.1244   -2.4824-65072.4637
 -668.7506   -1.5217-92797.1124
 -408.8849   -2.4033-79160.9494
 -695.9480   -1.4533-92780.7768
 -285.5705   -2.4753-68453.6541
 -499.6468   -1.9637-94263.8093
 -571.2389   -1.7916-96953.3836
 -647.5345   -1.5855-94244.6946
 -724.8222   -1.3630-90609.3337
 -656.9180   -1.5745-94515.7406
 -431.3410   -2.2821-87561.8722
 -465.8231   -2.0402-91617.4510
 -438.8732   -2.2428-82783.2224
 -613.5823   -1.7000-94735.4605
 -468.5984   -2.0262-85276.2630
 -630.5779   -1.5446-95457.8949
 -209.6654   -2.4893-62796.5751
 -189.0564   -2.4945-61807.1435
 -575.2646   -1.7585-97179.1712
 -638.4686   -1.6167-93477.3205
 -753.5415   -1.2468-88604.7636
 -518.6075   -1.8968-94934.6574
 -447.8535   -2.1094-92205.3534
 -735.0551   -1.3345-89335.6859
 -489.0827   -1.9825-82434.1349
 -276.9616   -2.4762-67754.2327
 -342.1929   -2.4585-72518.5243
 -336.5637   -2.4598-71897.0685
 -719.6976   -1.3805-91042.7608
 -207.6402   -2.4840-64407.7633
 -548.9312   -1.8649-96146.2625
 -418.8919   -2.3773-80517.5319
 -731.8450   -1.3477-90062.6449
 -714.1501   -1.3990-90177.9603
 -329.7924   -2.4606-71358.9185
 -485.4723   -1.9981-80855.0169
 -637.6405   -1.6297-93826.5697
 -604.9791   -1.6767-95915.9899
 -359.2053   -2.4518-73892.5064
 -555.2039   -1.8330-95213.7461
 -461.8390   -2.1506-81311.1970
 -532.0323   -1.8752-94492.7710
 -506.9037   -1.9349-94436.1885
 -617.2541   -1.6771-94225.3114
 -438.0391   -2.1864-84288.7650
 -433.0435   -2.2214-85674.3777
 -471.6239   -2.0984-82236.5051
 -624.2133   -1.6520-93655.5005
 -450.6487   -2.1915-78578.5113
 -704.4525   -1.4210-91983.8703
 -589.1827   -1.7220-96751.0741
 -454.0706   -2.1348-86034.9620
 -514.5494   -1.9059-94811.1744
 -528.8690   -1.8792-94392.1783
 -181.7528   -2.5111-59176.2699
 -463.2535   -2.1415-81606.9985
 -664.9053   -1.5407-93590.3449
 -707.7451   -1.4053-91581.1877
 -706.4150   -1.4282-90856.1170
 -550.5326   -1.8605-96033.3970
 -510.2441   -1.9289-94592.6561
 -480.8337   -1.9760-86669.4383
 -403.4748   -2.4099-78279.9783
 -400.5080   -2.4143-77904.7171
 -697.6117   -1.4625-92086.2056
 -432.5782   -2.2685-87201.7606
 -445.1884   -2.1746-86518.7430
 -268.0676   -2.4785-67383.1162
 -478.2706   -2.0041-85507.6704
 -571.7832   -1.7859-97059.6549
 -473.4709   -2.0178-88655.5901
 -421.4440   -2.3697-81316.6677
 -286.9304   -2.4727-67632.4789
 -196.4486   -2.4936-62285.6440

 Final hyperparameter values: 
  Hyperparameter        f1        f2        f3
         lambda1    0.1676    0.9863    0.4754
         lambda2    0.3571    0.8913    0.8243
         lambda3    1.4430    1.8318    1.9828
         lambda4    0.4101    8.6535   11.0453
         lambda5    3.4467    9.3026   12.0147
         lambda6    4.2093    0.3903    1.6749
          sigmaf  189.2554    0.738524839.8415
          sigman   52.2889    0.1012 8176.5544
