
 TSEMO log file created on 24-Feb-2020 

 This file shows the initial specifications of TSEMO and logs the output.
 ¯¯¯¯¯¯¯¯¯¯¯¯¯¯¯¯¯¯¯¯¯¯¯¯¯¯¯¯¯¯¯¯¯¯¯¯¯¯¯¯¯¯¯¯¯¯¯¯¯¯¯¯¯¯¯¯¯¯¯¯¯¯¯¯¯¯¯¯¯¯¯¯¯¯¯¯¯¯¯¯¯¯¯¯¯¯¯¯¯¯¯¯¯¯¯¯¯¯¯¯¯¯
 License information 

 BSD 2-Clause License 

 Copyright (c) 2017, Eric Bradford, Artur M. Schweidtmann and Alexei Lapkin
 All rights reserved. 

 Redistribution and use in source and binary forms, with or without
 modification, are permitted provided that the following conditions are met: 

 *Redistributions of source code must retain the above copyright notice, this   
  list of conditions and the following disclaimer. 

 *Redistributions in binary form must reproduce the above copyright notice,   
  this list of conditions and the following disclaimer in the documentation   
  and/or other materials provided with the distribution. 

 Modified by Mina Konakovic Lukovic 2019. 

 ¯¯¯¯¯¯¯¯¯¯¯¯¯¯¯¯¯¯¯¯¯¯¯¯¯¯¯¯¯¯¯¯¯¯¯¯¯¯¯¯¯¯¯¯¯¯¯¯¯¯¯¯¯¯¯¯¯¯¯¯¯¯¯¯¯¯¯¯¯¯¯¯¯¯¯¯¯¯¯¯¯¯¯¯¯¯¯¯¯¯¯¯¯¯¯¯¯¯¯¯¯¯
 Problem specifications 

 Function used:   consta 

 Number of inputs:   6
 Number of outputs:  3 

 Lower bounds of decision variables:
      x1      x2      x3      x4      x5      x6
  0.0000  0.0000  0.0000  0.0000  0.0000  0.0000
 
 Upper bounds of decision variables:
      x1      x2      x3      x4      x5      x6
  1.0000  1.0000  0.5000  1.0000  1.0000  1.0000
 ¯¯¯¯¯¯¯¯¯¯¯¯¯¯¯¯¯¯¯¯¯¯¯¯¯¯¯¯¯¯¯¯¯¯¯¯¯¯¯¯¯¯¯¯¯¯¯¯¯¯¯¯¯¯¯¯¯¯¯¯¯¯¯¯¯¯¯¯¯¯¯¯¯¯¯¯¯¯¯¯¯¯¯¯¯¯¯¯¯¯¯¯¯¯¯¯¯¯¯¯¯¯
 Algorithm options 

 Maximum number of function evaluations:  4
 Sample batch size:                       4
 Number of algorithm iterations:          1 

 Genetic algorithm population size:        200
 Genetic algorithm number of generations:  200 

                                               f1      f2      f3
 Number of spectral sampling points:         4000    4000    4000
 Type of matern function:                       5       5       5
 Direct evaluations per input dimension:      200     200     200
 ¯¯¯¯¯¯¯¯¯¯¯¯¯¯¯¯¯¯¯¯¯¯¯¯¯¯¯¯¯¯¯¯¯¯¯¯¯¯¯¯¯¯¯¯¯¯¯¯¯¯¯¯¯¯¯¯¯¯¯¯¯¯¯¯¯¯¯¯¯¯¯¯¯¯¯¯¯¯¯¯¯¯¯¯¯¯¯¯¯¯¯¯¯¯¯¯¯¯¯¯¯¯
 Initial data set 

 Number of initial data points:  115 

 Initial input data matrix:
      x1      x2      x3      x4      x5      x6
  0.3200  0.1300  0.0500  0.2100  0.0400  0.2500
  0.0000  0.1800  0.2100  0.2800  0.2000  0.1300
  0.0000  0.0200  0.3800  0.0400  0.2900  0.2700
  0.1900  0.3000  0.1000  0.0600  0.0700  0.2800
  0.0800  0.1600  0.1400  0.0400  0.1900  0.3900
  0.3400  0.0600  0.2300  0.1600  0.1900  0.0200
  0.1400  0.1000  0.0700  0.2000  0.2700  0.2200
  0.0700  0.0700  0.3200  0.2100  0.0300  0.3000
  0.0200  0.0100  0.2700  0.1300  0.4900  0.0800
  0.0900  0.3200  0.0300  0.1300  0.3700  0.0600
  0.0800  0.2100  0.0200  0.0000  0.6100  0.0800
  0.0900  0.3200  0.0400  0.2100  0.1700  0.1700
  0.1400  0.3000  0.0700  0.1000  0.2500  0.1400
  0.0400  0.1700  0.0700  0.2200  0.2400  0.2600
  0.1700  0.1500  0.2800  0.2900  0.0000  0.1100
  0.1000  0.1400  0.1400  0.2600  0.2700  0.0900
  1.0000  0.0000  0.0000  0.0000  0.0000  0.0000
  0.0000  1.0000  0.0000  0.0000  0.0000  0.0000
  0.0000  0.0000  0.0000  1.0000  0.0000  0.0000
  0.6000  0.4000  0.0000  0.0000  0.0000  0.0000
  0.5500  0.4500  0.0000  0.0000  0.0000  0.0000
  0.5000  0.5000  0.0000  0.0000  0.0000  0.0000
  0.4500  0.5500  0.0000  0.0000  0.0000  0.0000
  0.4000  0.6000  0.0000  0.0000  0.0000  0.0000
  0.2700  0.4400  0.0900  0.0400  0.0800  0.0800
  0.0400  0.1900  0.3600  0.2000  0.1200  0.0900
  0.0000  0.5900  0.0000  0.0800  0.0800  0.2500
  0.0000  0.3900  0.1300  0.0700  0.0300  0.3800
  0.0100  0.5100  0.0000  0.1000  0.0200  0.3600
  0.0100  0.6200  0.0100  0.0300  0.1000  0.2300
  0.0600  0.3000  0.4100  0.0100  0.0100  0.2100
  0.0800  0.3200  0.5000  0.0700  0.0200  0.0100
  0.1500  0.2800  0.2500  0.0100  0.0600  0.2500
  0.0000  0.0000  0.0000  0.0000  0.0000  1.0000
  0.0000  0.0000  0.0000  0.0000  1.0000  0.0000
  0.0200  0.1100  0.0000  0.5000  0.0300  0.3400
  0.0100  0.1900  0.0000  0.0000  0.0000  0.8000
  0.0100  0.3900  0.0000  0.0200  0.0100  0.5700
  0.1800  0.1200  0.0000  0.3600  0.0000  0.3400
  0.0100  0.0000  0.1300  0.2500  0.0000  0.6100
  0.3200  0.0000  0.1200  0.0100  0.0000  0.5500
  0.0100  0.1500  0.1000  0.2100  0.0000  0.5300
  0.0100  0.0000  0.1500  0.2500  0.0000  0.5900
  0.1500  0.4500  0.0400  0.0300  0.0100  0.3200
  0.0500  0.3200  0.0000  0.5700  0.0600  0.0000
  0.3100  0.5200  0.0000  0.0800  0.0200  0.0700
  0.1500  0.0400  0.1300  0.6700  0.0100  0.0000
  0.0000  0.2100  0.2000  0.5800  0.0100  0.0000
  0.0000  0.0100  0.2800  0.6700  0.0100  0.0300
  0.0100  0.2800  0.1100  0.4600  0.1100  0.0300
  0.4900  0.0600  0.0000  0.1400  0.0200  0.2900
  0.1400  0.0000  0.0700  0.0100  0.0100  0.7700
  0.0300  0.5800  0.1800  0.0400  0.1000  0.0700
  0.0000  0.3100  0.0100  0.0200  0.1500  0.5100
  0.2500  0.0100  0.0100  0.0400  0.1300  0.5600
  0.2900  0.4500  0.0600  0.0800  0.1200  0.0000
  0.0200  0.0100  0.1600  0.0100  0.5000  0.3000
  0.0200  0.2400  0.0000  0.0300  0.2600  0.4500
  0.0000  0.0100  0.0000  0.0100  0.2700  0.7100
  0.0900  0.0200  0.0000  0.0600  0.4000  0.4300
  0.0000  0.1600  0.0000  0.0000  0.2500  0.5900
  0.3200  0.0900  0.0200  0.0100  0.0100  0.5500
  0.0000  0.0800  0.1300  0.0000  0.1100  0.6800
  0.3900  0.0100  0.0300  0.0000  0.0000  0.5700
  0.2600  0.1800  0.0200  0.0100  0.0100  0.5200
  0.2000  0.1600  0.0000  0.0000  0.0000  0.6400
  0.5100  0.3100  0.0700  0.0100  0.0100  0.0900
  0.1400  0.1700  0.0200  0.0000  0.0000  0.6700
  0.0000  0.0300  0.0200  0.2100  0.3200  0.4200
  0.5700  0.0000  0.1100  0.0100  0.1000  0.2100
  0.5100  0.2500  0.1000  0.0200  0.1200  0.0000
  0.5100  0.0100  0.0700  0.0200  0.1100  0.2800
  0.0000  0.0000  0.0000  0.0200  0.0000  0.9800
  0.6000  0.0000  0.0300  0.0000  0.0200  0.3500
  0.3400  0.0000  0.1100  0.0100  0.0600  0.4800
  0.4400  0.1100  0.1100  0.0000  0.0600  0.2800
  0.6600  0.0000  0.0800  0.0000  0.0000  0.2600
  0.3700  0.4700  0.1000  0.0000  0.0600  0.0000
  0.4400  0.3000  0.0900  0.0400  0.1300  0.0000
  0.2700  0.6100  0.1200  0.0000  0.0000  0.0000
  0.0100  0.0000  0.0000  0.0200  0.0800  0.8900
  0.2100  0.1100  0.0600  0.0000  0.1400  0.4800
  0.5200  0.0100  0.0100  0.0000  0.0000  0.4600
  0.0000  0.3800  0.0100  0.0000  0.0000  0.6100
  0.0000  0.3100  0.0100  0.0000  0.0000  0.6800
  0.3200  0.3400  0.0200  0.0000  0.0100  0.3100
  0.0100  0.4100  0.0000  0.0000  0.0100  0.5700
  0.0000  0.4100  0.0000  0.1300  0.0000  0.4600
  0.0000  0.1800  0.0000  0.2600  0.0100  0.5500
  0.0400  0.4500  0.0000  0.0700  0.0100  0.4300
  0.0000  0.2500  0.0000  0.2500  0.0000  0.5000
  0.3600  0.2000  0.0200  0.0800  0.0000  0.3400
  0.2100  0.0000  0.0000  0.3300  0.0100  0.4500
  0.2500  0.0000  0.0000  0.3100  0.0100  0.4300
  0.1900  0.0000  0.0000  0.3200  0.0100  0.4800
  0.0000  0.6300  0.1000  0.0000  0.0000  0.2700
  0.0000  0.6600  0.0900  0.0000  0.0000  0.2500
  0.0000  0.3300  0.1100  0.0100  0.0000  0.5500
  0.0000  0.6800  0.0900  0.0000  0.0100  0.2200
  0.3500  0.0000  0.0000  0.0100  0.0000  0.6400
  0.0100  0.0000  0.0000  0.3600  0.0000  0.6300
  0.4800  0.0000  0.0100  0.0000  0.1200  0.3900
  0.3900  0.0000  0.0000  0.0200  0.0100  0.5800
  0.4000  0.1700  0.0000  0.0000  0.1200  0.3100
  0.4400  0.2700  0.0000  0.0000  0.1700  0.1200
  0.3400  0.1400  0.0000  0.0000  0.1300  0.3900
  0.3300  0.1200  0.0000  0.0000  0.1300  0.4200
  0.3900  0.0000  0.0000  0.0000  0.2200  0.3900
  0.3900  0.3100  0.0000  0.0000  0.2200  0.0800
  0.4100  0.0000  0.0000  0.0000  0.2500  0.3400
  0.3500  0.0000  0.0000  0.0000  0.2000  0.4500
  0.3300  0.0000  0.0000  0.0000  0.2100  0.4600
  0.3100  0.0000  0.0000  0.0000  0.2000  0.4900
  0.3500  0.0000  0.0000  0.0000  0.2100  0.4400
  0.2000  0.0000  0.0000  0.0000  0.0100  0.7900

 Initial output data matrix:
      f1      f2      f3
-477.3645 -1.2974-78049.1925
-454.7535 -1.3662-68112.8155
-279.9044 -2.1133-51731.0693
-469.5247 -1.7578-77876.9026
-440.0426 -1.9634-76654.9118
-365.6047 -1.2303-62118.0243
-410.9856 -1.1190-66049.6554
-136.1656 -0.8962-22268.5639
-369.0088 -1.3142-61644.3643
-533.9811 -0.8968-68784.7611
-442.6768 -0.7257-59416.2131
-507.4257 -0.9822-66650.9629
-443.6008 -1.1184-65323.0907
-489.5899 -1.3294-72483.9913
-359.3333 -1.7335-60280.1487
-485.2462 -0.8865-66192.4108
-228.9585 -0.7284-49588.2084
-435.6576 -1.1748-60782.1527
-368.0328 -0.0378-29839.9581
-558.3333 -1.0147-72324.3305
-545.1107 -1.0090-76481.1353
-595.9865 -1.0313-80252.0073
-577.5167 -1.0272-78299.5278
-603.0115 -1.0486-79494.8772
-536.4679 -1.3385-83057.1828
-380.6202 -1.5761-63939.3838
-487.9964 -1.6929-74452.7693
-492.2164 -2.0354-77476.1977
-483.0457 -1.7036-74331.8675
-461.0062 -1.5331-68683.9650
-428.6732 -1.9582-73565.0149
-420.3458 -1.7501-70958.0370
-185.7397 -1.9998-39188.2443
-307.5914 -2.9333-68673.8814
-248.0791 -0.3369-41639.4837
-330.4220 -1.6093-58954.7196
-261.1897 -2.5356-54113.5267
-374.3907 -2.1313-72005.0906
-442.1932 -1.6426-73645.0393
-325.5454 -2.2577-65492.6760
-407.4563 -1.7142-79298.8675
-280.7768 -2.0890-55835.4428
-345.4445 -2.2639-66935.4850
-337.8766 -1.7123-65225.4544
-380.5099 -0.6146-47362.4095
-423.7886 -1.3121-68132.9194
-412.9137 -0.7221-59055.9302
-389.7163 -1.2975-60315.7332
-243.9299 -1.5816-43427.1956
-418.8166 -1.1219-61444.5239
-463.1094 -1.4660-81856.9346
-260.4919 -1.9421-59060.6871
-461.1271 -1.5697-75813.0466
-434.9195 -1.9723-80545.7853
-411.2741 -1.7072-85333.3874
-593.8157 -1.0758-82484.6477
-331.6431 -1.2261-62332.4475
-461.8788 -1.5726-80820.6379
-386.3988 -1.9098-76223.9832
-458.6168 -1.3865-78606.8274
-386.1546 -1.7969-73308.3934
-420.6757 -1.8963-83069.8760
-256.3444 -2.2542-53258.3199
-343.7864 -1.8975-72697.8828
-317.0968 -1.9236-66141.3310
-405.5608 -1.9380-81223.2023
-579.2708 -1.0437-87100.5169
-297.2664 -2.2664-61771.9743
-230.0024 -1.7750-53153.7094
-296.3126 -0.8946-60049.3899
-625.1337 -1.1253-94708.7918
-559.4404 -1.5604-98460.5528
-350.2734 -2.6724-74202.1381
-483.8073 -1.5770-91455.1658
-333.6048 -1.8340-67470.0844
-401.3639 -1.5176-75081.6898
-339.8147 -1.1731-68370.6235
-619.8270 -1.3159-92324.8900
-456.6095 -1.0320-73399.8497
-527.1160 -1.2052-80673.3135
-182.0132 -2.1459-33836.3245
-299.4935 -1.9115-62779.5207
-342.4831 -1.8084-73190.6083
-292.5484 -2.1003-64376.6034
-284.1961 -2.0337-60695.8700
-418.6794 -1.5121-75788.0791
-272.5130 -1.9527-60034.6655
-324.9663 -1.9969-65021.8788
-361.4059 -2.0913-69395.5054
-310.1195 -1.9192-61302.0228
-321.0298 -2.0199-62665.9535
-408.2643 -1.5818-76317.7672
-398.2560 -1.9114-74552.8783
-437.9660 -1.8110-79745.2693
-402.9772 -1.8842-75747.1961
-367.7646 -1.7661-65605.9795
-392.9406 -1.8913-69484.2021
-317.1051 -2.1952-63761.7220
-355.6015 -1.8014-64450.3268
-438.2688 -2.1205-87348.6010
-334.7339 -2.0407-65124.3183
-514.0293 -1.5443-93643.6527
-526.1093 -1.9176-98663.7705
-555.0826 -1.4101-91162.3449
-653.9760 -1.1215-96005.8355
-613.3157 -1.3545-102903.8092
-574.5688 -1.4762-99854.6710
-596.1996 -1.5851-97568.0584
-673.8733 -1.3085-96609.9429
-570.9253 -1.5720-97057.6408
-453.6160 -1.8559-85374.7271
-512.3685 -1.7799-93175.9066
-384.8236 -1.8510-77997.5467
-536.0149 -1.7113-96497.9814
-289.9712 -1.9717-66399.4183

 ¯¯¯¯¯¯¯¯¯¯¯¯¯¯¯¯¯¯¯¯¯¯¯¯¯¯¯¯¯¯¯¯¯¯¯¯¯¯¯¯¯¯¯¯¯¯¯¯¯¯¯¯¯¯¯¯¯¯¯¯¯¯¯¯¯¯¯¯¯¯¯¯¯¯¯¯¯¯¯¯¯¯¯¯¯¯¯¯¯¯¯¯¯¯¯¯¯¯¯¯¯¯
 Algorithm iteration 1 

 Predicted hypervolume improvement:    0.1859
 Time taken:   40.1002 

 Proposed evaluation point(s): 
      x1      x2      x3      x4      x5      x6
  0.5200  0.0000  0.0000  0.0100  0.1400  0.3300
  0.5000  0.0000  0.0000  0.0100  0.1000  0.3900
  0.4300  0.0000  0.0000  0.0100  0.0000  0.5600
  0.3300  0.3800  0.0000  0.0100  0.2500  0.0300

 Corresponding observation(s): 
      f1      f2      f3
-522.5696 -1.4769-101835.0377
-505.6820 -1.5917-100244.2998
-451.5546 -1.9728-90413.2007
-682.3805 -1.0020-83254.2870

 ¯¯¯¯¯¯¯¯¯¯¯¯¯¯¯¯¯¯¯¯¯¯¯¯¯¯¯¯¯¯¯¯¯¯¯¯¯¯¯¯¯¯¯¯¯¯¯¯¯¯¯¯¯¯¯¯¯¯¯¯¯¯¯¯¯¯¯¯¯¯¯¯¯¯¯¯¯¯¯¯¯¯¯¯¯¯¯¯¯¯¯¯¯¯¯¯¯¯¯¯¯¯
 Final algorithm output 

 Final input data matrix:
        x1        x2        x3        x4        x5        x6
    0.3200    0.1300    0.0500    0.2100    0.0400    0.2500
    0.0000    0.1800    0.2100    0.2800    0.2000    0.1300
    0.0000    0.0200    0.3800    0.0400    0.2900    0.2700
    0.1900    0.3000    0.1000    0.0600    0.0700    0.2800
    0.0800    0.1600    0.1400    0.0400    0.1900    0.3900
    0.3400    0.0600    0.2300    0.1600    0.1900    0.0200
    0.1400    0.1000    0.0700    0.2000    0.2700    0.2200
    0.0700    0.0700    0.3200    0.2100    0.0300    0.3000
    0.0200    0.0100    0.2700    0.1300    0.4900    0.0800
    0.0900    0.3200    0.0300    0.1300    0.3700    0.0600
    0.0800    0.2100    0.0200    0.0000    0.6100    0.0800
    0.0900    0.3200    0.0400    0.2100    0.1700    0.1700
    0.1400    0.3000    0.0700    0.1000    0.2500    0.1400
    0.0400    0.1700    0.0700    0.2200    0.2400    0.2600
    0.1700    0.1500    0.2800    0.2900    0.0000    0.1100
    0.1000    0.1400    0.1400    0.2600    0.2700    0.0900
    1.0000    0.0000    0.0000    0.0000    0.0000    0.0000
    0.0000    1.0000    0.0000    0.0000    0.0000    0.0000
    0.0000    0.0000    0.0000    1.0000    0.0000    0.0000
    0.6000    0.4000    0.0000    0.0000    0.0000    0.0000
    0.5500    0.4500    0.0000    0.0000    0.0000    0.0000
    0.5000    0.5000    0.0000    0.0000    0.0000    0.0000
    0.4500    0.5500    0.0000    0.0000    0.0000    0.0000
    0.4000    0.6000    0.0000    0.0000    0.0000    0.0000
    0.2700    0.4400    0.0900    0.0400    0.0800    0.0800
    0.0400    0.1900    0.3600    0.2000    0.1200    0.0900
    0.0000    0.5900    0.0000    0.0800    0.0800    0.2500
    0.0000    0.3900    0.1300    0.0700    0.0300    0.3800
    0.0100    0.5100    0.0000    0.1000    0.0200    0.3600
    0.0100    0.6200    0.0100    0.0300    0.1000    0.2300
    0.0600    0.3000    0.4100    0.0100    0.0100    0.2100
    0.0800    0.3200    0.5000    0.0700    0.0200    0.0100
    0.1500    0.2800    0.2500    0.0100    0.0600    0.2500
    0.0000    0.0000    0.0000    0.0000    0.0000    1.0000
    0.0000    0.0000    0.0000    0.0000    1.0000    0.0000
    0.0200    0.1100    0.0000    0.5000    0.0300    0.3400
    0.0100    0.1900    0.0000    0.0000    0.0000    0.8000
    0.0100    0.3900    0.0000    0.0200    0.0100    0.5700
    0.1800    0.1200    0.0000    0.3600    0.0000    0.3400
    0.0100    0.0000    0.1300    0.2500    0.0000    0.6100
    0.3200    0.0000    0.1200    0.0100    0.0000    0.5500
    0.0100    0.1500    0.1000    0.2100    0.0000    0.5300
    0.0100    0.0000    0.1500    0.2500    0.0000    0.5900
    0.1500    0.4500    0.0400    0.0300    0.0100    0.3200
    0.0500    0.3200    0.0000    0.5700    0.0600    0.0000
    0.3100    0.5200    0.0000    0.0800    0.0200    0.0700
    0.1500    0.0400    0.1300    0.6700    0.0100    0.0000
    0.0000    0.2100    0.2000    0.5800    0.0100    0.0000
    0.0000    0.0100    0.2800    0.6700    0.0100    0.0300
    0.0100    0.2800    0.1100    0.4600    0.1100    0.0300
    0.4900    0.0600    0.0000    0.1400    0.0200    0.2900
    0.1400    0.0000    0.0700    0.0100    0.0100    0.7700
    0.0300    0.5800    0.1800    0.0400    0.1000    0.0700
    0.0000    0.3100    0.0100    0.0200    0.1500    0.5100
    0.2500    0.0100    0.0100    0.0400    0.1300    0.5600
    0.2900    0.4500    0.0600    0.0800    0.1200    0.0000
    0.0200    0.0100    0.1600    0.0100    0.5000    0.3000
    0.0200    0.2400    0.0000    0.0300    0.2600    0.4500
    0.0000    0.0100    0.0000    0.0100    0.2700    0.7100
    0.0900    0.0200    0.0000    0.0600    0.4000    0.4300
    0.0000    0.1600    0.0000    0.0000    0.2500    0.5900
    0.3200    0.0900    0.0200    0.0100    0.0100    0.5500
    0.0000    0.0800    0.1300    0.0000    0.1100    0.6800
    0.3900    0.0100    0.0300    0.0000    0.0000    0.5700
    0.2600    0.1800    0.0200    0.0100    0.0100    0.5200
    0.2000    0.1600    0.0000    0.0000    0.0000    0.6400
    0.5100    0.3100    0.0700    0.0100    0.0100    0.0900
    0.1400    0.1700    0.0200    0.0000    0.0000    0.6700
    0.0000    0.0300    0.0200    0.2100    0.3200    0.4200
    0.5700    0.0000    0.1100    0.0100    0.1000    0.2100
    0.5100    0.2500    0.1000    0.0200    0.1200    0.0000
    0.5100    0.0100    0.0700    0.0200    0.1100    0.2800
    0.0000    0.0000    0.0000    0.0200    0.0000    0.9800
    0.6000    0.0000    0.0300    0.0000    0.0200    0.3500
    0.3400    0.0000    0.1100    0.0100    0.0600    0.4800
    0.4400    0.1100    0.1100    0.0000    0.0600    0.2800
    0.6600    0.0000    0.0800    0.0000    0.0000    0.2600
    0.3700    0.4700    0.1000    0.0000    0.0600    0.0000
    0.4400    0.3000    0.0900    0.0400    0.1300    0.0000
    0.2700    0.6100    0.1200    0.0000    0.0000    0.0000
    0.0100    0.0000    0.0000    0.0200    0.0800    0.8900
    0.2100    0.1100    0.0600    0.0000    0.1400    0.4800
    0.5200    0.0100    0.0100    0.0000    0.0000    0.4600
    0.0000    0.3800    0.0100    0.0000    0.0000    0.6100
    0.0000    0.3100    0.0100    0.0000    0.0000    0.6800
    0.3200    0.3400    0.0200    0.0000    0.0100    0.3100
    0.0100    0.4100    0.0000    0.0000    0.0100    0.5700
    0.0000    0.4100    0.0000    0.1300    0.0000    0.4600
    0.0000    0.1800    0.0000    0.2600    0.0100    0.5500
    0.0400    0.4500    0.0000    0.0700    0.0100    0.4300
    0.0000    0.2500    0.0000    0.2500    0.0000    0.5000
    0.3600    0.2000    0.0200    0.0800    0.0000    0.3400
    0.2100    0.0000    0.0000    0.3300    0.0100    0.4500
    0.2500    0.0000    0.0000    0.3100    0.0100    0.4300
    0.1900    0.0000    0.0000    0.3200    0.0100    0.4800
    0.0000    0.6300    0.1000    0.0000    0.0000    0.2700
    0.0000    0.6600    0.0900    0.0000    0.0000    0.2500
    0.0000    0.3300    0.1100    0.0100    0.0000    0.5500
    0.0000    0.6800    0.0900    0.0000    0.0100    0.2200
    0.3500    0.0000    0.0000    0.0100    0.0000    0.6400
    0.0100    0.0000    0.0000    0.3600    0.0000    0.6300
    0.4800    0.0000    0.0100    0.0000    0.1200    0.3900
    0.3900    0.0000    0.0000    0.0200    0.0100    0.5800
    0.4000    0.1700    0.0000    0.0000    0.1200    0.3100
    0.4400    0.2700    0.0000    0.0000    0.1700    0.1200
    0.3400    0.1400    0.0000    0.0000    0.1300    0.3900
    0.3300    0.1200    0.0000    0.0000    0.1300    0.4200
    0.3900    0.0000    0.0000    0.0000    0.2200    0.3900
    0.3900    0.3100    0.0000    0.0000    0.2200    0.0800
    0.4100    0.0000    0.0000    0.0000    0.2500    0.3400
    0.3500    0.0000    0.0000    0.0000    0.2000    0.4500
    0.3300    0.0000    0.0000    0.0000    0.2100    0.4600
    0.3100    0.0000    0.0000    0.0000    0.2000    0.4900
    0.3500    0.0000    0.0000    0.0000    0.2100    0.4400
    0.2000    0.0000    0.0000    0.0000    0.0100    0.7900
    0.5200    0.0000    0.0000    0.0100    0.1400    0.3300
    0.5000    0.0000    0.0000    0.0100    0.1000    0.3900
    0.4300    0.0000    0.0000    0.0100    0.0000    0.5600
    0.3300    0.3800    0.0000    0.0100    0.2500    0.0300

 Final output data matrix:
        f1        f2        f3
 -477.3645   -1.2974-78049.1925
 -454.7535   -1.3662-68112.8155
 -279.9044   -2.1133-51731.0693
 -469.5247   -1.7578-77876.9026
 -440.0426   -1.9634-76654.9118
 -365.6047   -1.2303-62118.0243
 -410.9856   -1.1190-66049.6554
 -136.1656   -0.8962-22268.5639
 -369.0088   -1.3142-61644.3643
 -533.9811   -0.8968-68784.7611
 -442.6768   -0.7257-59416.2131
 -507.4257   -0.9822-66650.9629
 -443.6008   -1.1184-65323.0907
 -489.5899   -1.3294-72483.9913
 -359.3333   -1.7335-60280.1487
 -485.2462   -0.8865-66192.4108
 -228.9585   -0.7284-49588.2084
 -435.6576   -1.1748-60782.1527
 -368.0328   -0.0378-29839.9581
 -558.3333   -1.0147-72324.3305
 -545.1107   -1.0090-76481.1353
 -595.9865   -1.0313-80252.0073
 -577.5167   -1.0272-78299.5278
 -603.0115   -1.0486-79494.8772
 -536.4679   -1.3385-83057.1828
 -380.6202   -1.5761-63939.3838
 -487.9964   -1.6929-74452.7693
 -492.2164   -2.0354-77476.1977
 -483.0457   -1.7036-74331.8675
 -461.0062   -1.5331-68683.9650
 -428.6732   -1.9582-73565.0149
 -420.3458   -1.7501-70958.0370
 -185.7397   -1.9998-39188.2443
 -307.5914   -2.9333-68673.8814
 -248.0791   -0.3369-41639.4837
 -330.4220   -1.6093-58954.7196
 -261.1897   -2.5356-54113.5267
 -374.3907   -2.1313-72005.0906
 -442.1932   -1.6426-73645.0393
 -325.5454   -2.2577-65492.6760
 -407.4563   -1.7142-79298.8675
 -280.7768   -2.0890-55835.4428
 -345.4445   -2.2639-66935.4850
 -337.8766   -1.7123-65225.4544
 -380.5099   -0.6146-47362.4095
 -423.7886   -1.3121-68132.9194
 -412.9137   -0.7221-59055.9302
 -389.7163   -1.2975-60315.7332
 -243.9299   -1.5816-43427.1956
 -418.8166   -1.1219-61444.5239
 -463.1094   -1.4660-81856.9346
 -260.4919   -1.9421-59060.6871
 -461.1271   -1.5697-75813.0466
 -434.9195   -1.9723-80545.7853
 -411.2741   -1.7072-85333.3874
 -593.8157   -1.0758-82484.6477
 -331.6431   -1.2261-62332.4475
 -461.8788   -1.5726-80820.6379
 -386.3988   -1.9098-76223.9832
 -458.6168   -1.3865-78606.8274
 -386.1546   -1.7969-73308.3934
 -420.6757   -1.8963-83069.8760
 -256.3444   -2.2542-53258.3199
 -343.7864   -1.8975-72697.8828
 -317.0968   -1.9236-66141.3310
 -405.5608   -1.9380-81223.2023
 -579.2708   -1.0437-87100.5169
 -297.2664   -2.2664-61771.9743
 -230.0024   -1.7750-53153.7094
 -296.3126   -0.8946-60049.3899
 -625.1337   -1.1253-94708.7918
 -559.4404   -1.5604-98460.5528
 -350.2734   -2.6724-74202.1381
 -483.8073   -1.5770-91455.1658
 -333.6048   -1.8340-67470.0844
 -401.3639   -1.5176-75081.6898
 -339.8147   -1.1731-68370.6235
 -619.8270   -1.3159-92324.8900
 -456.6095   -1.0320-73399.8497
 -527.1160   -1.2052-80673.3135
 -182.0132   -2.1459-33836.3245
 -299.4935   -1.9115-62779.5207
 -342.4831   -1.8084-73190.6083
 -292.5484   -2.1003-64376.6034
 -284.1961   -2.0337-60695.8700
 -418.6794   -1.5121-75788.0791
 -272.5130   -1.9527-60034.6655
 -324.9663   -1.9969-65021.8788
 -361.4059   -2.0913-69395.5054
 -310.1195   -1.9192-61302.0228
 -321.0298   -2.0199-62665.9535
 -408.2643   -1.5818-76317.7672
 -398.2560   -1.9114-74552.8783
 -437.9660   -1.8110-79745.2693
 -402.9772   -1.8842-75747.1961
 -367.7646   -1.7661-65605.9795
 -392.9406   -1.8913-69484.2021
 -317.1051   -2.1952-63761.7220
 -355.6015   -1.8014-64450.3268
 -438.2688   -2.1205-87348.6010
 -334.7339   -2.0407-65124.3183
 -514.0293   -1.5443-93643.6527
 -526.1093   -1.9176-98663.7705
 -555.0826   -1.4101-91162.3449
 -653.9760   -1.1215-96005.8355
 -613.3157   -1.3545-102903.8092
 -574.5688   -1.4762-99854.6710
 -596.1996   -1.5851-97568.0584
 -673.8733   -1.3085-96609.9429
 -570.9253   -1.5720-97057.6408
 -453.6160   -1.8559-85374.7271
 -512.3685   -1.7799-93175.9066
 -384.8236   -1.8510-77997.5467
 -536.0149   -1.7113-96497.9814
 -289.9712   -1.9717-66399.4183
 -522.5696   -1.4769-101835.0377
 -505.6820   -1.5917-100244.2998
 -451.5546   -1.9728-90413.2007
 -682.3805   -1.0020-83254.2870

 Input data matrix of corresponding Pareto front:
        x1        x2        x3        x4        x5        x6
    0.0000    0.3900    0.1300    0.0700    0.0300    0.3800
    0.0000    0.0000    0.0000    0.0000    0.0000    1.0000
    0.0100    0.3900    0.0000    0.0200    0.0100    0.5700
    0.5100    0.0100    0.0700    0.0200    0.1100    0.2800
    0.0000    0.0000    0.0000    0.0200    0.0000    0.9800
    0.3700    0.4700    0.1000    0.0000    0.0600    0.0000
    0.3500    0.0000    0.0000    0.0100    0.0000    0.6400
    0.3900    0.0000    0.0000    0.0200    0.0100    0.5800
    0.3400    0.1400    0.0000    0.0000    0.1300    0.3900
    0.3300    0.1200    0.0000    0.0000    0.1300    0.4200
    0.3900    0.0000    0.0000    0.0000    0.2200    0.3900
    0.3900    0.3100    0.0000    0.0000    0.2200    0.0800
    0.3500    0.0000    0.0000    0.0000    0.2100    0.4400

 Output data matrix of corresponding Pareto front:
        f1        f2        f3
 -492.2164   -2.0354-77476.1977
 -307.5914   -2.9333-68673.8814
 -374.3907   -2.1313-72005.0906
 -559.4404   -1.5604-98460.5528
 -350.2734   -2.6724-74202.1381
 -619.8270   -1.3159-92324.8900
 -438.2688   -2.1205-87348.6010
 -526.1093   -1.9176-98663.7705
 -613.3157   -1.3545-102903.8092
 -574.5688   -1.4762-99854.6710
 -596.1996   -1.5851-97568.0584
 -673.8733   -1.3085-96609.9429
 -536.0149   -1.7113-96497.9814

 Input data matrix of Pareto front of final Gaussian process model:
        x1        x2        x3        x4        x5        x6
    0.0000    0.0000    0.0000    0.0000    0.0000    1.0000
    0.0955    0.0093    0.0000    0.0027    0.0006    0.8919
    0.3997    0.3360    0.0001    0.0021    0.2603    0.0017
    0.4386    0.3113    0.0005    0.0022    0.2451    0.0018
    0.4936    0.0224    0.0000    0.0000    0.1543    0.3297
    0.0000    0.0000    0.0000    0.0000    0.0000    1.0000
    0.1903    0.1027    0.0003    0.0037    0.0005    0.7023
    0.1217    0.0000    0.0000    0.0000    0.0000    0.8783
    0.0004    0.1905    0.1492    0.0017    0.0040    0.5049
    0.0511    0.0000    0.0000    0.0000    0.0000    0.9489
    0.0606    0.0067    0.0000    0.0000    0.0000    0.9327
    0.2803    0.0002    0.0001    0.1833    0.0003    0.5357
    0.3143    0.0025    0.0001    0.1503    0.0004    0.5323
    0.0052    0.2460    0.1530    0.0059    0.0069    0.4299
    0.3595    0.1703    0.0003    0.0055    0.1885    0.2756
    0.3819    0.0039    0.0004    0.0027    0.1244    0.4862
    0.3879    0.0046    0.0001    0.0059    0.1634    0.4381
    0.4045    0.0017    0.0005    0.0053    0.1168    0.4707
    0.2555    0.0447    0.0001    0.0119    0.0003    0.6874
    0.2725    0.0880    0.0001    0.0045    0.0015    0.6333
    0.0646    0.0000    0.0003    0.0057    0.0000    0.9292
    0.0055    0.2365    0.1508    0.0042    0.0006    0.4516
    0.0109    0.0003    0.0001    0.0005    0.0007    0.9873
    0.3912    0.0065    0.0003    0.0036    0.0875    0.5106
    0.2653    0.0002    0.0001    0.1857    0.0004    0.5484
    0.0063    0.2682    0.1541    0.0035    0.0006    0.4131
    0.3077    0.0000    0.0001    0.1186    0.0003    0.5731
    0.2447    0.0735    0.0002    0.0006    0.0003    0.6805
    0.3458    0.3821    0.0001    0.0028    0.2405    0.0285
    0.0151    0.0000    0.0000    0.0003    0.0006    0.9840
    0.2724    0.0103    0.0001    0.1390    0.0003    0.5779
    0.0057    0.0000    0.0000    0.0017    0.0002    0.9924
    0.0055    0.2117    0.1531    0.0053    0.0006    0.4707
    0.4112    0.0041    0.0002    0.0042    0.0329    0.5472
    0.0221    0.0067    0.0000    0.0000    0.0000    0.9712
    0.3758    0.2887    0.0004    0.0050    0.1943    0.1354
    0.3008    0.0015    0.0001    0.1535    0.0004    0.5436
    0.3220    0.3682    0.0001    0.0000    0.1665    0.1432
    0.3799    0.0022    0.0001    0.0022    0.0936    0.5219
    0.3996    0.0188    0.0000    0.0239    0.1297    0.4280
    0.2179    0.0875    0.0001    0.0052    0.0003    0.6889
    0.4099    0.2873    0.0004    0.0052    0.1569    0.1399
    0.2684    0.0013    0.0001    0.0043    0.0001    0.7257
    0.3274    0.0014    0.0001    0.0950    0.0004    0.5757
    0.0037    0.1989    0.1594    0.0034    0.0002    0.4751
    0.4133    0.0050    0.0003    0.0045    0.2196    0.3569
    0.0365    0.0000    0.0004    0.0057    0.0000    0.9570
    0.2156    0.0135    0.0001    0.2313    0.0006    0.5389
    0.3410    0.3610    0.0003    0.0030    0.2403    0.0541
    0.1998    0.0966    0.0001    0.0078    0.0003    0.6952
    0.2429    0.0540    0.0003    0.0054    0.0006    0.6964
    0.3918    0.1337    0.0000    0.0056    0.1747    0.2942
    0.3902    0.0017    0.0002    0.0028    0.0784    0.5265
    0.0053    0.2294    0.1532    0.0040    0.0006    0.4542
    0.3832    0.0050    0.0002    0.0032    0.1267    0.4815
    0.3974    0.1357    0.0000    0.0056    0.1623    0.2990
    0.0266    0.0000    0.0000    0.0014    0.0021    0.9699
    0.0769    0.0000    0.0000    0.0000    0.0002    0.9229
    0.3448    0.3814    0.0003    0.0027    0.2208    0.0497
    0.3958    0.3092    0.0001    0.0023    0.2262    0.0662
    0.4017    0.3455    0.0004    0.0035    0.2376    0.0109
    0.2212    0.0716    0.0002    0.0006    0.0003    0.7060
    0.0817    0.0017    0.0000    0.0050    0.0006    0.9109
    0.3791    0.3260    0.0004    0.0022    0.1992    0.0927
    0.3602    0.3570    0.0002    0.0002    0.1753    0.1071
    0.2553    0.0013    0.0003    0.1905    0.0003    0.5521
    0.3669    0.0047    0.0002    0.0061    0.1689    0.4530
    0.4006    0.0722    0.0004    0.0047    0.1824    0.3393
    0.4238    0.0065    0.0004    0.0054    0.1698    0.3937
    0.4142    0.0334    0.0002    0.0054    0.1949    0.3517
    0.3505    0.0014    0.0003    0.0756    0.0004    0.5716
    0.3962    0.0069    0.0004    0.0024    0.2072    0.3865
    0.4347    0.1845    0.0000    0.0061    0.1747    0.1999
    0.3204    0.0014    0.0001    0.1074    0.0004    0.5703
    0.3880    0.1832    0.0003    0.0054    0.1753    0.2475
    0.0878    0.0017    0.0000    0.0062    0.0006    0.9037
    0.0059    0.3042    0.1640    0.0045    0.0006    0.3567
    0.2046    0.0787    0.0003    0.0022    0.0000    0.7139
    0.3148    0.3947    0.0002    0.0000    0.1710    0.1192
    0.3968    0.0075    0.0003    0.0108    0.1590    0.4253
    0.0142    0.2903    0.1447    0.0093    0.0007    0.3959
    0.3929    0.2954    0.0006    0.0025    0.1999    0.1081
    0.0804    0.0009    0.0001    0.0021    0.0010    0.9153
    0.3457    0.1895    0.0004    0.0003    0.1993    0.2645
    0.2182    0.0464    0.0000    0.0098    0.0006    0.7249
    0.3844    0.0693    0.0004    0.0019    0.1930    0.3506
    0.3933    0.0028    0.0001    0.0143    0.1260    0.4635
    0.4186    0.0000    0.0000    0.0059    0.1683    0.4072
    0.4523    0.0218    0.0001    0.0529    0.1507    0.3220
    0.4606    0.2537    0.0000    0.0039    0.2208    0.0609
    0.0051    0.0000    0.0000    0.0000    0.0000    0.9948
    0.4054    0.0043    0.0002    0.0056    0.1671    0.4171
    0.4116    0.0031    0.0000    0.0031    0.1775    0.4047
    0.0047    0.3332    0.1391    0.0038    0.0002    0.3799
    0.4103    0.0044    0.0001    0.0056    0.1574    0.4221
    0.3577    0.1695    0.0003    0.0054    0.2166    0.2503
    0.0914    0.0015    0.0001    0.0052    0.0001    0.9015
    0.4060    0.0035    0.0005    0.0047    0.0427    0.5421
    0.0315    0.0007    0.0001    0.0045    0.0008    0.9623
    0.3877    0.1353    0.0000    0.0057    0.1823    0.2890
    0.4699    0.0023    0.0001    0.0023    0.1615    0.3638
    0.4527    0.0022    0.0000    0.0022    0.1868    0.3560
    0.4053    0.0007    0.0001    0.0820    0.0021    0.5098
    0.3409    0.3464    0.0000    0.0000    0.1788    0.1338
    0.3804    0.1368    0.0001    0.0033    0.1696    0.3098
    0.3780    0.0040    0.0003    0.0097    0.0757    0.5320
    0.0105    0.2627    0.1490    0.0097    0.0028    0.4163
    0.2094    0.0817    0.0001    0.0067    0.0003    0.7016
    0.0185    0.0000    0.0000    0.0019    0.0021    0.9775
    0.0045    0.2947    0.1414    0.0089    0.0005    0.4088
    0.2149    0.0838    0.0001    0.0007    0.0003    0.7000
    0.4183    0.1200    0.0001    0.0040    0.1718    0.2857
    0.4519    0.0675    0.0003    0.0044    0.1583    0.3173
    0.3878    0.0111    0.0002    0.0042    0.0638    0.5326
    0.1207    0.0000    0.0000    0.0000    0.0000    0.8793
    0.1094    0.0000    0.0002    0.0062    0.0002    0.8839
    0.3988    0.1603    0.0004    0.0056    0.1801    0.2543
    0.3812    0.0038    0.0003    0.0044    0.1151    0.4948
    0.3740    0.0107    0.0002    0.0040    0.1030    0.5079
    0.3437    0.0014    0.0002    0.0741    0.0198    0.5605
    0.4276    0.3055    0.0000    0.0000    0.1205    0.1463
    0.0000    0.0000    0.0000    0.0019    0.0000    0.9981
    0.3758    0.0086    0.0004    0.0072    0.1846    0.4230
    0.4186    0.0029    0.0000    0.0029    0.1249    0.4506
    0.4386    0.3197    0.0007    0.0027    0.2039    0.0337
    0.4572    0.3147    0.0007    0.0022    0.2183    0.0060
    0.3813    0.3388    0.0003    0.0030    0.2447    0.0315
    0.3636    0.1743    0.0016    0.0045    0.1906    0.2638
    0.3395    0.3059    0.0000    0.0030    0.1565    0.1951
    0.2179    0.1025    0.0004    0.0040    0.0005    0.6743
    0.3492    0.4377    0.0002    0.0000    0.0853    0.1274
    0.3947    0.2616    0.0000    0.0045    0.1479    0.1914
    0.3869    0.0000    0.0001    0.0404    0.0006    0.5720
    0.4202    0.0036    0.0000    0.0036    0.2089    0.3636
    0.3602    0.0000    0.0002    0.0374    0.0718    0.5302
    0.0131    0.2770    0.1490    0.0102    0.0010    0.4006
    0.3856    0.0038    0.0002    0.0026    0.1069    0.5006
    0.3644    0.3597    0.0000    0.0000    0.1912    0.0847
    0.3754    0.0022    0.0001    0.0022    0.0925    0.5276
    0.3978    0.0043    0.0004    0.0055    0.0556    0.5360
    0.2979    0.0014    0.0001    0.1439    0.0004    0.5563
    0.0048    0.2978    0.1579    0.0066    0.0124    0.3625
    0.4336    0.2388    0.0003    0.0029    0.2079    0.1161
    0.3414    0.0006    0.0001    0.1300    0.0003    0.5275
    0.3209    0.3273    0.0001    0.0052    0.1660    0.1805
    0.0135    0.2760    0.1623    0.0089    0.0007    0.3764
    0.4361    0.3348    0.0007    0.0022    0.2193    0.0061
    0.3871    0.2766    0.0000    0.0000    0.1654    0.1708
    0.4093    0.1756    0.0000    0.0001    0.1799    0.2350
    0.2554    0.0013    0.0001    0.1906    0.0003    0.5523
    0.2588    0.0782    0.0002    0.0006    0.0003    0.6616
    0.0311    0.0014    0.0001    0.0005    0.0007    0.9660
    0.3762    0.3302    0.0003    0.0027    0.2384    0.0517
    0.3994    0.0034    0.0005    0.0053    0.0977    0.4931
    0.2422    0.0527    0.0001    0.0040    0.0004    0.7004
    0.3563    0.3492    0.0003    0.0000    0.1580    0.1359
    0.2707    0.0461    0.0000    0.0029    0.0003    0.6799
    0.3942    0.0000    0.0001    0.0720    0.0005    0.5332
    0.1012    0.0098    0.0000    0.0028    0.0002    0.8858
    0.3774    0.0181    0.0001    0.0602    0.0004    0.5438
    0.0051    0.2871    0.1487    0.0040    0.0002    0.4062
    0.3552    0.3844    0.0003    0.0021    0.2064    0.0512
    0.3739    0.2912    0.0001    0.0201    0.1800    0.1347
    0.3120    0.4253    0.0002    0.0000    0.1443    0.1181
    0.3818    0.0038    0.0004    0.0026    0.1153    0.4957
    0.0424    0.0000    0.0001    0.0014    0.0009    0.9552
    0.1083    0.0105    0.0000    0.0030    0.0002    0.8779
    0.4340    0.0027    0.0000    0.0027    0.1093    0.4512
    0.4115    0.0030    0.0000    0.0030    0.1264    0.4561
    0.3783    0.0000    0.0001    0.0393    0.0254    0.5568
    0.4340    0.1603    0.0005    0.0051    0.1733    0.2264
    0.0156    0.0000    0.0000    0.0054    0.0005    0.9786
    0.4773    0.0816    0.0000    0.0000    0.1585    0.2826
    0.4661    0.0023    0.0000    0.0023    0.1627    0.3665
    0.0955    0.0093    0.0000    0.0027    0.0006    0.8919
    0.3566    0.0057    0.0002    0.0082    0.1210    0.5081
    0.4692    0.2258    0.0001    0.0001    0.1634    0.1414
    0.4127    0.3549    0.0004    0.0036    0.2168    0.0112
    0.0782    0.0003    0.0000    0.0000    0.0003    0.9212
    0.3868    0.0034    0.0005    0.0416    0.0239    0.5434
    0.3643    0.0000    0.0001    0.0452    0.0003    0.5899
    0.3608    0.3104    0.0000    0.0032    0.1624    0.1632
    0.4450    0.3330    0.0007    0.0022    0.2125    0.0059
    0.0166    0.0000    0.0000    0.0018    0.0021    0.9795
    0.3573    0.0066    0.0003    0.0061    0.1728    0.4566
    0.4347    0.0736    0.0008    0.0121    0.1735    0.3044
    0.3813    0.0034    0.0003    0.0023    0.1994    0.4130
    0.1030    0.0100    0.0000    0.0029    0.0002    0.8840
    0.3451    0.3519    0.0001    0.0000    0.1785    0.1244
    0.4935    0.0042    0.0006    0.0066    0.1207    0.3737
    0.4089    0.0115    0.0001    0.0028    0.1171    0.4595
    0.4038    0.0064    0.0001    0.0550    0.0074    0.5272
    0.3815    0.0013    0.0001    0.0887    0.0003    0.5280
    0.3910    0.0011    0.0002    0.0164    0.0160    0.5751
    0.4055    0.4121    0.0003    0.0035    0.1518    0.0265
    0.4341    0.0040    0.0001    0.0386    0.1523    0.3709
    0.4487    0.0671    0.0000    0.0043    0.1648    0.3150
    0.3931    0.2607    0.0000    0.0000    0.2210    0.1251
    0.4956    0.0051    0.0000    0.0000    0.2098    0.2895
    0.0413    0.0000    0.0000    0.0058    0.0003    0.9526

 Output data matrix of Pareto front of final Gaussian process model:
        f1        f2        f3
 -282.1110   -2.7774-66690.5749
 -298.4142   -2.3542-60367.5458
 -675.3645   -0.9185-87142.1613
 -671.9231   -0.8970-88563.2468
 -544.7577   -1.4968-100913.3656
 -282.1110   -2.7774-66690.5749
 -344.6934   -2.0823-73814.7141
 -305.2900   -2.2887-61556.9699
 -347.7940   -2.2875-70374.4557
 -288.1791   -2.5706-62346.3548
 -290.0533   -2.5128-61283.9229
 -402.8197   -1.9808-81402.1885
 -415.9507   -1.9670-83397.9537
 -366.4251   -2.2186-72114.0961
 -583.3316   -1.3539-97126.5254
 -492.4503   -1.7938-93681.1231
 -518.7280   -1.6781-95526.7900
 -496.7035   -1.7686-94695.1099
 -369.9955   -2.0130-79652.3806
 -386.7900   -1.9802-82391.7887
 -290.5323   -2.4892-61115.1558
 -360.9714   -2.2529-71789.4209
 -282.7184   -2.7295-65332.7031
 -474.5591   -1.8490-91867.0987
 -394.9625   -1.9878-80827.4535
 -370.6294   -2.2007-72428.1703
 -406.4719   -1.9698-84119.7634
 -367.4562   -2.0230-79010.5888
 -663.0373   -1.0294-86599.2402
 -283.3284   -2.7158-65069.4741
 -393.0697   -1.9792-81988.3836
 -282.5318   -2.7489-65919.2226
 -355.1489   -2.2752-71231.5891
 -449.7411   -1.9074-89484.2851
 -284.0676   -2.6746-63933.8669
 -634.1869   -1.1451-92711.5505
 -409.1472   -1.9751-82942.9126
 -616.0755   -1.2484-90751.1606
 -472.0471   -1.8608-91622.4799
 -513.1839   -1.6679-96508.0413
 -356.5567   -2.0487-76588.6756
 -625.8872   -1.1613-94334.9403
 -368.4788   -2.0139-78649.7748
 -413.0376   -1.9618-85135.7580
 -352.0264   -2.2835-70843.3790
 -553.2481   -1.5198-97616.3172
 -285.4242   -2.6077-62701.2472
 -378.0766   -1.9977-77715.3590
 -656.3405   -1.0737-87323.1834
 -349.1572   -2.0675-74949.6964
 -363.8047   -2.0305-78123.1714
 -576.6542   -1.3919-99086.0389
 -466.9692   -1.8725-91129.4093
 -359.7100   -2.2614-71632.4288
 -495.0099   -1.7835-93964.7246
 -572.6740   -1.4064-99380.4302
 -284.6273   -2.6586-63578.8029
 -293.3120   -2.4604-61196.3083
 -655.9237   -1.0856-87813.6675
 -658.8059   -1.0547-90429.7839
 -672.1778   -0.9520-88176.3990
 -354.7785   -2.0583-75879.8815
 -294.6771   -2.4157-60585.5865
 -647.6149   -1.1249-91253.8825
 -636.6970   -1.1857-91231.5099
 -390.2111   -1.9908-80269.1986
 -512.1919   -1.7074-94067.6956
 -559.4954   -1.4707-98934.9233
 -535.5905   -1.5917-98168.6978
 -555.0561   -1.5036-98657.5396
 -420.7891   -1.9546-85837.5762
 -542.8266   -1.5636-96575.5839
 -608.5192   -1.1721-97457.3105
 -411.5799   -1.9659-84722.5408
 -593.8915   -1.2948-97847.7196
 -296.2842   -2.3873-60495.4461
 -381.0347   -2.0974-72086.4759
 -347.4619   -2.0783-74132.5600
 -621.3376   -1.2386-89207.9825
 -522.0400   -1.6533-96407.6978
 -375.8453   -2.1224-73072.1369
 -644.0877   -1.1137-92293.8875
 -294.1143   -2.4314-60723.5669
 -587.8729   -1.3318-96106.8919
 -350.9208   -2.0646-74533.5206
 -556.4697   -1.4818-98036.2076
 -500.5224   -1.7526-94925.8437
 -531.1417   -1.6203-97603.6501
 -547.2719   -1.4921-99990.2632
 -652.1414   -0.9861-92225.2897
