
 TSEMO log file created on 24-Feb-2020 

 This file shows the initial specifications of TSEMO and logs the output.
 ¯¯¯¯¯¯¯¯¯¯¯¯¯¯¯¯¯¯¯¯¯¯¯¯¯¯¯¯¯¯¯¯¯¯¯¯¯¯¯¯¯¯¯¯¯¯¯¯¯¯¯¯¯¯¯¯¯¯¯¯¯¯¯¯¯¯¯¯¯¯¯¯¯¯¯¯¯¯¯¯¯¯¯¯¯¯¯¯¯¯¯¯¯¯¯¯¯¯¯¯¯¯
 License information 

 BSD 2-Clause License 

 Copyright (c) 2017, Eric Bradford, Artur M. Schweidtmann and Alexei Lapkin
 All rights reserved. 

 Redistribution and use in source and binary forms, with or without
 modification, are permitted provided that the following conditions are met: 

 *Redistributions of source code must retain the above copyright notice, this   
  list of conditions and the following disclaimer. 

 *Redistributions in binary form must reproduce the above copyright notice,   
  this list of conditions and the following disclaimer in the documentation   
  and/or other materials provided with the distribution. 

 Modified by Mina Konakovic Lukovic 2019. 

 ¯¯¯¯¯¯¯¯¯¯¯¯¯¯¯¯¯¯¯¯¯¯¯¯¯¯¯¯¯¯¯¯¯¯¯¯¯¯¯¯¯¯¯¯¯¯¯¯¯¯¯¯¯¯¯¯¯¯¯¯¯¯¯¯¯¯¯¯¯¯¯¯¯¯¯¯¯¯¯¯¯¯¯¯¯¯¯¯¯¯¯¯¯¯¯¯¯¯¯¯¯¯
 Problem specifications 

 Function used:   consta 

 Number of inputs:   6
 Number of outputs:  3 

 Lower bounds of decision variables:
      x1      x2      x3      x4      x5      x6
  0.0000  0.0000  0.0000  0.0000  0.0000  0.0000
 
 Upper bounds of decision variables:
      x1      x2      x3      x4      x5      x6
  1.0000  1.0000  0.5000  1.0000  1.0000  1.0000
 ¯¯¯¯¯¯¯¯¯¯¯¯¯¯¯¯¯¯¯¯¯¯¯¯¯¯¯¯¯¯¯¯¯¯¯¯¯¯¯¯¯¯¯¯¯¯¯¯¯¯¯¯¯¯¯¯¯¯¯¯¯¯¯¯¯¯¯¯¯¯¯¯¯¯¯¯¯¯¯¯¯¯¯¯¯¯¯¯¯¯¯¯¯¯¯¯¯¯¯¯¯¯
 Algorithm options 

 Maximum number of function evaluations:  4
 Sample batch size:                       4
 Number of algorithm iterations:          1 

 Genetic algorithm population size:        200
 Genetic algorithm number of generations:  200 

                                               f1      f2      f3
 Number of spectral sampling points:         4000    4000    4000
 Type of matern function:                       5       5       5
 Direct evaluations per input dimension:      200     200     200
 ¯¯¯¯¯¯¯¯¯¯¯¯¯¯¯¯¯¯¯¯¯¯¯¯¯¯¯¯¯¯¯¯¯¯¯¯¯¯¯¯¯¯¯¯¯¯¯¯¯¯¯¯¯¯¯¯¯¯¯¯¯¯¯¯¯¯¯¯¯¯¯¯¯¯¯¯¯¯¯¯¯¯¯¯¯¯¯¯¯¯¯¯¯¯¯¯¯¯¯¯¯¯
 Initial data set 

 Number of initial data points:  115 

 Initial input data matrix:
      x1      x2      x3      x4      x5      x6
  0.3200  0.1300  0.0500  0.2100  0.0400  0.2500
  0.0000  0.1800  0.2100  0.2800  0.2000  0.1300
  0.0000  0.0200  0.3800  0.0400  0.2900  0.2700
  0.1900  0.3000  0.1000  0.0600  0.0700  0.2800
  0.0800  0.1600  0.1400  0.0400  0.1900  0.3900
  0.3400  0.0600  0.2300  0.1600  0.1900  0.0200
  0.1400  0.1000  0.0700  0.2000  0.2700  0.2200
  0.0700  0.0700  0.3200  0.2100  0.0300  0.3000
  0.0200  0.0100  0.2700  0.1300  0.4900  0.0800
  0.0900  0.3200  0.0300  0.1300  0.3700  0.0600
  0.0800  0.2100  0.0200  0.0000  0.6100  0.0800
  0.0900  0.3200  0.0400  0.2100  0.1700  0.1700
  0.1400  0.3000  0.0700  0.1000  0.2500  0.1400
  0.0400  0.1700  0.0700  0.2200  0.2400  0.2600
  0.1700  0.1500  0.2800  0.2900  0.0000  0.1100
  0.1000  0.1400  0.1400  0.2600  0.2700  0.0900
  1.0000  0.0000  0.0000  0.0000  0.0000  0.0000
  0.0000  1.0000  0.0000  0.0000  0.0000  0.0000
  0.0000  0.0000  0.0000  1.0000  0.0000  0.0000
  0.6000  0.4000  0.0000  0.0000  0.0000  0.0000
  0.5500  0.4500  0.0000  0.0000  0.0000  0.0000
  0.5000  0.5000  0.0000  0.0000  0.0000  0.0000
  0.4500  0.5500  0.0000  0.0000  0.0000  0.0000
  0.4000  0.6000  0.0000  0.0000  0.0000  0.0000
  0.2700  0.4400  0.0900  0.0400  0.0800  0.0800
  0.0400  0.1900  0.3600  0.2000  0.1200  0.0900
  0.0000  0.5900  0.0000  0.0800  0.0800  0.2500
  0.0000  0.3900  0.1300  0.0700  0.0300  0.3800
  0.0100  0.5100  0.0000  0.1000  0.0200  0.3600
  0.0100  0.6200  0.0100  0.0300  0.1000  0.2300
  0.0600  0.3000  0.4100  0.0100  0.0100  0.2100
  0.0800  0.3200  0.5000  0.0700  0.0200  0.0100
  0.1500  0.2800  0.2500  0.0100  0.0600  0.2500
  0.0000  0.0000  0.0000  0.0000  0.0000  1.0000
  0.0000  0.0000  0.0000  0.0000  1.0000  0.0000
  0.0200  0.1100  0.0000  0.5000  0.0300  0.3400
  0.0100  0.1900  0.0000  0.0000  0.0000  0.8000
  0.0100  0.3900  0.0000  0.0200  0.0100  0.5700
  0.1800  0.1200  0.0000  0.3600  0.0000  0.3400
  0.0100  0.0000  0.1300  0.2500  0.0000  0.6100
  0.3200  0.0000  0.1200  0.0100  0.0000  0.5500
  0.0100  0.1500  0.1000  0.2100  0.0000  0.5300
  0.0100  0.0000  0.1500  0.2500  0.0000  0.5900
  0.1500  0.4500  0.0400  0.0300  0.0100  0.3200
  0.0500  0.3200  0.0000  0.5700  0.0600  0.0000
  0.3100  0.5200  0.0000  0.0800  0.0200  0.0700
  0.1500  0.0400  0.1300  0.6700  0.0100  0.0000
  0.0000  0.2100  0.2000  0.5800  0.0100  0.0000
  0.0000  0.0100  0.2800  0.6700  0.0100  0.0300
  0.0100  0.2800  0.1100  0.4600  0.1100  0.0300
  0.4900  0.0600  0.0000  0.1400  0.0200  0.2900
  0.1400  0.0000  0.0700  0.0100  0.0100  0.7700
  0.0300  0.5800  0.1800  0.0400  0.1000  0.0700
  0.0000  0.3100  0.0100  0.0200  0.1500  0.5100
  0.2500  0.0100  0.0100  0.0400  0.1300  0.5600
  0.2900  0.4500  0.0600  0.0800  0.1200  0.0000
  0.0200  0.0100  0.1600  0.0100  0.5000  0.3000
  0.0200  0.2400  0.0000  0.0300  0.2600  0.4500
  0.0000  0.0100  0.0000  0.0100  0.2700  0.7100
  0.0900  0.0200  0.0000  0.0600  0.4000  0.4300
  0.0000  0.1600  0.0000  0.0000  0.2500  0.5900
  0.3200  0.0900  0.0200  0.0100  0.0100  0.5500
  0.0000  0.0800  0.1300  0.0000  0.1100  0.6800
  0.3900  0.0100  0.0300  0.0000  0.0000  0.5700
  0.2600  0.1800  0.0200  0.0100  0.0100  0.5200
  0.2000  0.1600  0.0000  0.0000  0.0000  0.6400
  0.5100  0.3100  0.0700  0.0100  0.0100  0.0900
  0.1400  0.1700  0.0200  0.0000  0.0000  0.6700
  0.0000  0.0300  0.0200  0.2100  0.3200  0.4200
  0.5700  0.0000  0.1100  0.0100  0.1000  0.2100
  0.5100  0.2500  0.1000  0.0200  0.1200  0.0000
  0.5100  0.0100  0.0700  0.0200  0.1100  0.2800
  0.0000  0.0000  0.0000  0.0200  0.0000  0.9800
  0.6000  0.0000  0.0300  0.0000  0.0200  0.3500
  0.3400  0.0000  0.1100  0.0100  0.0600  0.4800
  0.4400  0.1100  0.1100  0.0000  0.0600  0.2800
  0.6600  0.0000  0.0800  0.0000  0.0000  0.2600
  0.3700  0.4700  0.1000  0.0000  0.0600  0.0000
  0.4400  0.3000  0.0900  0.0400  0.1300  0.0000
  0.2700  0.6100  0.1200  0.0000  0.0000  0.0000
  0.0100  0.0000  0.0000  0.0200  0.0800  0.8900
  0.2100  0.1100  0.0600  0.0000  0.1400  0.4800
  0.5200  0.0100  0.0100  0.0000  0.0000  0.4600
  0.0000  0.3800  0.0100  0.0000  0.0000  0.6100
  0.0000  0.3100  0.0100  0.0000  0.0000  0.6800
  0.3200  0.3400  0.0200  0.0000  0.0100  0.3100
  0.0100  0.4100  0.0000  0.0000  0.0100  0.5700
  0.0000  0.4100  0.0000  0.1300  0.0000  0.4600
  0.0000  0.1800  0.0000  0.2600  0.0100  0.5500
  0.0400  0.4500  0.0000  0.0700  0.0100  0.4300
  0.0000  0.2500  0.0000  0.2500  0.0000  0.5000
  0.3600  0.2000  0.0200  0.0800  0.0000  0.3400
  0.2100  0.0000  0.0000  0.3300  0.0100  0.4500
  0.2500  0.0000  0.0000  0.3100  0.0100  0.4300
  0.1900  0.0000  0.0000  0.3200  0.0100  0.4800
  0.0000  0.6300  0.1000  0.0000  0.0000  0.2700
  0.0000  0.6600  0.0900  0.0000  0.0000  0.2500
  0.0000  0.3300  0.1100  0.0100  0.0000  0.5500
  0.0000  0.6800  0.0900  0.0000  0.0100  0.2200
  0.3500  0.0000  0.0000  0.0100  0.0000  0.6400
  0.0100  0.0000  0.0000  0.3600  0.0000  0.6300
  0.4800  0.0000  0.0100  0.0000  0.1200  0.3900
  0.3900  0.0000  0.0000  0.0200  0.0100  0.5800
  0.4000  0.1700  0.0000  0.0000  0.1200  0.3100
  0.4400  0.2700  0.0000  0.0000  0.1700  0.1200
  0.3400  0.1400  0.0000  0.0000  0.1300  0.3900
  0.3300  0.1200  0.0000  0.0000  0.1300  0.4200
  0.3900  0.0000  0.0000  0.0000  0.2200  0.3900
  0.3900  0.3100  0.0000  0.0000  0.2200  0.0800
  0.4100  0.0000  0.0000  0.0000  0.2500  0.3400
  0.3500  0.0000  0.0000  0.0000  0.2000  0.4500
  0.3300  0.0000  0.0000  0.0000  0.2100  0.4600
  0.3100  0.0000  0.0000  0.0000  0.2000  0.4900
  0.3500  0.0000  0.0000  0.0000  0.2100  0.4400
  0.2000  0.0000  0.0000  0.0000  0.0100  0.7900

 Initial output data matrix:
      f1      f2      f3
-477.3645 -1.2974-78049.1925
-454.7535 -1.3662-68112.8155
-279.9044 -2.1133-51731.0693
-469.5247 -1.7578-77876.9026
-440.0426 -1.9634-76654.9118
-365.6047 -1.2303-62118.0243
-410.9856 -1.1190-66049.6554
-136.1656 -0.8962-22268.5639
-369.0088 -1.3142-61644.3643
-533.9811 -0.8968-68784.7611
-442.6768 -0.7257-59416.2131
-507.4257 -0.9822-66650.9629
-443.6008 -1.1184-65323.0907
-489.5899 -1.3294-72483.9913
-359.3333 -1.7335-60280.1487
-485.2462 -0.8865-66192.4108
-228.9585 -0.7284-49588.2084
-435.6576 -1.1748-60782.1527
-368.0328 -0.0378-29839.9581
-558.3333 -1.0147-72324.3305
-545.1107 -1.0090-76481.1353
-595.9865 -1.0313-80252.0073
-577.5167 -1.0272-78299.5278
-603.0115 -1.0486-79494.8772
-536.4679 -1.3385-83057.1828
-380.6202 -1.5761-63939.3838
-487.9964 -1.6929-74452.7693
-492.2164 -2.0354-77476.1977
-483.0457 -1.7036-74331.8675
-461.0062 -1.5331-68683.9650
-428.6732 -1.9582-73565.0149
-420.3458 -1.7501-70958.0370
-185.7397 -1.9998-39188.2443
-307.5914 -2.9333-68673.8814
-248.0791 -0.3369-41639.4837
-330.4220 -1.6093-58954.7196
-261.1897 -2.5356-54113.5267
-374.3907 -2.1313-72005.0906
-442.1932 -1.6426-73645.0393
-325.5454 -2.2577-65492.6760
-407.4563 -1.7142-79298.8675
-280.7768 -2.0890-55835.4428
-345.4445 -2.2639-66935.4850
-337.8766 -1.7123-65225.4544
-380.5099 -0.6146-47362.4095
-423.7886 -1.3121-68132.9194
-412.9137 -0.7221-59055.9302
-389.7163 -1.2975-60315.7332
-243.9299 -1.5816-43427.1956
-418.8166 -1.1219-61444.5239
-463.1094 -1.4660-81856.9346
-260.4919 -1.9421-59060.6871
-461.1271 -1.5697-75813.0466
-434.9195 -1.9723-80545.7853
-411.2741 -1.7072-85333.3874
-593.8157 -1.0758-82484.6477
-331.6431 -1.2261-62332.4475
-461.8788 -1.5726-80820.6379
-386.3988 -1.9098-76223.9832
-458.6168 -1.3865-78606.8274
-386.1546 -1.7969-73308.3934
-420.6757 -1.8963-83069.8760
-256.3444 -2.2542-53258.3199
-343.7864 -1.8975-72697.8828
-317.0968 -1.9236-66141.3310
-405.5608 -1.9380-81223.2023
-579.2708 -1.0437-87100.5169
-297.2664 -2.2664-61771.9743
-230.0024 -1.7750-53153.7094
-296.3126 -0.8946-60049.3899
-625.1337 -1.1253-94708.7918
-559.4404 -1.5604-98460.5528
-350.2734 -2.6724-74202.1381
-483.8073 -1.5770-91455.1658
-333.6048 -1.8340-67470.0844
-401.3639 -1.5176-75081.6898
-339.8147 -1.1731-68370.6235
-619.8270 -1.3159-92324.8900
-456.6095 -1.0320-73399.8497
-527.1160 -1.2052-80673.3135
-182.0132 -2.1459-33836.3245
-299.4935 -1.9115-62779.5207
-342.4831 -1.8084-73190.6083
-292.5484 -2.1003-64376.6034
-284.1961 -2.0337-60695.8700
-418.6794 -1.5121-75788.0791
-272.5130 -1.9527-60034.6655
-324.9663 -1.9969-65021.8788
-361.4059 -2.0913-69395.5054
-310.1195 -1.9192-61302.0228
-321.0298 -2.0199-62665.9535
-408.2643 -1.5818-76317.7672
-398.2560 -1.9114-74552.8783
-437.9660 -1.8110-79745.2693
-402.9772 -1.8842-75747.1961
-367.7646 -1.7661-65605.9795
-392.9406 -1.8913-69484.2021
-317.1051 -2.1952-63761.7220
-355.6015 -1.8014-64450.3268
-438.2688 -2.1205-87348.6010
-334.7339 -2.0407-65124.3183
-514.0293 -1.5443-93643.6527
-526.1093 -1.9176-98663.7705
-555.0826 -1.4101-91162.3449
-653.9760 -1.1215-96005.8355
-613.3157 -1.3545-102903.8092
-574.5688 -1.4762-99854.6710
-596.1996 -1.5851-97568.0584
-673.8733 -1.3085-96609.9429
-570.9253 -1.5720-97057.6408
-453.6160 -1.8559-85374.7271
-512.3685 -1.7799-93175.9066
-384.8236 -1.8510-77997.5467
-536.0149 -1.7113-96497.9814
-289.9712 -1.9717-66399.4183

 ¯¯¯¯¯¯¯¯¯¯¯¯¯¯¯¯¯¯¯¯¯¯¯¯¯¯¯¯¯¯¯¯¯¯¯¯¯¯¯¯¯¯¯¯¯¯¯¯¯¯¯¯¯¯¯¯¯¯¯¯¯¯¯¯¯¯¯¯¯¯¯¯¯¯¯¯¯¯¯¯¯¯¯¯¯¯¯¯¯¯¯¯¯¯¯¯¯¯¯¯¯¯
 Algorithm iteration 1 

 Predicted hypervolume improvement:    0.1347
 Time taken:   39.1771 

 Proposed evaluation point(s): 
      x1      x2      x3      x4      x5      x6
  0.3500  0.0000  0.0000  0.0000  0.2200  0.4300
  0.4000  0.0000  0.0000  0.0000  0.2000  0.4000
  0.3400  0.0000  0.0000  0.0000  0.2100  0.4500
  0.4500  0.0100  0.0000  0.0000  0.2000  0.3400

 Corresponding observation(s): 
      f1      f2      f3
-553.2297 -1.6348-99201.8540
-560.9874 -1.5791-99822.0344
-541.7491 -1.6809-99059.3541
-566.6036 -1.4398-99860.9472

 ¯¯¯¯¯¯¯¯¯¯¯¯¯¯¯¯¯¯¯¯¯¯¯¯¯¯¯¯¯¯¯¯¯¯¯¯¯¯¯¯¯¯¯¯¯¯¯¯¯¯¯¯¯¯¯¯¯¯¯¯¯¯¯¯¯¯¯¯¯¯¯¯¯¯¯¯¯¯¯¯¯¯¯¯¯¯¯¯¯¯¯¯¯¯¯¯¯¯¯¯¯¯
 Final algorithm output 

 Final input data matrix:
        x1        x2        x3        x4        x5        x6
    0.3200    0.1300    0.0500    0.2100    0.0400    0.2500
    0.0000    0.1800    0.2100    0.2800    0.2000    0.1300
    0.0000    0.0200    0.3800    0.0400    0.2900    0.2700
    0.1900    0.3000    0.1000    0.0600    0.0700    0.2800
    0.0800    0.1600    0.1400    0.0400    0.1900    0.3900
    0.3400    0.0600    0.2300    0.1600    0.1900    0.0200
    0.1400    0.1000    0.0700    0.2000    0.2700    0.2200
    0.0700    0.0700    0.3200    0.2100    0.0300    0.3000
    0.0200    0.0100    0.2700    0.1300    0.4900    0.0800
    0.0900    0.3200    0.0300    0.1300    0.3700    0.0600
    0.0800    0.2100    0.0200    0.0000    0.6100    0.0800
    0.0900    0.3200    0.0400    0.2100    0.1700    0.1700
    0.1400    0.3000    0.0700    0.1000    0.2500    0.1400
    0.0400    0.1700    0.0700    0.2200    0.2400    0.2600
    0.1700    0.1500    0.2800    0.2900    0.0000    0.1100
    0.1000    0.1400    0.1400    0.2600    0.2700    0.0900
    1.0000    0.0000    0.0000    0.0000    0.0000    0.0000
    0.0000    1.0000    0.0000    0.0000    0.0000    0.0000
    0.0000    0.0000    0.0000    1.0000    0.0000    0.0000
    0.6000    0.4000    0.0000    0.0000    0.0000    0.0000
    0.5500    0.4500    0.0000    0.0000    0.0000    0.0000
    0.5000    0.5000    0.0000    0.0000    0.0000    0.0000
    0.4500    0.5500    0.0000    0.0000    0.0000    0.0000
    0.4000    0.6000    0.0000    0.0000    0.0000    0.0000
    0.2700    0.4400    0.0900    0.0400    0.0800    0.0800
    0.0400    0.1900    0.3600    0.2000    0.1200    0.0900
    0.0000    0.5900    0.0000    0.0800    0.0800    0.2500
    0.0000    0.3900    0.1300    0.0700    0.0300    0.3800
    0.0100    0.5100    0.0000    0.1000    0.0200    0.3600
    0.0100    0.6200    0.0100    0.0300    0.1000    0.2300
    0.0600    0.3000    0.4100    0.0100    0.0100    0.2100
    0.0800    0.3200    0.5000    0.0700    0.0200    0.0100
    0.1500    0.2800    0.2500    0.0100    0.0600    0.2500
    0.0000    0.0000    0.0000    0.0000    0.0000    1.0000
    0.0000    0.0000    0.0000    0.0000    1.0000    0.0000
    0.0200    0.1100    0.0000    0.5000    0.0300    0.3400
    0.0100    0.1900    0.0000    0.0000    0.0000    0.8000
    0.0100    0.3900    0.0000    0.0200    0.0100    0.5700
    0.1800    0.1200    0.0000    0.3600    0.0000    0.3400
    0.0100    0.0000    0.1300    0.2500    0.0000    0.6100
    0.3200    0.0000    0.1200    0.0100    0.0000    0.5500
    0.0100    0.1500    0.1000    0.2100    0.0000    0.5300
    0.0100    0.0000    0.1500    0.2500    0.0000    0.5900
    0.1500    0.4500    0.0400    0.0300    0.0100    0.3200
    0.0500    0.3200    0.0000    0.5700    0.0600    0.0000
    0.3100    0.5200    0.0000    0.0800    0.0200    0.0700
    0.1500    0.0400    0.1300    0.6700    0.0100    0.0000
    0.0000    0.2100    0.2000    0.5800    0.0100    0.0000
    0.0000    0.0100    0.2800    0.6700    0.0100    0.0300
    0.0100    0.2800    0.1100    0.4600    0.1100    0.0300
    0.4900    0.0600    0.0000    0.1400    0.0200    0.2900
    0.1400    0.0000    0.0700    0.0100    0.0100    0.7700
    0.0300    0.5800    0.1800    0.0400    0.1000    0.0700
    0.0000    0.3100    0.0100    0.0200    0.1500    0.5100
    0.2500    0.0100    0.0100    0.0400    0.1300    0.5600
    0.2900    0.4500    0.0600    0.0800    0.1200    0.0000
    0.0200    0.0100    0.1600    0.0100    0.5000    0.3000
    0.0200    0.2400    0.0000    0.0300    0.2600    0.4500
    0.0000    0.0100    0.0000    0.0100    0.2700    0.7100
    0.0900    0.0200    0.0000    0.0600    0.4000    0.4300
    0.0000    0.1600    0.0000    0.0000    0.2500    0.5900
    0.3200    0.0900    0.0200    0.0100    0.0100    0.5500
    0.0000    0.0800    0.1300    0.0000    0.1100    0.6800
    0.3900    0.0100    0.0300    0.0000    0.0000    0.5700
    0.2600    0.1800    0.0200    0.0100    0.0100    0.5200
    0.2000    0.1600    0.0000    0.0000    0.0000    0.6400
    0.5100    0.3100    0.0700    0.0100    0.0100    0.0900
    0.1400    0.1700    0.0200    0.0000    0.0000    0.6700
    0.0000    0.0300    0.0200    0.2100    0.3200    0.4200
    0.5700    0.0000    0.1100    0.0100    0.1000    0.2100
    0.5100    0.2500    0.1000    0.0200    0.1200    0.0000
    0.5100    0.0100    0.0700    0.0200    0.1100    0.2800
    0.0000    0.0000    0.0000    0.0200    0.0000    0.9800
    0.6000    0.0000    0.0300    0.0000    0.0200    0.3500
    0.3400    0.0000    0.1100    0.0100    0.0600    0.4800
    0.4400    0.1100    0.1100    0.0000    0.0600    0.2800
    0.6600    0.0000    0.0800    0.0000    0.0000    0.2600
    0.3700    0.4700    0.1000    0.0000    0.0600    0.0000
    0.4400    0.3000    0.0900    0.0400    0.1300    0.0000
    0.2700    0.6100    0.1200    0.0000    0.0000    0.0000
    0.0100    0.0000    0.0000    0.0200    0.0800    0.8900
    0.2100    0.1100    0.0600    0.0000    0.1400    0.4800
    0.5200    0.0100    0.0100    0.0000    0.0000    0.4600
    0.0000    0.3800    0.0100    0.0000    0.0000    0.6100
    0.0000    0.3100    0.0100    0.0000    0.0000    0.6800
    0.3200    0.3400    0.0200    0.0000    0.0100    0.3100
    0.0100    0.4100    0.0000    0.0000    0.0100    0.5700
    0.0000    0.4100    0.0000    0.1300    0.0000    0.4600
    0.0000    0.1800    0.0000    0.2600    0.0100    0.5500
    0.0400    0.4500    0.0000    0.0700    0.0100    0.4300
    0.0000    0.2500    0.0000    0.2500    0.0000    0.5000
    0.3600    0.2000    0.0200    0.0800    0.0000    0.3400
    0.2100    0.0000    0.0000    0.3300    0.0100    0.4500
    0.2500    0.0000    0.0000    0.3100    0.0100    0.4300
    0.1900    0.0000    0.0000    0.3200    0.0100    0.4800
    0.0000    0.6300    0.1000    0.0000    0.0000    0.2700
    0.0000    0.6600    0.0900    0.0000    0.0000    0.2500
    0.0000    0.3300    0.1100    0.0100    0.0000    0.5500
    0.0000    0.6800    0.0900    0.0000    0.0100    0.2200
    0.3500    0.0000    0.0000    0.0100    0.0000    0.6400
    0.0100    0.0000    0.0000    0.3600    0.0000    0.6300
    0.4800    0.0000    0.0100    0.0000    0.1200    0.3900
    0.3900    0.0000    0.0000    0.0200    0.0100    0.5800
    0.4000    0.1700    0.0000    0.0000    0.1200    0.3100
    0.4400    0.2700    0.0000    0.0000    0.1700    0.1200
    0.3400    0.1400    0.0000    0.0000    0.1300    0.3900
    0.3300    0.1200    0.0000    0.0000    0.1300    0.4200
    0.3900    0.0000    0.0000    0.0000    0.2200    0.3900
    0.3900    0.3100    0.0000    0.0000    0.2200    0.0800
    0.4100    0.0000    0.0000    0.0000    0.2500    0.3400
    0.3500    0.0000    0.0000    0.0000    0.2000    0.4500
    0.3300    0.0000    0.0000    0.0000    0.2100    0.4600
    0.3100    0.0000    0.0000    0.0000    0.2000    0.4900
    0.3500    0.0000    0.0000    0.0000    0.2100    0.4400
    0.2000    0.0000    0.0000    0.0000    0.0100    0.7900
    0.3500    0.0000    0.0000    0.0000    0.2200    0.4300
    0.4000    0.0000    0.0000    0.0000    0.2000    0.4000
    0.3400    0.0000    0.0000    0.0000    0.2100    0.4500
    0.4500    0.0100    0.0000    0.0000    0.2000    0.3400

 Final output data matrix:
        f1        f2        f3
 -477.3645   -1.2974-78049.1925
 -454.7535   -1.3662-68112.8155
 -279.9044   -2.1133-51731.0693
 -469.5247   -1.7578-77876.9026
 -440.0426   -1.9634-76654.9118
 -365.6047   -1.2303-62118.0243
 -410.9856   -1.1190-66049.6554
 -136.1656   -0.8962-22268.5639
 -369.0088   -1.3142-61644.3643
 -533.9811   -0.8968-68784.7611
 -442.6768   -0.7257-59416.2131
 -507.4257   -0.9822-66650.9629
 -443.6008   -1.1184-65323.0907
 -489.5899   -1.3294-72483.9913
 -359.3333   -1.7335-60280.1487
 -485.2462   -0.8865-66192.4108
 -228.9585   -0.7284-49588.2084
 -435.6576   -1.1748-60782.1527
 -368.0328   -0.0378-29839.9581
 -558.3333   -1.0147-72324.3305
 -545.1107   -1.0090-76481.1353
 -595.9865   -1.0313-80252.0073
 -577.5167   -1.0272-78299.5278
 -603.0115   -1.0486-79494.8772
 -536.4679   -1.3385-83057.1828
 -380.6202   -1.5761-63939.3838
 -487.9964   -1.6929-74452.7693
 -492.2164   -2.0354-77476.1977
 -483.0457   -1.7036-74331.8675
 -461.0062   -1.5331-68683.9650
 -428.6732   -1.9582-73565.0149
 -420.3458   -1.7501-70958.0370
 -185.7397   -1.9998-39188.2443
 -307.5914   -2.9333-68673.8814
 -248.0791   -0.3369-41639.4837
 -330.4220   -1.6093-58954.7196
 -261.1897   -2.5356-54113.5267
 -374.3907   -2.1313-72005.0906
 -442.1932   -1.6426-73645.0393
 -325.5454   -2.2577-65492.6760
 -407.4563   -1.7142-79298.8675
 -280.7768   -2.0890-55835.4428
 -345.4445   -2.2639-66935.4850
 -337.8766   -1.7123-65225.4544
 -380.5099   -0.6146-47362.4095
 -423.7886   -1.3121-68132.9194
 -412.9137   -0.7221-59055.9302
 -389.7163   -1.2975-60315.7332
 -243.9299   -1.5816-43427.1956
 -418.8166   -1.1219-61444.5239
 -463.1094   -1.4660-81856.9346
 -260.4919   -1.9421-59060.6871
 -461.1271   -1.5697-75813.0466
 -434.9195   -1.9723-80545.7853
 -411.2741   -1.7072-85333.3874
 -593.8157   -1.0758-82484.6477
 -331.6431   -1.2261-62332.4475
 -461.8788   -1.5726-80820.6379
 -386.3988   -1.9098-76223.9832
 -458.6168   -1.3865-78606.8274
 -386.1546   -1.7969-73308.3934
 -420.6757   -1.8963-83069.8760
 -256.3444   -2.2542-53258.3199
 -343.7864   -1.8975-72697.8828
 -317.0968   -1.9236-66141.3310
 -405.5608   -1.9380-81223.2023
 -579.2708   -1.0437-87100.5169
 -297.2664   -2.2664-61771.9743
 -230.0024   -1.7750-53153.7094
 -296.3126   -0.8946-60049.3899
 -625.1337   -1.1253-94708.7918
 -559.4404   -1.5604-98460.5528
 -350.2734   -2.6724-74202.1381
 -483.8073   -1.5770-91455.1658
 -333.6048   -1.8340-67470.0844
 -401.3639   -1.5176-75081.6898
 -339.8147   -1.1731-68370.6235
 -619.8270   -1.3159-92324.8900
 -456.6095   -1.0320-73399.8497
 -527.1160   -1.2052-80673.3135
 -182.0132   -2.1459-33836.3245
 -299.4935   -1.9115-62779.5207
 -342.4831   -1.8084-73190.6083
 -292.5484   -2.1003-64376.6034
 -284.1961   -2.0337-60695.8700
 -418.6794   -1.5121-75788.0791
 -272.5130   -1.9527-60034.6655
 -324.9663   -1.9969-65021.8788
 -361.4059   -2.0913-69395.5054
 -310.1195   -1.9192-61302.0228
 -321.0298   -2.0199-62665.9535
 -408.2643   -1.5818-76317.7672
 -398.2560   -1.9114-74552.8783
 -437.9660   -1.8110-79745.2693
 -402.9772   -1.8842-75747.1961
 -367.7646   -1.7661-65605.9795
 -392.9406   -1.8913-69484.2021
 -317.1051   -2.1952-63761.7220
 -355.6015   -1.8014-64450.3268
 -438.2688   -2.1205-87348.6010
 -334.7339   -2.0407-65124.3183
 -514.0293   -1.5443-93643.6527
 -526.1093   -1.9176-98663.7705
 -555.0826   -1.4101-91162.3449
 -653.9760   -1.1215-96005.8355
 -613.3157   -1.3545-102903.8092
 -574.5688   -1.4762-99854.6710
 -596.1996   -1.5851-97568.0584
 -673.8733   -1.3085-96609.9429
 -570.9253   -1.5720-97057.6408
 -453.6160   -1.8559-85374.7271
 -512.3685   -1.7799-93175.9066
 -384.8236   -1.8510-77997.5467
 -536.0149   -1.7113-96497.9814
 -289.9712   -1.9717-66399.4183
 -553.2297   -1.6348-99201.8540
 -560.9874   -1.5791-99822.0344
 -541.7491   -1.6809-99059.3541
 -566.6036   -1.4398-99860.9472

 Input data matrix of corresponding Pareto front:
        x1        x2        x3        x4        x5        x6
    0.0000    0.3900    0.1300    0.0700    0.0300    0.3800
    0.0000    0.0000    0.0000    0.0000    0.0000    1.0000
    0.0100    0.3900    0.0000    0.0200    0.0100    0.5700
    0.5100    0.0100    0.0700    0.0200    0.1100    0.2800
    0.0000    0.0000    0.0000    0.0200    0.0000    0.9800
    0.3700    0.4700    0.1000    0.0000    0.0600    0.0000
    0.3500    0.0000    0.0000    0.0100    0.0000    0.6400
    0.3900    0.0000    0.0000    0.0200    0.0100    0.5800
    0.3400    0.1400    0.0000    0.0000    0.1300    0.3900
    0.3300    0.1200    0.0000    0.0000    0.1300    0.4200
    0.3900    0.0000    0.0000    0.0000    0.2200    0.3900
    0.3900    0.3100    0.0000    0.0000    0.2200    0.0800
    0.3500    0.0000    0.0000    0.0000    0.2100    0.4400

 Output data matrix of corresponding Pareto front:
        f1        f2        f3
 -492.2164   -2.0354-77476.1977
 -307.5914   -2.9333-68673.8814
 -374.3907   -2.1313-72005.0906
 -559.4404   -1.5604-98460.5528
 -350.2734   -2.6724-74202.1381
 -619.8270   -1.3159-92324.8900
 -438.2688   -2.1205-87348.6010
 -526.1093   -1.9176-98663.7705
 -613.3157   -1.3545-102903.8092
 -574.5688   -1.4762-99854.6710
 -596.1996   -1.5851-97568.0584
 -673.8733   -1.3085-96609.9429
 -536.0149   -1.7113-96497.9814

 Input data matrix of Pareto front of final Gaussian process model:
        x1        x2        x3        x4        x5        x6
    0.0286    0.0004    0.0000    0.0038    0.0014    0.9658
    0.0000    0.0000    0.0000    0.0000    0.0000    1.0000
    0.4465    0.2968    0.0005    0.0017    0.2508    0.0032
    0.4625    0.0000    0.0000    0.0018    0.2272    0.3085
    0.4348    0.3172    0.0003    0.0017    0.2423    0.0034
    0.0000    0.0000    0.0000    0.0000    0.0000    1.0000
    0.0905    0.0000    0.0000    0.0000    0.0000    0.9095
    0.0008    0.0373    0.1649    0.0003    0.0035    0.6283
    0.0238    0.0000    0.0000    0.0000    0.0002    0.9760
    0.2939    0.0571    0.0000    0.0042    0.0000    0.6448
    0.0007    0.1198    0.1652    0.0026    0.0004    0.5461
    0.0006    0.1887    0.1597    0.0003    0.0021    0.4889
    0.0000    0.1469    0.1574    0.0059    0.0015    0.5308
    0.2721    0.0810    0.0000    0.0000    0.0000    0.6470
    0.0008    0.2579    0.1530    0.0073    0.0084    0.4196
    0.0008    0.1381    0.1590    0.0009    0.0030    0.5392
    0.4190    0.0000    0.0000    0.0000    0.2148    0.3662
    0.3635    0.3827    0.0003    0.0012    0.2349    0.0170
    0.1702    0.1594    0.0001    0.0043    0.0030    0.6629
    0.0006    0.0988    0.1569    0.0003    0.0021    0.5845
    0.4579    0.0000    0.0001    0.0017    0.2168    0.3236
    0.2489    0.0941    0.0001    0.0038    0.0000    0.6530
    0.0702    0.0000    0.0000    0.0000    0.0005    0.9293
    0.0006    0.0786    0.1595    0.0003    0.0073    0.5942
    0.0000    0.1152    0.1569    0.0028    0.0005    0.5677
    0.4270    0.0048    0.0000    0.0051    0.0537    0.5093
    0.3699    0.2258    0.0004    0.0013    0.1513    0.2509
    0.4229    0.3263    0.0003    0.0005    0.2265    0.0232
    0.0561    0.0000    0.0000    0.0000    0.0002    0.9438
    0.0811    0.0000    0.0000    0.0020    0.0000    0.9169
    0.3700    0.0003    0.0002    0.0010    0.0011    0.6271
    0.3938    0.0000    0.0000    0.0012    0.1113    0.4938
    0.3040    0.0483    0.0003    0.0026    0.0000    0.6443
    0.2687    0.0799    0.0000    0.0004    0.0000    0.6510
    0.0714    0.0000    0.0000    0.0025    0.0038    0.9223
    0.2164    0.1134    0.0001    0.0077    0.0005    0.6617
    0.4477    0.0000    0.0000    0.0103    0.0393    0.5027
    0.1555    0.1838    0.0001    0.0062    0.0041    0.6503
    0.3086    0.0482    0.0003    0.0147    0.0006    0.6274
    0.2058    0.1347    0.0001    0.0074    0.0003    0.6518
    0.3640    0.0000    0.0000    0.0015    0.0343    0.6001
    0.2596    0.0973    0.0007    0.0000    0.0000    0.6416
    0.3849    0.0008    0.0002    0.0013    0.1757    0.4369
    0.0006    0.2115    0.1558    0.0025    0.0023    0.4716
    0.0000    0.1016    0.1608    0.0028    0.0017    0.5721
    0.2745    0.0909    0.0001    0.0037    0.0000    0.6308
    0.0640    0.0001    0.0000    0.0000    0.0000    0.9359
    0.4564    0.2828    0.0007    0.0017    0.2352    0.0224
    0.4377    0.0000    0.0000    0.0013    0.0694    0.4916
    0.0000    0.2266    0.1547    0.0060    0.0050    0.4530
    0.4423    0.1749    0.0002    0.0016    0.2482    0.1327
    0.3505    0.3351    0.0003    0.0098    0.1651    0.1389
    0.3557    0.3198    0.0004    0.0002    0.1872    0.1362
    0.3978    0.0004    0.0003    0.0914    0.0243    0.4857
    0.3848    0.0000    0.0000    0.0015    0.0348    0.5789
    0.3970    0.0000    0.0003    0.0012    0.0136    0.5876
    0.4483    0.0000    0.0000    0.0020    0.2443    0.3055
    0.3238    0.3577    0.0003    0.0012    0.1609    0.1557
    0.3858    0.2988    0.0002    0.0014    0.1981    0.1158
    0.0006    0.2513    0.1491    0.0065    0.0083    0.4351
    0.4662    0.2404    0.0012    0.0017    0.2584    0.0309
    0.3749    0.0005    0.0000    0.0023    0.0000    0.6223
    0.2910    0.0463    0.0003    0.0039    0.0000    0.6582
    0.0394    0.0000    0.0000    0.0014    0.0021    0.9571
    0.1698    0.1756    0.0001    0.0043    0.0029    0.6471
    0.3956    0.0000    0.0000    0.0000    0.2235    0.3809
    0.2334    0.1119    0.0001    0.0007    0.0005    0.6533
    0.2203    0.1154    0.0001    0.0105    0.0008    0.6526
    0.3282    0.0245    0.0001    0.0047    0.0000    0.6425
    0.4086    0.0000    0.0001    0.0022    0.1075    0.4816
    0.4598    0.0000    0.0000    0.0267    0.2505    0.2630
    0.1744    0.1746    0.0002    0.0043    0.0029    0.6434
    0.3581    0.3445    0.0000    0.0025    0.1305    0.1644
    0.4011    0.3094    0.0003    0.0015    0.2235    0.0639
    0.0005    0.2427    0.1440    0.0025    0.0461    0.4201
    0.0859    0.0000    0.0000    0.0000    0.0007    0.9134
    0.4222    0.0075    0.0000    0.0016    0.1668    0.4020
    0.3433    0.2197    0.0002    0.0010    0.2159    0.2195
    0.3913    0.0026    0.0001    0.0078    0.1583    0.4399
    0.4408    0.2914    0.0003    0.0017    0.2423    0.0231
    0.3975    0.3823    0.0011    0.0026    0.1448    0.0708
    0.3980    0.1531    0.0002    0.0025    0.1806    0.2654
    0.4018    0.0005    0.0000    0.0030    0.0375    0.5572
    0.4066    0.0000    0.0000    0.0012    0.0759    0.5163
    0.0006    0.0582    0.1589    0.0057    0.0003    0.6175
    0.4303    0.0000    0.0001    0.0021    0.1035    0.4638
    0.0332    0.0002    0.0000    0.0041    0.0018    0.9608
    0.2155    0.1372    0.0001    0.0102    0.0008    0.6359
    0.2608    0.0776    0.0000    0.0016    0.0000    0.6601
    0.4321    0.2430    0.0000    0.0091    0.1498    0.1661
    0.1962    0.1390    0.0001    0.0085    0.0029    0.6532
    0.4133    0.0000    0.0000    0.0000    0.1993    0.3873
    0.4064    0.0072    0.0000    0.0015    0.1997    0.3851
    0.4031    0.1500    0.0000    0.0000    0.1965    0.2503
    0.3565    0.0005    0.0000    0.0031    0.0000    0.6399
    0.3958    0.0003    0.0000    0.0021    0.2074    0.3944
    0.4112    0.1873    0.0001    0.0015    0.2128    0.1869
    0.3950    0.0000    0.0003    0.0428    0.0464    0.5152
    0.3620    0.0000    0.0000    0.0057    0.0000    0.6323
    0.3757    0.0000    0.0003    0.0014    0.0215    0.6008
    0.4399    0.0000    0.0000    0.0000    0.2071    0.3530
    0.0197    0.2677    0.1506    0.0010    0.0028    0.4075
    0.0034    0.2653    0.1487    0.0043    0.0256    0.4040
    0.3964    0.0000    0.0000    0.0007    0.1877    0.4153
    0.4256    0.0925    0.0002    0.0015    0.2258    0.2542
    0.3593    0.0042    0.0000    0.0000    0.0596    0.5768
    0.0470    0.0000    0.0000    0.0000    0.0000    0.9530
    0.4275    0.2117    0.0008    0.0025    0.2069    0.1498
    0.4078    0.0000    0.0000    0.0103    0.0877    0.4942
    0.4506    0.0088    0.0000    0.0000    0.2065    0.3341
    0.3846    0.0000    0.0000    0.0007    0.2027    0.4121
    0.4330    0.0000    0.0000    0.0009    0.2133    0.3528
    0.1841    0.1542    0.0001    0.0083    0.0034    0.6497
    0.3354    0.0238    0.0000    0.0029    0.0000    0.6379
    0.3528    0.0000    0.0000    0.0056    0.0000    0.6417
    0.3810    0.0000    0.0000    0.0058    0.0550    0.5582
    0.0008    0.2204    0.1522    0.0062    0.0034    0.4649
    0.4176    0.2396    0.0000    0.0016    0.2513    0.0898
    0.0006    0.0585    0.1597    0.0003    0.0004    0.6208
    0.3970    0.0000    0.0000    0.0019    0.1835    0.4177
    0.4311    0.0000    0.0000    0.0199    0.0622    0.4869
    0.4215    0.0000    0.0000    0.0033    0.0000    0.5752
    0.3553    0.1973    0.0007    0.0013    0.1904    0.2544
    0.0008    0.2496    0.1481    0.0070    0.0033    0.4431
    0.3044    0.0565    0.0001    0.0005    0.0000    0.6384
    0.4331    0.2123    0.0002    0.0015    0.2321    0.1206
    0.3626    0.2627    0.0000    0.0000    0.1821    0.1926
    0.1887    0.1486    0.0001    0.0081    0.0029    0.6515
    0.4627    0.0000    0.0000    0.0008    0.2021    0.3343
    0.3996    0.0000    0.0000    0.0038    0.0000    0.5966
    0.3822    0.1511    0.0001    0.0031    0.1727    0.2906
    0.3534    0.3515    0.0000    0.0041    0.1288    0.1622
    0.4190    0.2592    0.0005    0.0033    0.2240    0.0935
    0.3793    0.2754    0.0000    0.0004    0.1334    0.2114
    0.4075    0.0000    0.0000    0.0067    0.1206    0.4653
    0.0480    0.0000    0.0000    0.0007    0.0017    0.9495
    0.4315    0.1736    0.0049    0.0027    0.2236    0.1588
    0.4021    0.0000    0.0002    0.0124    0.0541    0.5311
    0.3540    0.0042    0.0000    0.0000    0.0700    0.5718
    0.3834    0.0000    0.0002    0.0008    0.0030    0.6123
    0.0006    0.0804    0.1560    0.0002    0.0004    0.6064
    0.3920    0.0000    0.0003    0.0004    0.1844    0.4227
    0.3876    0.0004    0.0000    0.0065    0.1509    0.4546
    0.3822    0.1511    0.0001    0.0031    0.1727    0.2906
    0.4060    0.0003    0.0000    0.0000    0.2194    0.3742
    0.0528    0.0000    0.0000    0.0000    0.0002    0.9471
    0.4046    0.2339    0.0001    0.0015    0.2023    0.1576
    0.4013    0.0004    0.0000    0.0026    0.0992    0.4965
    0.4433    0.1223    0.0000    0.0009    0.2707    0.1627
    0.3415    0.3401    0.0003    0.0019    0.2456    0.0702
    0.3419    0.3268    0.0002    0.0082    0.1610    0.1616
    0.4032    0.0000    0.0000    0.0072    0.1293    0.4603
    0.2319    0.1215    0.0001    0.0081    0.0006    0.6376
    0.0006    0.2615    0.1551    0.0042    0.0253    0.3982
    0.3636    0.0000    0.0000    0.0060    0.0586    0.5718
    0.3772    0.0000    0.0005    0.0012    0.1564    0.4642
    0.3781    0.0002    0.0000    0.0038    0.0012    0.6167
    0.3864    0.0000    0.0003    0.0004    0.1653    0.4473
    0.3814    0.0000    0.0003    0.0186    0.1075    0.4919
    0.3624    0.0002    0.0002    0.0010    0.0219    0.6142
    0.4302    0.0000    0.0000    0.0032    0.1412    0.4254
    0.4508    0.2048    0.0009    0.0016    0.2513    0.0898
    0.0654    0.0000    0.0000    0.0000    0.0005    0.9340
    0.3620    0.0036    0.0002    0.0000    0.0000    0.6339
    0.4750    0.0762    0.0005    0.0000    0.2441    0.2037
    0.3844    0.2311    0.0000    0.0013    0.1505    0.2327
    0.0269    0.2365    0.1577    0.0004    0.0026    0.4181
    0.3931    0.0000    0.0000    0.0006    0.1816    0.4247
    0.4204    0.0000    0.0003    0.0004    0.1798    0.3987
    0.3655    0.0002    0.0000    0.0701    0.0616    0.5027
    0.3907    0.0003    0.0002    0.0013    0.1782    0.4290
    0.4613    0.1955    0.0008    0.0015    0.2495    0.0906
    0.3323    0.0235    0.0000    0.0040    0.0000    0.6401
    0.3491    0.0000    0.0000    0.0058    0.0549    0.5902
    0.3964    0.0000    0.0000    0.0040    0.1713    0.4283
    0.1920    0.1481    0.0000    0.0081    0.0029    0.6490
    0.3801    0.0000    0.0000    0.0026    0.0583    0.5589
    0.0223    0.2372    0.1527    0.0079    0.0084    0.4188
    0.3799    0.0000    0.0001    0.0038    0.0096    0.6064
    0.3598    0.0064    0.0000    0.0014    0.1768    0.4557
    0.4090    0.1683    0.0000    0.0000    0.2054    0.2172
    0.0008    0.0372    0.1647    0.0006    0.0044    0.6276
    0.0006    0.0803    0.1559    0.0011    0.0004    0.6059
    0.4211    0.0000    0.0000    0.0050    0.1038    0.4700
    0.1716    0.1752    0.0001    0.0043    0.0029    0.6457
    0.3861    0.3163    0.0008    0.0003    0.1721    0.1235
    0.3765    0.0005    0.0000    0.0028    0.0351    0.5851
    0.4059    0.0000    0.0001    0.0022    0.1264    0.4654
    0.3942    0.2109    0.0002    0.0014    0.2288    0.1644
    0.4308    0.0038    0.0001    0.0025    0.1929    0.3698
    0.3723    0.0002    0.0000    0.0191    0.0012    0.6072
    0.4297    0.0000    0.0000    0.0007    0.1294    0.4402
    0.2342    0.1127    0.0001    0.0082    0.0006    0.6440
    0.0008    0.2371    0.1648    0.0004    0.0027    0.4294
    0.4205    0.0074    0.0000    0.0016    0.1734    0.3971
    0.3514    0.0000    0.0000    0.0000    0.0366    0.6120
    0.3787    0.0026    0.0005    0.0069    0.1542    0.4568
    0.3176    0.0191    0.0001    0.0104    0.0000    0.6528
    0.3412    0.0004    0.0002    0.0241    0.0011    0.6328
    0.3552    0.0000    0.0000    0.0058    0.0550    0.5839

 Output data matrix of Pareto front of final Gaussian process model:
        f1        f2        f3
 -287.8341   -2.6316-62019.8352
 -287.3124   -2.7998-62049.1028
 -666.6168   -0.8866-91848.6401
 -577.0346   -1.4044-98287.8320
 -667.3197   -0.9090-91591.6685
 -287.3124   -2.7998-62049.1028
 -296.0252   -2.3667-63551.9905
 -317.8671   -2.3592-65938.6195
 -287.7056   -2.6828-62120.5635
 -392.4000   -1.9975-80214.8217
 -335.5297   -2.2648-67851.8410
 -351.6690   -2.2362-69426.0224
 -341.5815   -2.2407-68376.9347
 -384.2678   -2.0110-78961.0503
 -370.7919   -2.1594-71189.6010
 -339.4400   -2.2507-68174.8677
 -560.1227   -1.4939-97731.9339
 -658.4163   -0.9994-89701.9445
 -344.1693   -2.0813-72478.4433
 -329.3707   -2.3060-67052.6987
 -572.2293   -1.4259-98204.2461
 -374.1275   -2.0263-77394.8441
 -292.3143   -2.4490-62899.4932
 -326.1024   -2.3168-66738.8685
 -333.2578   -2.2829-67485.8547
 -472.1453   -1.8204-90764.8033
 -589.9125   -1.3576-94383.5090
 -664.1873   -0.9806-91769.0756
 -290.3529   -2.5178-62571.7824
 -294.2180   -2.3961-63208.9082
 -418.1814   -1.9567-84138.8747
 -494.4350   -1.7929-93346.7279
 -395.5319   -1.9920-80675.1860
 -382.1414   -2.0139-78640.8935
 -292.5684   -2.4179-62836.1337
 -360.0203   -2.0481-75159.5812
 -468.2594   -1.8282-90159.8045
 -342.3671   -2.0867-72075.2924
 -400.4523   -1.9807-81383.8347
 -358.1825   -2.0548-74846.6589
 -433.1192   -1.9116-86246.7923
 -379.5930   -2.0162-78176.8484
 -528.3686   -1.6962-95844.7873
 -357.0030   -2.2285-69913.3703
 -331.1959   -2.2940-67353.4607
 -388.3139   -2.0004-79524.5418
 -291.3977   -2.4800-62753.1636
 -662.6579   -0.9341-92355.4018
 -483.3948   -1.8093-92051.7662
 -361.7717   -2.2129-70343.5378
 -639.4072   -1.0434-95654.7600
 -621.6972   -1.2267-91306.4716
 -629.8857   -1.2046-92253.0195
 -457.6175   -1.8570-87777.4072
 -442.7502   -1.8816-87521.1204
 -435.3828   -1.9027-86515.2558
 -579.3816   -1.3930-98285.1810
 -610.2006   -1.2662-90499.5889
 -641.7314   -1.1668-93090.3850
 -367.3939   -2.1853-70750.8635
 -658.6973   -0.9081-92907.9567
 -420.1853   -1.9530-84439.5911
 -388.1782   -1.9990-79563.8585
 -288.5915   -2.5850-62195.5503
 -347.2840   -2.0761-72947.4100
 -554.2311   -1.5249-97161.7218
 -368.3065   -2.0368-76468.1618
 -363.3297   -2.0434-75675.0058
 -403.9328   -1.9796-81981.2683
 -498.3238   -1.7891-93680.8155
 -587.7234   -1.3202-97827.2548
 -349.4869   -2.0705-73307.2076
 -606.2421   -1.2790-91070.4359
 -656.3611   -1.0870-92409.4431
 -375.2342   -2.1226-70851.7352
 -295.1123   -2.3816-63380.8283
 -541.8425   -1.6042-96865.0095
 -607.2135   -1.2540-94268.6749
 -524.1184   -1.7110-95581.9018
 -664.3369   -0.9446-92291.0961
 -636.6530   -1.1754-90130.2443
 -594.1808   -1.3412-96406.4143
 -451.6240   -1.8546-88594.1619
 -476.9853   -1.8139-91556.5325
 -321.5311   -2.3449-66261.3678
 -503.5773   -1.7749-94074.4531
 -288.1179   -2.6049-62060.3418
 -365.0133   -2.0380-75880.8656
 -377.3210   -2.0188-77903.1844
 -619.4172   -1.1837-94027.7292
