
 TSEMO log file created on 24-Feb-2020 

 This file shows the initial specifications of TSEMO and logs the output.
 ¯¯¯¯¯¯¯¯¯¯¯¯¯¯¯¯¯¯¯¯¯¯¯¯¯¯¯¯¯¯¯¯¯¯¯¯¯¯¯¯¯¯¯¯¯¯¯¯¯¯¯¯¯¯¯¯¯¯¯¯¯¯¯¯¯¯¯¯¯¯¯¯¯¯¯¯¯¯¯¯¯¯¯¯¯¯¯¯¯¯¯¯¯¯¯¯¯¯¯¯¯¯
 License information 

 BSD 2-Clause License 

 Copyright (c) 2017, Eric Bradford, Artur M. Schweidtmann and Alexei Lapkin
 All rights reserved. 

 Redistribution and use in source and binary forms, with or without
 modification, are permitted provided that the following conditions are met: 

 *Redistributions of source code must retain the above copyright notice, this   
  list of conditions and the following disclaimer. 

 *Redistributions in binary form must reproduce the above copyright notice,   
  this list of conditions and the following disclaimer in the documentation   
  and/or other materials provided with the distribution. 

 Modified by Mina Konakovic Lukovic 2019. 

 ¯¯¯¯¯¯¯¯¯¯¯¯¯¯¯¯¯¯¯¯¯¯¯¯¯¯¯¯¯¯¯¯¯¯¯¯¯¯¯¯¯¯¯¯¯¯¯¯¯¯¯¯¯¯¯¯¯¯¯¯¯¯¯¯¯¯¯¯¯¯¯¯¯¯¯¯¯¯¯¯¯¯¯¯¯¯¯¯¯¯¯¯¯¯¯¯¯¯¯¯¯¯
 Problem specifications 

 Function used:   consta 

 Number of inputs:   6
 Number of outputs:  3 

 Lower bounds of decision variables:
      x1      x2      x3      x4      x5      x6
  0.0000  0.0000  0.0000  0.0000  0.0000  0.0000
 
 Upper bounds of decision variables:
      x1      x2      x3      x4      x5      x6
  1.0000  1.0000  0.5000  1.0000  1.0000  1.0000
 ¯¯¯¯¯¯¯¯¯¯¯¯¯¯¯¯¯¯¯¯¯¯¯¯¯¯¯¯¯¯¯¯¯¯¯¯¯¯¯¯¯¯¯¯¯¯¯¯¯¯¯¯¯¯¯¯¯¯¯¯¯¯¯¯¯¯¯¯¯¯¯¯¯¯¯¯¯¯¯¯¯¯¯¯¯¯¯¯¯¯¯¯¯¯¯¯¯¯¯¯¯¯
 Algorithm options 

 Maximum number of function evaluations:  4
 Sample batch size:                       4
 Number of algorithm iterations:          1 

 Genetic algorithm population size:        200
 Genetic algorithm number of generations:  200 

                                               f1      f2      f3
 Number of spectral sampling points:         4000    4000    4000
 Type of matern function:                       5       5       5
 Direct evaluations per input dimension:      200     200     200
 ¯¯¯¯¯¯¯¯¯¯¯¯¯¯¯¯¯¯¯¯¯¯¯¯¯¯¯¯¯¯¯¯¯¯¯¯¯¯¯¯¯¯¯¯¯¯¯¯¯¯¯¯¯¯¯¯¯¯¯¯¯¯¯¯¯¯¯¯¯¯¯¯¯¯¯¯¯¯¯¯¯¯¯¯¯¯¯¯¯¯¯¯¯¯¯¯¯¯¯¯¯¯
 Initial data set 

 Number of initial data points:  115 

 Initial input data matrix:
      x1      x2      x3      x4      x5      x6
  0.3200  0.1300  0.0500  0.2100  0.0400  0.2500
  0.0000  0.1800  0.2100  0.2800  0.2000  0.1300
  0.0000  0.0200  0.3800  0.0400  0.2900  0.2700
  0.1900  0.3000  0.1000  0.0600  0.0700  0.2800
  0.0800  0.1600  0.1400  0.0400  0.1900  0.3900
  0.3400  0.0600  0.2300  0.1600  0.1900  0.0200
  0.1400  0.1000  0.0700  0.2000  0.2700  0.2200
  0.0700  0.0700  0.3200  0.2100  0.0300  0.3000
  0.0200  0.0100  0.2700  0.1300  0.4900  0.0800
  0.0900  0.3200  0.0300  0.1300  0.3700  0.0600
  0.0800  0.2100  0.0200  0.0000  0.6100  0.0800
  0.0900  0.3200  0.0400  0.2100  0.1700  0.1700
  0.1400  0.3000  0.0700  0.1000  0.2500  0.1400
  0.0400  0.1700  0.0700  0.2200  0.2400  0.2600
  0.1700  0.1500  0.2800  0.2900  0.0000  0.1100
  0.1000  0.1400  0.1400  0.2600  0.2700  0.0900
  1.0000  0.0000  0.0000  0.0000  0.0000  0.0000
  0.0000  1.0000  0.0000  0.0000  0.0000  0.0000
  0.0000  0.0000  0.0000  1.0000  0.0000  0.0000
  0.6000  0.4000  0.0000  0.0000  0.0000  0.0000
  0.5500  0.4500  0.0000  0.0000  0.0000  0.0000
  0.5000  0.5000  0.0000  0.0000  0.0000  0.0000
  0.4500  0.5500  0.0000  0.0000  0.0000  0.0000
  0.4000  0.6000  0.0000  0.0000  0.0000  0.0000
  0.2700  0.4400  0.0900  0.0400  0.0800  0.0800
  0.0400  0.1900  0.3600  0.2000  0.1200  0.0900
  0.0000  0.5900  0.0000  0.0800  0.0800  0.2500
  0.0000  0.3900  0.1300  0.0700  0.0300  0.3800
  0.0100  0.5100  0.0000  0.1000  0.0200  0.3600
  0.0100  0.6200  0.0100  0.0300  0.1000  0.2300
  0.0600  0.3000  0.4100  0.0100  0.0100  0.2100
  0.0800  0.3200  0.5000  0.0700  0.0200  0.0100
  0.1500  0.2800  0.2500  0.0100  0.0600  0.2500
  0.0000  0.0000  0.0000  0.0000  0.0000  1.0000
  0.0000  0.0000  0.0000  0.0000  1.0000  0.0000
  0.0200  0.1100  0.0000  0.5000  0.0300  0.3400
  0.0100  0.1900  0.0000  0.0000  0.0000  0.8000
  0.0100  0.3900  0.0000  0.0200  0.0100  0.5700
  0.1800  0.1200  0.0000  0.3600  0.0000  0.3400
  0.0100  0.0000  0.1300  0.2500  0.0000  0.6100
  0.3200  0.0000  0.1200  0.0100  0.0000  0.5500
  0.0100  0.1500  0.1000  0.2100  0.0000  0.5300
  0.0100  0.0000  0.1500  0.2500  0.0000  0.5900
  0.1500  0.4500  0.0400  0.0300  0.0100  0.3200
  0.0500  0.3200  0.0000  0.5700  0.0600  0.0000
  0.3100  0.5200  0.0000  0.0800  0.0200  0.0700
  0.1500  0.0400  0.1300  0.6700  0.0100  0.0000
  0.0000  0.2100  0.2000  0.5800  0.0100  0.0000
  0.0000  0.0100  0.2800  0.6700  0.0100  0.0300
  0.0100  0.2800  0.1100  0.4600  0.1100  0.0300
  0.4900  0.0600  0.0000  0.1400  0.0200  0.2900
  0.1400  0.0000  0.0700  0.0100  0.0100  0.7700
  0.0300  0.5800  0.1800  0.0400  0.1000  0.0700
  0.0000  0.3100  0.0100  0.0200  0.1500  0.5100
  0.2500  0.0100  0.0100  0.0400  0.1300  0.5600
  0.2900  0.4500  0.0600  0.0800  0.1200  0.0000
  0.0200  0.0100  0.1600  0.0100  0.5000  0.3000
  0.0200  0.2400  0.0000  0.0300  0.2600  0.4500
  0.0000  0.0100  0.0000  0.0100  0.2700  0.7100
  0.0900  0.0200  0.0000  0.0600  0.4000  0.4300
  0.0000  0.1600  0.0000  0.0000  0.2500  0.5900
  0.3200  0.0900  0.0200  0.0100  0.0100  0.5500
  0.0000  0.0800  0.1300  0.0000  0.1100  0.6800
  0.3900  0.0100  0.0300  0.0000  0.0000  0.5700
  0.2600  0.1800  0.0200  0.0100  0.0100  0.5200
  0.2000  0.1600  0.0000  0.0000  0.0000  0.6400
  0.5100  0.3100  0.0700  0.0100  0.0100  0.0900
  0.1400  0.1700  0.0200  0.0000  0.0000  0.6700
  0.0000  0.0300  0.0200  0.2100  0.3200  0.4200
  0.5700  0.0000  0.1100  0.0100  0.1000  0.2100
  0.5100  0.2500  0.1000  0.0200  0.1200  0.0000
  0.5100  0.0100  0.0700  0.0200  0.1100  0.2800
  0.0000  0.0000  0.0000  0.0200  0.0000  0.9800
  0.6000  0.0000  0.0300  0.0000  0.0200  0.3500
  0.3400  0.0000  0.1100  0.0100  0.0600  0.4800
  0.4400  0.1100  0.1100  0.0000  0.0600  0.2800
  0.6600  0.0000  0.0800  0.0000  0.0000  0.2600
  0.3700  0.4700  0.1000  0.0000  0.0600  0.0000
  0.4400  0.3000  0.0900  0.0400  0.1300  0.0000
  0.2700  0.6100  0.1200  0.0000  0.0000  0.0000
  0.0100  0.0000  0.0000  0.0200  0.0800  0.8900
  0.2100  0.1100  0.0600  0.0000  0.1400  0.4800
  0.5200  0.0100  0.0100  0.0000  0.0000  0.4600
  0.0000  0.3800  0.0100  0.0000  0.0000  0.6100
  0.0000  0.3100  0.0100  0.0000  0.0000  0.6800
  0.3200  0.3400  0.0200  0.0000  0.0100  0.3100
  0.0100  0.4100  0.0000  0.0000  0.0100  0.5700
  0.0000  0.4100  0.0000  0.1300  0.0000  0.4600
  0.0000  0.1800  0.0000  0.2600  0.0100  0.5500
  0.0400  0.4500  0.0000  0.0700  0.0100  0.4300
  0.0000  0.2500  0.0000  0.2500  0.0000  0.5000
  0.3600  0.2000  0.0200  0.0800  0.0000  0.3400
  0.2100  0.0000  0.0000  0.3300  0.0100  0.4500
  0.2500  0.0000  0.0000  0.3100  0.0100  0.4300
  0.1900  0.0000  0.0000  0.3200  0.0100  0.4800
  0.0000  0.6300  0.1000  0.0000  0.0000  0.2700
  0.0000  0.6600  0.0900  0.0000  0.0000  0.2500
  0.0000  0.3300  0.1100  0.0100  0.0000  0.5500
  0.0000  0.6800  0.0900  0.0000  0.0100  0.2200
  0.3500  0.0000  0.0000  0.0100  0.0000  0.6400
  0.0100  0.0000  0.0000  0.3600  0.0000  0.6300
  0.4800  0.0000  0.0100  0.0000  0.1200  0.3900
  0.3900  0.0000  0.0000  0.0200  0.0100  0.5800
  0.4000  0.1700  0.0000  0.0000  0.1200  0.3100
  0.4400  0.2700  0.0000  0.0000  0.1700  0.1200
  0.3400  0.1400  0.0000  0.0000  0.1300  0.3900
  0.3300  0.1200  0.0000  0.0000  0.1300  0.4200
  0.3900  0.0000  0.0000  0.0000  0.2200  0.3900
  0.3900  0.3100  0.0000  0.0000  0.2200  0.0800
  0.4100  0.0000  0.0000  0.0000  0.2500  0.3400
  0.3500  0.0000  0.0000  0.0000  0.2000  0.4500
  0.3300  0.0000  0.0000  0.0000  0.2100  0.4600
  0.3100  0.0000  0.0000  0.0000  0.2000  0.4900
  0.3500  0.0000  0.0000  0.0000  0.2100  0.4400
  0.2000  0.0000  0.0000  0.0000  0.0100  0.7900

 Initial output data matrix:
      f1      f2      f3
-477.3645 -1.2974-78049.1925
-454.7535 -1.3662-68112.8155
-279.9044 -2.1133-51731.0693
-469.5247 -1.7578-77876.9026
-440.0426 -1.9634-76654.9118
-365.6047 -1.2303-62118.0243
-410.9856 -1.1190-66049.6554
-136.1656 -0.8962-22268.5639
-369.0088 -1.3142-61644.3643
-533.9811 -0.8968-68784.7611
-442.6768 -0.7257-59416.2131
-507.4257 -0.9822-66650.9629
-443.6008 -1.1184-65323.0907
-489.5899 -1.3294-72483.9913
-359.3333 -1.7335-60280.1487
-485.2462 -0.8865-66192.4108
-228.9585 -0.7284-49588.2084
-435.6576 -1.1748-60782.1527
-368.0328 -0.0378-29839.9581
-558.3333 -1.0147-72324.3305
-545.1107 -1.0090-76481.1353
-595.9865 -1.0313-80252.0073
-577.5167 -1.0272-78299.5278
-603.0115 -1.0486-79494.8772
-536.4679 -1.3385-83057.1828
-380.6202 -1.5761-63939.3838
-487.9964 -1.6929-74452.7693
-492.2164 -2.0354-77476.1977
-483.0457 -1.7036-74331.8675
-461.0062 -1.5331-68683.9650
-428.6732 -1.9582-73565.0149
-420.3458 -1.7501-70958.0370
-185.7397 -1.9998-39188.2443
-307.5914 -2.9333-68673.8814
-248.0791 -0.3369-41639.4837
-330.4220 -1.6093-58954.7196
-261.1897 -2.5356-54113.5267
-374.3907 -2.1313-72005.0906
-442.1932 -1.6426-73645.0393
-325.5454 -2.2577-65492.6760
-407.4563 -1.7142-79298.8675
-280.7768 -2.0890-55835.4428
-345.4445 -2.2639-66935.4850
-337.8766 -1.7123-65225.4544
-380.5099 -0.6146-47362.4095
-423.7886 -1.3121-68132.9194
-412.9137 -0.7221-59055.9302
-389.7163 -1.2975-60315.7332
-243.9299 -1.5816-43427.1956
-418.8166 -1.1219-61444.5239
-463.1094 -1.4660-81856.9346
-260.4919 -1.9421-59060.6871
-461.1271 -1.5697-75813.0466
-434.9195 -1.9723-80545.7853
-411.2741 -1.7072-85333.3874
-593.8157 -1.0758-82484.6477
-331.6431 -1.2261-62332.4475
-461.8788 -1.5726-80820.6379
-386.3988 -1.9098-76223.9832
-458.6168 -1.3865-78606.8274
-386.1546 -1.7969-73308.3934
-420.6757 -1.8963-83069.8760
-256.3444 -2.2542-53258.3199
-343.7864 -1.8975-72697.8828
-317.0968 -1.9236-66141.3310
-405.5608 -1.9380-81223.2023
-579.2708 -1.0437-87100.5169
-297.2664 -2.2664-61771.9743
-230.0024 -1.7750-53153.7094
-296.3126 -0.8946-60049.3899
-625.1337 -1.1253-94708.7918
-559.4404 -1.5604-98460.5528
-350.2734 -2.6724-74202.1381
-483.8073 -1.5770-91455.1658
-333.6048 -1.8340-67470.0844
-401.3639 -1.5176-75081.6898
-339.8147 -1.1731-68370.6235
-619.8270 -1.3159-92324.8900
-456.6095 -1.0320-73399.8497
-527.1160 -1.2052-80673.3135
-182.0132 -2.1459-33836.3245
-299.4935 -1.9115-62779.5207
-342.4831 -1.8084-73190.6083
-292.5484 -2.1003-64376.6034
-284.1961 -2.0337-60695.8700
-418.6794 -1.5121-75788.0791
-272.5130 -1.9527-60034.6655
-324.9663 -1.9969-65021.8788
-361.4059 -2.0913-69395.5054
-310.1195 -1.9192-61302.0228
-321.0298 -2.0199-62665.9535
-408.2643 -1.5818-76317.7672
-398.2560 -1.9114-74552.8783
-437.9660 -1.8110-79745.2693
-402.9772 -1.8842-75747.1961
-367.7646 -1.7661-65605.9795
-392.9406 -1.8913-69484.2021
-317.1051 -2.1952-63761.7220
-355.6015 -1.8014-64450.3268
-438.2688 -2.1205-87348.6010
-334.7339 -2.0407-65124.3183
-514.0293 -1.5443-93643.6527
-526.1093 -1.9176-98663.7705
-555.0826 -1.4101-91162.3449
-653.9760 -1.1215-96005.8355
-613.3157 -1.3545-102903.8092
-574.5688 -1.4762-99854.6710
-596.1996 -1.5851-97568.0584
-673.8733 -1.3085-96609.9429
-570.9253 -1.5720-97057.6408
-453.6160 -1.8559-85374.7271
-512.3685 -1.7799-93175.9066
-384.8236 -1.8510-77997.5467
-536.0149 -1.7113-96497.9814
-289.9712 -1.9717-66399.4183

 ¯¯¯¯¯¯¯¯¯¯¯¯¯¯¯¯¯¯¯¯¯¯¯¯¯¯¯¯¯¯¯¯¯¯¯¯¯¯¯¯¯¯¯¯¯¯¯¯¯¯¯¯¯¯¯¯¯¯¯¯¯¯¯¯¯¯¯¯¯¯¯¯¯¯¯¯¯¯¯¯¯¯¯¯¯¯¯¯¯¯¯¯¯¯¯¯¯¯¯¯¯¯
 Algorithm iteration 1 

 Predicted hypervolume improvement:    0.2358
 Time taken:   39.9331 

 Proposed evaluation point(s): 
      x1      x2      x3      x4      x5      x6
  0.4200  0.3500  0.0000  0.0000  0.2100  0.0200
  0.4000  0.3100  0.0000  0.0000  0.2300  0.0600
  0.4100  0.0000  0.0000  0.0000  0.2200  0.3700
  0.4100  0.0000  0.0000  0.0000  0.2500  0.3400

 Corresponding observation(s): 
      f1      f2      f3
-698.5386 -0.9959-90096.9572
-685.0655 -1.0891-92833.6985
-565.7015 -1.5490-99821.8112
-581.5882 -1.4657-100467.9111

 ¯¯¯¯¯¯¯¯¯¯¯¯¯¯¯¯¯¯¯¯¯¯¯¯¯¯¯¯¯¯¯¯¯¯¯¯¯¯¯¯¯¯¯¯¯¯¯¯¯¯¯¯¯¯¯¯¯¯¯¯¯¯¯¯¯¯¯¯¯¯¯¯¯¯¯¯¯¯¯¯¯¯¯¯¯¯¯¯¯¯¯¯¯¯¯¯¯¯¯¯¯¯
 Final algorithm output 

 Final input data matrix:
        x1        x2        x3        x4        x5        x6
    0.3200    0.1300    0.0500    0.2100    0.0400    0.2500
    0.0000    0.1800    0.2100    0.2800    0.2000    0.1300
    0.0000    0.0200    0.3800    0.0400    0.2900    0.2700
    0.1900    0.3000    0.1000    0.0600    0.0700    0.2800
    0.0800    0.1600    0.1400    0.0400    0.1900    0.3900
    0.3400    0.0600    0.2300    0.1600    0.1900    0.0200
    0.1400    0.1000    0.0700    0.2000    0.2700    0.2200
    0.0700    0.0700    0.3200    0.2100    0.0300    0.3000
    0.0200    0.0100    0.2700    0.1300    0.4900    0.0800
    0.0900    0.3200    0.0300    0.1300    0.3700    0.0600
    0.0800    0.2100    0.0200    0.0000    0.6100    0.0800
    0.0900    0.3200    0.0400    0.2100    0.1700    0.1700
    0.1400    0.3000    0.0700    0.1000    0.2500    0.1400
    0.0400    0.1700    0.0700    0.2200    0.2400    0.2600
    0.1700    0.1500    0.2800    0.2900    0.0000    0.1100
    0.1000    0.1400    0.1400    0.2600    0.2700    0.0900
    1.0000    0.0000    0.0000    0.0000    0.0000    0.0000
    0.0000    1.0000    0.0000    0.0000    0.0000    0.0000
    0.0000    0.0000    0.0000    1.0000    0.0000    0.0000
    0.6000    0.4000    0.0000    0.0000    0.0000    0.0000
    0.5500    0.4500    0.0000    0.0000    0.0000    0.0000
    0.5000    0.5000    0.0000    0.0000    0.0000    0.0000
    0.4500    0.5500    0.0000    0.0000    0.0000    0.0000
    0.4000    0.6000    0.0000    0.0000    0.0000    0.0000
    0.2700    0.4400    0.0900    0.0400    0.0800    0.0800
    0.0400    0.1900    0.3600    0.2000    0.1200    0.0900
    0.0000    0.5900    0.0000    0.0800    0.0800    0.2500
    0.0000    0.3900    0.1300    0.0700    0.0300    0.3800
    0.0100    0.5100    0.0000    0.1000    0.0200    0.3600
    0.0100    0.6200    0.0100    0.0300    0.1000    0.2300
    0.0600    0.3000    0.4100    0.0100    0.0100    0.2100
    0.0800    0.3200    0.5000    0.0700    0.0200    0.0100
    0.1500    0.2800    0.2500    0.0100    0.0600    0.2500
    0.0000    0.0000    0.0000    0.0000    0.0000    1.0000
    0.0000    0.0000    0.0000    0.0000    1.0000    0.0000
    0.0200    0.1100    0.0000    0.5000    0.0300    0.3400
    0.0100    0.1900    0.0000    0.0000    0.0000    0.8000
    0.0100    0.3900    0.0000    0.0200    0.0100    0.5700
    0.1800    0.1200    0.0000    0.3600    0.0000    0.3400
    0.0100    0.0000    0.1300    0.2500    0.0000    0.6100
    0.3200    0.0000    0.1200    0.0100    0.0000    0.5500
    0.0100    0.1500    0.1000    0.2100    0.0000    0.5300
    0.0100    0.0000    0.1500    0.2500    0.0000    0.5900
    0.1500    0.4500    0.0400    0.0300    0.0100    0.3200
    0.0500    0.3200    0.0000    0.5700    0.0600    0.0000
    0.3100    0.5200    0.0000    0.0800    0.0200    0.0700
    0.1500    0.0400    0.1300    0.6700    0.0100    0.0000
    0.0000    0.2100    0.2000    0.5800    0.0100    0.0000
    0.0000    0.0100    0.2800    0.6700    0.0100    0.0300
    0.0100    0.2800    0.1100    0.4600    0.1100    0.0300
    0.4900    0.0600    0.0000    0.1400    0.0200    0.2900
    0.1400    0.0000    0.0700    0.0100    0.0100    0.7700
    0.0300    0.5800    0.1800    0.0400    0.1000    0.0700
    0.0000    0.3100    0.0100    0.0200    0.1500    0.5100
    0.2500    0.0100    0.0100    0.0400    0.1300    0.5600
    0.2900    0.4500    0.0600    0.0800    0.1200    0.0000
    0.0200    0.0100    0.1600    0.0100    0.5000    0.3000
    0.0200    0.2400    0.0000    0.0300    0.2600    0.4500
    0.0000    0.0100    0.0000    0.0100    0.2700    0.7100
    0.0900    0.0200    0.0000    0.0600    0.4000    0.4300
    0.0000    0.1600    0.0000    0.0000    0.2500    0.5900
    0.3200    0.0900    0.0200    0.0100    0.0100    0.5500
    0.0000    0.0800    0.1300    0.0000    0.1100    0.6800
    0.3900    0.0100    0.0300    0.0000    0.0000    0.5700
    0.2600    0.1800    0.0200    0.0100    0.0100    0.5200
    0.2000    0.1600    0.0000    0.0000    0.0000    0.6400
    0.5100    0.3100    0.0700    0.0100    0.0100    0.0900
    0.1400    0.1700    0.0200    0.0000    0.0000    0.6700
    0.0000    0.0300    0.0200    0.2100    0.3200    0.4200
    0.5700    0.0000    0.1100    0.0100    0.1000    0.2100
    0.5100    0.2500    0.1000    0.0200    0.1200    0.0000
    0.5100    0.0100    0.0700    0.0200    0.1100    0.2800
    0.0000    0.0000    0.0000    0.0200    0.0000    0.9800
    0.6000    0.0000    0.0300    0.0000    0.0200    0.3500
    0.3400    0.0000    0.1100    0.0100    0.0600    0.4800
    0.4400    0.1100    0.1100    0.0000    0.0600    0.2800
    0.6600    0.0000    0.0800    0.0000    0.0000    0.2600
    0.3700    0.4700    0.1000    0.0000    0.0600    0.0000
    0.4400    0.3000    0.0900    0.0400    0.1300    0.0000
    0.2700    0.6100    0.1200    0.0000    0.0000    0.0000
    0.0100    0.0000    0.0000    0.0200    0.0800    0.8900
    0.2100    0.1100    0.0600    0.0000    0.1400    0.4800
    0.5200    0.0100    0.0100    0.0000    0.0000    0.4600
    0.0000    0.3800    0.0100    0.0000    0.0000    0.6100
    0.0000    0.3100    0.0100    0.0000    0.0000    0.6800
    0.3200    0.3400    0.0200    0.0000    0.0100    0.3100
    0.0100    0.4100    0.0000    0.0000    0.0100    0.5700
    0.0000    0.4100    0.0000    0.1300    0.0000    0.4600
    0.0000    0.1800    0.0000    0.2600    0.0100    0.5500
    0.0400    0.4500    0.0000    0.0700    0.0100    0.4300
    0.0000    0.2500    0.0000    0.2500    0.0000    0.5000
    0.3600    0.2000    0.0200    0.0800    0.0000    0.3400
    0.2100    0.0000    0.0000    0.3300    0.0100    0.4500
    0.2500    0.0000    0.0000    0.3100    0.0100    0.4300
    0.1900    0.0000    0.0000    0.3200    0.0100    0.4800
    0.0000    0.6300    0.1000    0.0000    0.0000    0.2700
    0.0000    0.6600    0.0900    0.0000    0.0000    0.2500
    0.0000    0.3300    0.1100    0.0100    0.0000    0.5500
    0.0000    0.6800    0.0900    0.0000    0.0100    0.2200
    0.3500    0.0000    0.0000    0.0100    0.0000    0.6400
    0.0100    0.0000    0.0000    0.3600    0.0000    0.6300
    0.4800    0.0000    0.0100    0.0000    0.1200    0.3900
    0.3900    0.0000    0.0000    0.0200    0.0100    0.5800
    0.4000    0.1700    0.0000    0.0000    0.1200    0.3100
    0.4400    0.2700    0.0000    0.0000    0.1700    0.1200
    0.3400    0.1400    0.0000    0.0000    0.1300    0.3900
    0.3300    0.1200    0.0000    0.0000    0.1300    0.4200
    0.3900    0.0000    0.0000    0.0000    0.2200    0.3900
    0.3900    0.3100    0.0000    0.0000    0.2200    0.0800
    0.4100    0.0000    0.0000    0.0000    0.2500    0.3400
    0.3500    0.0000    0.0000    0.0000    0.2000    0.4500
    0.3300    0.0000    0.0000    0.0000    0.2100    0.4600
    0.3100    0.0000    0.0000    0.0000    0.2000    0.4900
    0.3500    0.0000    0.0000    0.0000    0.2100    0.4400
    0.2000    0.0000    0.0000    0.0000    0.0100    0.7900
    0.4200    0.3500    0.0000    0.0000    0.2100    0.0200
    0.4000    0.3100    0.0000    0.0000    0.2300    0.0600
    0.4100    0.0000    0.0000    0.0000    0.2200    0.3700
    0.4100    0.0000    0.0000    0.0000    0.2500    0.3400

 Final output data matrix:
        f1        f2        f3
 -477.3645   -1.2974-78049.1925
 -454.7535   -1.3662-68112.8155
 -279.9044   -2.1133-51731.0693
 -469.5247   -1.7578-77876.9026
 -440.0426   -1.9634-76654.9118
 -365.6047   -1.2303-62118.0243
 -410.9856   -1.1190-66049.6554
 -136.1656   -0.8962-22268.5639
 -369.0088   -1.3142-61644.3643
 -533.9811   -0.8968-68784.7611
 -442.6768   -0.7257-59416.2131
 -507.4257   -0.9822-66650.9629
 -443.6008   -1.1184-65323.0907
 -489.5899   -1.3294-72483.9913
 -359.3333   -1.7335-60280.1487
 -485.2462   -0.8865-66192.4108
 -228.9585   -0.7284-49588.2084
 -435.6576   -1.1748-60782.1527
 -368.0328   -0.0378-29839.9581
 -558.3333   -1.0147-72324.3305
 -545.1107   -1.0090-76481.1353
 -595.9865   -1.0313-80252.0073
 -577.5167   -1.0272-78299.5278
 -603.0115   -1.0486-79494.8772
 -536.4679   -1.3385-83057.1828
 -380.6202   -1.5761-63939.3838
 -487.9964   -1.6929-74452.7693
 -492.2164   -2.0354-77476.1977
 -483.0457   -1.7036-74331.8675
 -461.0062   -1.5331-68683.9650
 -428.6732   -1.9582-73565.0149
 -420.3458   -1.7501-70958.0370
 -185.7397   -1.9998-39188.2443
 -307.5914   -2.9333-68673.8814
 -248.0791   -0.3369-41639.4837
 -330.4220   -1.6093-58954.7196
 -261.1897   -2.5356-54113.5267
 -374.3907   -2.1313-72005.0906
 -442.1932   -1.6426-73645.0393
 -325.5454   -2.2577-65492.6760
 -407.4563   -1.7142-79298.8675
 -280.7768   -2.0890-55835.4428
 -345.4445   -2.2639-66935.4850
 -337.8766   -1.7123-65225.4544
 -380.5099   -0.6146-47362.4095
 -423.7886   -1.3121-68132.9194
 -412.9137   -0.7221-59055.9302
 -389.7163   -1.2975-60315.7332
 -243.9299   -1.5816-43427.1956
 -418.8166   -1.1219-61444.5239
 -463.1094   -1.4660-81856.9346
 -260.4919   -1.9421-59060.6871
 -461.1271   -1.5697-75813.0466
 -434.9195   -1.9723-80545.7853
 -411.2741   -1.7072-85333.3874
 -593.8157   -1.0758-82484.6477
 -331.6431   -1.2261-62332.4475
 -461.8788   -1.5726-80820.6379
 -386.3988   -1.9098-76223.9832
 -458.6168   -1.3865-78606.8274
 -386.1546   -1.7969-73308.3934
 -420.6757   -1.8963-83069.8760
 -256.3444   -2.2542-53258.3199
 -343.7864   -1.8975-72697.8828
 -317.0968   -1.9236-66141.3310
 -405.5608   -1.9380-81223.2023
 -579.2708   -1.0437-87100.5169
 -297.2664   -2.2664-61771.9743
 -230.0024   -1.7750-53153.7094
 -296.3126   -0.8946-60049.3899
 -625.1337   -1.1253-94708.7918
 -559.4404   -1.5604-98460.5528
 -350.2734   -2.6724-74202.1381
 -483.8073   -1.5770-91455.1658
 -333.6048   -1.8340-67470.0844
 -401.3639   -1.5176-75081.6898
 -339.8147   -1.1731-68370.6235
 -619.8270   -1.3159-92324.8900
 -456.6095   -1.0320-73399.8497
 -527.1160   -1.2052-80673.3135
 -182.0132   -2.1459-33836.3245
 -299.4935   -1.9115-62779.5207
 -342.4831   -1.8084-73190.6083
 -292.5484   -2.1003-64376.6034
 -284.1961   -2.0337-60695.8700
 -418.6794   -1.5121-75788.0791
 -272.5130   -1.9527-60034.6655
 -324.9663   -1.9969-65021.8788
 -361.4059   -2.0913-69395.5054
 -310.1195   -1.9192-61302.0228
 -321.0298   -2.0199-62665.9535
 -408.2643   -1.5818-76317.7672
 -398.2560   -1.9114-74552.8783
 -437.9660   -1.8110-79745.2693
 -402.9772   -1.8842-75747.1961
 -367.7646   -1.7661-65605.9795
 -392.9406   -1.8913-69484.2021
 -317.1051   -2.1952-63761.7220
 -355.6015   -1.8014-64450.3268
 -438.2688   -2.1205-87348.6010
 -334.7339   -2.0407-65124.3183
 -514.0293   -1.5443-93643.6527
 -526.1093   -1.9176-98663.7705
 -555.0826   -1.4101-91162.3449
 -653.9760   -1.1215-96005.8355
 -613.3157   -1.3545-102903.8092
 -574.5688   -1.4762-99854.6710
 -596.1996   -1.5851-97568.0584
 -673.8733   -1.3085-96609.9429
 -570.9253   -1.5720-97057.6408
 -453.6160   -1.8559-85374.7271
 -512.3685   -1.7799-93175.9066
 -384.8236   -1.8510-77997.5467
 -536.0149   -1.7113-96497.9814
 -289.9712   -1.9717-66399.4183
 -698.5386   -0.9959-90096.9572
 -685.0655   -1.0891-92833.6985
 -565.7015   -1.5490-99821.8112
 -581.5882   -1.4657-100467.9111

 Input data matrix of corresponding Pareto front:
        x1        x2        x3        x4        x5        x6
    0.0000    0.3900    0.1300    0.0700    0.0300    0.3800
    0.0000    0.0000    0.0000    0.0000    0.0000    1.0000
    0.0100    0.3900    0.0000    0.0200    0.0100    0.5700
    0.5100    0.0100    0.0700    0.0200    0.1100    0.2800
    0.0000    0.0000    0.0000    0.0200    0.0000    0.9800
    0.3700    0.4700    0.1000    0.0000    0.0600    0.0000
    0.3500    0.0000    0.0000    0.0100    0.0000    0.6400
    0.3900    0.0000    0.0000    0.0200    0.0100    0.5800
    0.3400    0.1400    0.0000    0.0000    0.1300    0.3900
    0.3300    0.1200    0.0000    0.0000    0.1300    0.4200
    0.3900    0.0000    0.0000    0.0000    0.2200    0.3900
    0.3900    0.3100    0.0000    0.0000    0.2200    0.0800
    0.3500    0.0000    0.0000    0.0000    0.2100    0.4400

 Output data matrix of corresponding Pareto front:
        f1        f2        f3
 -492.2164   -2.0354-77476.1977
 -307.5914   -2.9333-68673.8814
 -374.3907   -2.1313-72005.0906
 -559.4404   -1.5604-98460.5528
 -350.2734   -2.6724-74202.1381
 -619.8270   -1.3159-92324.8900
 -438.2688   -2.1205-87348.6010
 -526.1093   -1.9176-98663.7705
 -613.3157   -1.3545-102903.8092
 -574.5688   -1.4762-99854.6710
 -596.1996   -1.5851-97568.0584
 -673.8733   -1.3085-96609.9429
 -536.0149   -1.7113-96497.9814

 Input data matrix of Pareto front of final Gaussian process model:
        x1        x2        x3        x4        x5        x6
    0.0000    0.0000    0.0000    0.0000    0.0000    1.0000
    0.4650    0.2595    0.0000    0.0045    0.2639    0.0071
    0.4358    0.0017    0.0000    0.0012    0.2365    0.3248
    0.4157    0.3142    0.0000    0.0010    0.2678    0.0012
    0.0000    0.1152    0.0000    0.0005    0.0125    0.8717
    0.0000    0.0000    0.0000    0.0000    0.0000    1.0000
    0.0000    0.0000    0.1647    0.0002    0.0037    0.6667
    0.0000    0.0960    0.1552    0.0001    0.0008    0.5926
    0.3041    0.0344    0.0000    0.0008    0.0014    0.6592
    0.0000    0.0081    0.1606    0.0078    0.0040    0.6589
    0.0000    0.1400    0.1551    0.0001    0.0009    0.5488
    0.2711    0.0566    0.0000    0.0046    0.0019    0.6659
    0.0000    0.0800    0.1580    0.0001    0.0008    0.6031
    0.1871    0.1263    0.0000    0.0000    0.0000    0.6866
    0.4196    0.3488    0.0000    0.0035    0.2270    0.0010
    0.0000    0.1856    0.0000    0.0008    0.0075    0.8061
    0.3004    0.0279    0.0000    0.0000    0.0000    0.6718
    0.0082    0.1960    0.1521    0.0016    0.0020    0.4880
    0.0325    0.0000    0.0000    0.0019    0.0000    0.9655
    0.0000    0.0252    0.1578    0.0077    0.0039    0.6476
    0.0603    0.0000    0.0000    0.0000    0.0000    0.9397
    0.3848    0.0046    0.0000    0.0055    0.1567    0.4484
    0.2516    0.0749    0.0000    0.0000    0.0004    0.6731
    0.0000    0.0697    0.0000    0.0000    0.0000    0.9303
    0.0000    0.1804    0.1534    0.0007    0.0000    0.5121
    0.1980    0.1147    0.0000    0.0000    0.0000    0.6873
    0.0000    0.0471    0.1583    0.0002    0.0040    0.6321
    0.0000    0.0824    0.0000    0.0000    0.0000    0.9176
    0.3214    0.0267    0.0000    0.0007    0.0002    0.6511
    0.0065    0.2336    0.1502    0.0047    0.0014    0.4534
    0.3793    0.0027    0.0000    0.0039    0.1554    0.4587
    0.0138    0.0000    0.0000    0.0020    0.0004    0.9839
    0.4132    0.0114    0.0000    0.0033    0.2083    0.3637
    0.3918    0.0057    0.0004    0.0896    0.0071    0.5048
    0.4066    0.0018    0.0000    0.0042    0.1802    0.4072
    0.1670    0.1563    0.0000    0.0051    0.0000    0.6715
    0.3416    0.0081    0.0000    0.0007    0.0002    0.6494
    0.0000    0.1852    0.1509    0.0007    0.0035    0.5089
    0.0000    0.0620    0.1598    0.0002    0.0024    0.6158
    0.3159    0.0263    0.0000    0.0006    0.0000    0.6571
    0.4133    0.2120    0.0000    0.0032    0.2340    0.1374
    0.0955    0.0010    0.0000    0.0002    0.0002    0.9031
    0.3740    0.0047    0.0001    0.0833    0.0447    0.4931
    0.0238    0.0000    0.0000    0.0000    0.0000    0.9762
    0.4050    0.0023    0.0000    0.0129    0.1127    0.4670
    0.3896    0.0059    0.0116    0.0704    0.0000    0.5109
    0.4034    0.0014    0.0003    0.0833    0.0339    0.4775
    0.4078    0.0015    0.0000    0.0010    0.1883    0.4014
    0.3366    0.0008    0.0000    0.0071    0.0002    0.6553
    0.4118    0.0430    0.0001    0.0025    0.2339    0.3086
    0.0093    0.2690    0.1499    0.0009    0.0042    0.4168
    0.1940    0.1382    0.0000    0.0049    0.0000    0.6628
    0.3714    0.0007    0.0000    0.0002    0.0001    0.6276
    0.2163    0.1265    0.0000    0.0000    0.0000    0.6572
    0.0087    0.2492    0.1461    0.0050    0.0040    0.4408
    0.0112    0.2641    0.1441    0.0012    0.0043    0.4310
    0.3487    0.0167    0.0000    0.0079    0.0000    0.6267
    0.3760    0.0093    0.0000    0.0978    0.0040    0.5128
    0.0867    0.0493    0.0000    0.0000    0.0000    0.8639
    0.0366    0.1280    0.0000    0.0021    0.0000    0.8333
    0.0000    0.2257    0.1463    0.0022    0.0028    0.4768
    0.3802    0.2637    0.0001    0.0120    0.2486    0.0953
    0.3726    0.0050    0.0000    0.0009    0.1989    0.4226
    0.4532    0.1434    0.0000    0.0070    0.2444    0.1520
    0.2932    0.0350    0.0000    0.0009    0.0014    0.6695
    0.3653    0.0019    0.0044    0.0919    0.0357    0.4965
    0.2816    0.0530    0.0001    0.0000    0.0000    0.6650
    0.0256    0.0000    0.0000    0.0020    0.0004    0.9721
    0.4005    0.0021    0.0000    0.0055    0.1796    0.4123
    0.0064    0.2486    0.1479    0.0013    0.0014    0.4465
    0.3676    0.0009    0.0002    0.0749    0.0715    0.4848
    0.3984    0.0021    0.0000    0.0318    0.0389    0.5289
    0.3812    0.0013    0.0003    0.0787    0.0321    0.5063
    0.4225    0.0556    0.0001    0.0035    0.2295    0.2887
    0.3052    0.3798    0.0000    0.0038    0.1661    0.1451
    0.3794    0.0016    0.0000    0.0011    0.1898    0.4281
    0.4502    0.2666    0.0015    0.0063    0.2353    0.0387
    0.3473    0.0018    0.0000    0.0012    0.0047    0.6450
    0.4215    0.0019    0.0000    0.0034    0.2536    0.3196
    0.3869    0.0013    0.0003    0.0469    0.0321    0.5323
    0.4174    0.1397    0.0000    0.0019    0.2136    0.2274
    0.4081    0.2410    0.0001    0.0102    0.2538    0.0868
    0.3520    0.0159    0.0000    0.1175    0.0000    0.5145
    0.4074    0.0266    0.0001    0.0034    0.2469    0.3155
    0.4353    0.2021    0.0000    0.0176    0.2916    0.0534
    0.4128    0.0017    0.0000    0.0457    0.0007    0.5391
    0.4565    0.0000    0.0001    0.0064    0.2510    0.2860
    0.3714    0.0018    0.0000    0.0048    0.0195    0.6024
    0.4675    0.0000    0.0000    0.0011    0.2525    0.2789
    0.1763    0.1477    0.0000    0.0000    0.0000    0.6760
    0.4357    0.0017    0.0000    0.0057    0.1910    0.3660
    0.0267    0.0955    0.0000    0.0002    0.0040    0.8736
    0.3754    0.3278    0.0001    0.0096    0.1988    0.0883
    0.3176    0.3879    0.0000    0.0005    0.1438    0.1502
    0.3577    0.0000    0.0000    0.0021    0.0000    0.6402
    0.3349    0.0018    0.0000    0.0007    0.0002    0.6625
    0.2617    0.0680    0.0000    0.0000    0.0000    0.6704
    0.2598    0.0745    0.0000    0.0000    0.0000    0.6656
    0.3813    0.0015    0.0000    0.0033    0.1791    0.4347
    0.4095    0.2644    0.0014    0.0137    0.2528    0.0568
    0.4012    0.0048    0.0000    0.0380    0.0409    0.5151
    0.2776    0.0684    0.0000    0.0017    0.0000    0.6523
    0.0000    0.0121    0.0000    0.0000    0.0000    0.9879
    0.3944    0.0023    0.0000    0.0041    0.1616    0.4377
    0.0000    0.1160    0.1535    0.0002    0.0034    0.5736
    0.4454    0.1954    0.0018    0.0011    0.2371    0.1173
    0.3812    0.0048    0.0001    0.0872    0.0241    0.5025
    0.3586    0.0019    0.0000    0.0072    0.1449    0.4874
    0.0000    0.1119    0.1511    0.0002    0.0038    0.5820
    0.3586    0.0051    0.0000    0.0000    0.1585    0.4779
    0.3542    0.0103    0.0001    0.1250    0.0044    0.5060
    0.3712    0.2760    0.0001    0.0203    0.2387    0.0936
    0.2038    0.0929    0.0000    0.0051    0.0019    0.6963
    0.2067    0.1111    0.0000    0.0004    0.0033    0.6784
    0.3997    0.0117    0.0001    0.0034    0.2141    0.3710
    0.0033    0.0548    0.1510    0.0081    0.0022    0.6296
    0.4011    0.0016    0.0000    0.0052    0.0825    0.5096
    0.3733    0.0009    0.0012    0.0104    0.1168    0.4962
    0.3389    0.3828    0.0000    0.0038    0.1674    0.1071
    0.0000    0.0869    0.0000    0.0008    0.0038    0.9084
    0.0203    0.1481    0.0000    0.0001    0.0000    0.8315
    0.3822    0.0022    0.0000    0.0019    0.1017    0.5119
    0.2158    0.1036    0.0000    0.0046    0.0019    0.6741
    0.3768    0.0017    0.0000    0.0030    0.0045    0.6140
    0.0090    0.2148    0.1505    0.0017    0.0053    0.4681
    0.3652    0.0018    0.0000    0.0012    0.0198    0.6120
    0.3953    0.0014    0.0003    0.0171    0.0799    0.5056
    0.3676    0.2745    0.0000    0.0157    0.2598    0.0825
    0.4256    0.0057    0.0000    0.0000    0.0860    0.4827
    0.3149    0.0142    0.0000    0.0067    0.0000    0.6641
    0.3939    0.1318    0.0002    0.0042    0.2551    0.2146
    0.0109    0.0000    0.0000    0.0004    0.0000    0.9886
    0.3745    0.0050    0.0000    0.0000    0.1545    0.4660
    0.3964    0.3138    0.0000    0.0040    0.1307    0.1551
    0.0000    0.0006    0.0000    0.0036    0.0000    0.9958
    0.4085    0.0012    0.0003    0.0291    0.0933    0.4674
    0.4213    0.0016    0.0000    0.0450    0.0007    0.5313
    0.3792    0.2867    0.0015    0.0109    0.1977    0.1226
    0.3564    0.2180    0.0000    0.0036    0.2296    0.1925
    0.0289    0.2477    0.1500    0.0009    0.0044    0.4181
    0.4124    0.0064    0.0000    0.0012    0.2260    0.3540
    0.4275    0.3006    0.0001    0.0064    0.2254    0.0398
    0.4529    0.0019    0.0000    0.0063    0.2158    0.3230
    0.2324    0.1022    0.0000    0.0000    0.0000    0.6655
    0.4463    0.1802    0.0000    0.0116    0.1979    0.1639
    0.3489    0.2333    0.0000    0.0087    0.1955    0.2137
    0.1656    0.1431    0.0000    0.0051    0.0000    0.6863
    0.3390    0.2250    0.0000    0.0086    0.2159    0.2115
    0.0000    0.1155    0.0000    0.0001    0.0105    0.8738
    0.4256    0.3218    0.0017    0.0122    0.2219    0.0152
    0.3622    0.3982    0.0000    0.0062    0.2334    0.0000
    0.3990    0.2945    0.0003    0.0053    0.2328    0.0679
    0.3790    0.0016    0.0004    0.0000    0.0000    0.6186
    0.4632    0.2518    0.0001    0.0103    0.2445    0.0300
    0.3892    0.0000    0.0000    0.0076    0.0000    0.6031
    0.2104    0.1184    0.0000    0.0001    0.0002    0.6709
    0.3918    0.0022    0.0000    0.0000    0.1617    0.4444
    0.4124    0.0064    0.0000    0.0012    0.2260    0.3540
    0.4078    0.2286    0.0000    0.0050    0.1957    0.1629
    0.4129    0.2548    0.0000    0.0146    0.2412    0.0766
    0.4041    0.2646    0.0021    0.0082    0.2463    0.0726
    0.3857    0.0016    0.0000    0.0053    0.1773    0.4302
    0.4391    0.0058    0.0000    0.0000    0.0514    0.5036
    0.3726    0.3825    0.0000    0.0037    0.2401    0.0011
    0.0502    0.0000    0.0000    0.0052    0.0000    0.9446
    0.3415    0.3363    0.0000    0.0043    0.1517    0.1662
    0.3712    0.1208    0.0000    0.0000    0.2489    0.2591
    0.2213    0.1114    0.0000    0.0000    0.0000    0.6673
    0.4761    0.0908    0.0000    0.0076    0.2501    0.1754
    0.0089    0.2539    0.1489    0.0013    0.0578    0.3802
    0.2427    0.0819    0.0000    0.0041    0.0000    0.6713
    0.3597    0.0071    0.0000    0.0062    0.1597    0.4673
    0.4628    0.0016    0.0000    0.0101    0.2214    0.3041
    0.4386    0.0009    0.0000    0.0005    0.2237    0.3363
    0.4099    0.0014    0.0002    0.0145    0.1961    0.3777
    0.4648    0.1471    0.0000    0.0072    0.2214    0.1595
    0.0000    0.2239    0.1451    0.0006    0.0122    0.4730
    0.2413    0.0860    0.0000    0.0051    0.0000    0.6676
    0.3223    0.3583    0.0000    0.0041    0.1413    0.1741
    0.4471    0.0059    0.0000    0.0000    0.1759    0.3711
    0.3758    0.2253    0.0000    0.0043    0.2487    0.1460
    0.3645    0.2848    0.0000    0.0003    0.1427    0.2077
    0.3188    0.3602    0.0000    0.0041    0.1420    0.1749
    0.3094    0.3630    0.0000    0.0005    0.1842    0.1430
    0.3762    0.0016    0.0002    0.0157    0.2128    0.3932
    0.0681    0.0395    0.0000    0.0009    0.0040    0.8875
    0.4125    0.0046    0.0000    0.0035    0.1929    0.3865
    0.3349    0.3997    0.0000    0.0040    0.1496    0.1118
    0.4202    0.0056    0.0000    0.0000    0.0975    0.4766
    0.4458    0.0061    0.0000    0.0001    0.1705    0.3775
    0.0231    0.0919    0.0000    0.0059    0.0137    0.8653
    0.0760    0.0000    0.0000    0.0032    0.0000    0.9208
    0.4016    0.2315    0.0000    0.0032    0.2166    0.1471
    0.3906    0.0052    0.0000    0.0000    0.1612    0.4430
    0.4332    0.0058    0.0000    0.0000    0.1704    0.3906
    0.3642    0.2007    0.0000    0.0037    0.2347    0.1967
    0.3609    0.2766    0.0013    0.0041    0.1783    0.1777
    0.0760    0.0000    0.0000    0.0032    0.0000    0.9208
    0.4470    0.1465    0.0000    0.0079    0.2377    0.1609
    0.4083    0.0022    0.0000    0.0062    0.1207    0.4627

 Output data matrix of Pareto front of final Gaussian process model:
        f1        f2        f3
 -283.7748   -2.7954-61872.2489
 -678.0413   -0.8280-91662.3112
 -575.0791   -1.4674-97719.8931
 -684.7783   -0.8875-91160.5643
 -290.2124   -2.4597-60172.1554
 -283.7748   -2.7954-61872.2489
 -306.6143   -2.3374-64050.7409
 -328.3143   -2.2888-66528.9851
 -391.3437   -1.9938-80081.9461
 -309.3486   -2.3288-64560.8705
 -340.3462   -2.2708-67565.8537
 -378.3043   -2.0174-78036.1215
 -324.5867   -2.2984-66099.2844
 -342.7146   -2.0916-72321.1863
 -681.8994   -0.9343-90698.0172
 -296.3995   -2.3531-60695.4363
 -387.0811   -2.0006-79450.5457
 -357.4919   -2.2424-69161.5388
 -285.4692   -2.6219-62013.1504
 -312.8326   -2.3241-65008.1562
 -288.2359   -2.4972-62551.8842
 -517.6496   -1.7151-94732.1562
 -369.3204   -2.0373-76640.6041
 -285.7137   -2.5879-60601.9125
 -351.3536   -2.2691-68528.8309
 -346.4069   -2.0830-72954.1873
 -316.9386   -2.3216-65354.3418
 -286.3707   -2.5586-60462.1396
 -398.1572   -1.9803-81176.3018
 -367.8524   -2.1986-70012.3576
 -513.0609   -1.7366-94384.0328
 -284.3131   -2.7157-61838.8510
 -559.9584   -1.5223-97146.9589
 -443.7829   -1.8923-86570.3457
 -539.0950   -1.6166-96338.8751
 -338.6235   -2.0980-71575.3387
 -404.0519   -1.9672-82203.9234
 -352.7867   -2.2641-68696.3538
 -320.4560   -2.3087-65632.2177
 -395.1602   -1.9866-80714.5427
 -647.9851   -1.1273-94889.3732
 -294.1888   -2.3599-63679.4824
 -459.0994   -1.8644-88267.6026
 -284.8277   -2.6762-61958.3025
 -500.2109   -1.7736-93489.8399
 -426.7689   -1.9169-83733.2830
 -462.3147   -1.8526-88637.2362
 -543.1007   -1.6005-96608.3284
 -401.1705   -1.9706-81776.6663
 -584.0182   -1.4166-97247.1632
 -378.5706   -2.1293-70827.2632
 -349.4813   -2.0723-73461.3899
 -415.2888   -1.9376-84086.6314
 -358.9706   -2.0535-75001.3640
 -371.7208   -2.1713-70438.3328
 -374.6755   -2.1518-70738.5260
 -410.4430   -1.9467-83127.3945
 -438.7030   -1.8993-85838.5524
 -295.1923   -2.3392-63273.4714
 -293.2094   -2.3720-61478.0162
 -362.5438   -2.2390-69585.0074
 -657.7508   -1.0753-92977.6908
 -533.4891   -1.6380-95534.8982
 -638.0484   -1.0945-95669.0594
 -385.4544   -2.0040-79169.9495
 -446.8101   -1.8860-86408.9395
 -381.8004   -2.0131-78585.9885
 -284.9848   -2.6551-61924.4495
 -536.7649   -1.6276-96129.1820
 -370.4901   -2.1896-70296.2209
 -470.2748   -1.8428-89548.0510
 -454.2565   -1.8635-88792.8514
 -452.0551   -1.8794-87724.5394
 -591.1776   -1.3758-97283.5610
 -607.1767   -1.3327-89372.4265
 -531.0313   -1.6570-95578.1166
 -670.8763   -0.9086-92312.2756
 -407.6735   -1.9574-82761.6898
 -577.8721   -1.4520-97469.6910
 -448.2800   -1.8743-87875.2273
 -615.2350   -1.2329-96366.2768
 -662.6130   -1.0222-93554.6242
 -431.3534   -1.9081-84528.4626
 -580.8183   -1.4314-97183.6996
 -666.9646   -0.8573-92922.3250
 -437.9634   -1.8875-86913.7222
 -585.3990   -1.3922-97608.0796
 -426.9283   -1.9016-85554.3866
 -586.5437   -1.3756-97622.9107
 -340.9667   -2.0958-72002.1258
