
 TSEMO log file created on 24-Feb-2020 

 This file shows the initial specifications of TSEMO and logs the output.
 ¯¯¯¯¯¯¯¯¯¯¯¯¯¯¯¯¯¯¯¯¯¯¯¯¯¯¯¯¯¯¯¯¯¯¯¯¯¯¯¯¯¯¯¯¯¯¯¯¯¯¯¯¯¯¯¯¯¯¯¯¯¯¯¯¯¯¯¯¯¯¯¯¯¯¯¯¯¯¯¯¯¯¯¯¯¯¯¯¯¯¯¯¯¯¯¯¯¯¯¯¯¯
 License information 

 BSD 2-Clause License 

 Copyright (c) 2017, Eric Bradford, Artur M. Schweidtmann and Alexei Lapkin
 All rights reserved. 

 Redistribution and use in source and binary forms, with or without
 modification, are permitted provided that the following conditions are met: 

 *Redistributions of source code must retain the above copyright notice, this   
  list of conditions and the following disclaimer. 

 *Redistributions in binary form must reproduce the above copyright notice,   
  this list of conditions and the following disclaimer in the documentation   
  and/or other materials provided with the distribution. 

 Modified by Mina Konakovic Lukovic 2019. 

 ¯¯¯¯¯¯¯¯¯¯¯¯¯¯¯¯¯¯¯¯¯¯¯¯¯¯¯¯¯¯¯¯¯¯¯¯¯¯¯¯¯¯¯¯¯¯¯¯¯¯¯¯¯¯¯¯¯¯¯¯¯¯¯¯¯¯¯¯¯¯¯¯¯¯¯¯¯¯¯¯¯¯¯¯¯¯¯¯¯¯¯¯¯¯¯¯¯¯¯¯¯¯
 Problem specifications 

 Function used:   consta 

 Number of inputs:   6
 Number of outputs:  3 

 Lower bounds of decision variables:
      x1      x2      x3      x4      x5      x6
  0.0000  0.0000  0.0000  0.0000  0.0000  0.0000
 
 Upper bounds of decision variables:
      x1      x2      x3      x4      x5      x6
  1.0000  1.0000  0.5000  1.0000  1.0000  1.0000
 ¯¯¯¯¯¯¯¯¯¯¯¯¯¯¯¯¯¯¯¯¯¯¯¯¯¯¯¯¯¯¯¯¯¯¯¯¯¯¯¯¯¯¯¯¯¯¯¯¯¯¯¯¯¯¯¯¯¯¯¯¯¯¯¯¯¯¯¯¯¯¯¯¯¯¯¯¯¯¯¯¯¯¯¯¯¯¯¯¯¯¯¯¯¯¯¯¯¯¯¯¯¯
 Algorithm options 

 Maximum number of function evaluations:  4
 Sample batch size:                       4
 Number of algorithm iterations:          1 

 Genetic algorithm population size:        200
 Genetic algorithm number of generations:  200 

                                               f1      f2      f3
 Number of spectral sampling points:         4000    4000    4000
 Type of matern function:                       5       5       5
 Direct evaluations per input dimension:      200     200     200
 ¯¯¯¯¯¯¯¯¯¯¯¯¯¯¯¯¯¯¯¯¯¯¯¯¯¯¯¯¯¯¯¯¯¯¯¯¯¯¯¯¯¯¯¯¯¯¯¯¯¯¯¯¯¯¯¯¯¯¯¯¯¯¯¯¯¯¯¯¯¯¯¯¯¯¯¯¯¯¯¯¯¯¯¯¯¯¯¯¯¯¯¯¯¯¯¯¯¯¯¯¯¯
 Initial data set 

 Number of initial data points:  115 

 Initial input data matrix:
      x1      x2      x3      x4      x5      x6
  0.3200  0.1300  0.0500  0.2100  0.0400  0.2500
  0.0000  0.1800  0.2100  0.2800  0.2000  0.1300
  0.0000  0.0200  0.3800  0.0400  0.2900  0.2700
  0.1900  0.3000  0.1000  0.0600  0.0700  0.2800
  0.0800  0.1600  0.1400  0.0400  0.1900  0.3900
  0.3400  0.0600  0.2300  0.1600  0.1900  0.0200
  0.1400  0.1000  0.0700  0.2000  0.2700  0.2200
  0.0700  0.0700  0.3200  0.2100  0.0300  0.3000
  0.0200  0.0100  0.2700  0.1300  0.4900  0.0800
  0.0900  0.3200  0.0300  0.1300  0.3700  0.0600
  0.0800  0.2100  0.0200  0.0000  0.6100  0.0800
  0.0900  0.3200  0.0400  0.2100  0.1700  0.1700
  0.1400  0.3000  0.0700  0.1000  0.2500  0.1400
  0.0400  0.1700  0.0700  0.2200  0.2400  0.2600
  0.1700  0.1500  0.2800  0.2900  0.0000  0.1100
  0.1000  0.1400  0.1400  0.2600  0.2700  0.0900
  1.0000  0.0000  0.0000  0.0000  0.0000  0.0000
  0.0000  1.0000  0.0000  0.0000  0.0000  0.0000
  0.0000  0.0000  0.0000  1.0000  0.0000  0.0000
  0.6000  0.4000  0.0000  0.0000  0.0000  0.0000
  0.5500  0.4500  0.0000  0.0000  0.0000  0.0000
  0.5000  0.5000  0.0000  0.0000  0.0000  0.0000
  0.4500  0.5500  0.0000  0.0000  0.0000  0.0000
  0.4000  0.6000  0.0000  0.0000  0.0000  0.0000
  0.2700  0.4400  0.0900  0.0400  0.0800  0.0800
  0.0400  0.1900  0.3600  0.2000  0.1200  0.0900
  0.0000  0.5900  0.0000  0.0800  0.0800  0.2500
  0.0000  0.3900  0.1300  0.0700  0.0300  0.3800
  0.0100  0.5100  0.0000  0.1000  0.0200  0.3600
  0.0100  0.6200  0.0100  0.0300  0.1000  0.2300
  0.0600  0.3000  0.4100  0.0100  0.0100  0.2100
  0.0800  0.3200  0.5000  0.0700  0.0200  0.0100
  0.1500  0.2800  0.2500  0.0100  0.0600  0.2500
  0.0000  0.0000  0.0000  0.0000  0.0000  1.0000
  0.0000  0.0000  0.0000  0.0000  1.0000  0.0000
  0.0200  0.1100  0.0000  0.5000  0.0300  0.3400
  0.0100  0.1900  0.0000  0.0000  0.0000  0.8000
  0.0100  0.3900  0.0000  0.0200  0.0100  0.5700
  0.1800  0.1200  0.0000  0.3600  0.0000  0.3400
  0.0100  0.0000  0.1300  0.2500  0.0000  0.6100
  0.3200  0.0000  0.1200  0.0100  0.0000  0.5500
  0.0100  0.1500  0.1000  0.2100  0.0000  0.5300
  0.0100  0.0000  0.1500  0.2500  0.0000  0.5900
  0.1500  0.4500  0.0400  0.0300  0.0100  0.3200
  0.0500  0.3200  0.0000  0.5700  0.0600  0.0000
  0.3100  0.5200  0.0000  0.0800  0.0200  0.0700
  0.1500  0.0400  0.1300  0.6700  0.0100  0.0000
  0.0000  0.2100  0.2000  0.5800  0.0100  0.0000
  0.0000  0.0100  0.2800  0.6700  0.0100  0.0300
  0.0100  0.2800  0.1100  0.4600  0.1100  0.0300
  0.4900  0.0600  0.0000  0.1400  0.0200  0.2900
  0.1400  0.0000  0.0700  0.0100  0.0100  0.7700
  0.0300  0.5800  0.1800  0.0400  0.1000  0.0700
  0.0000  0.3100  0.0100  0.0200  0.1500  0.5100
  0.2500  0.0100  0.0100  0.0400  0.1300  0.5600
  0.2900  0.4500  0.0600  0.0800  0.1200  0.0000
  0.0200  0.0100  0.1600  0.0100  0.5000  0.3000
  0.0200  0.2400  0.0000  0.0300  0.2600  0.4500
  0.0000  0.0100  0.0000  0.0100  0.2700  0.7100
  0.0900  0.0200  0.0000  0.0600  0.4000  0.4300
  0.0000  0.1600  0.0000  0.0000  0.2500  0.5900
  0.3200  0.0900  0.0200  0.0100  0.0100  0.5500
  0.0000  0.0800  0.1300  0.0000  0.1100  0.6800
  0.3900  0.0100  0.0300  0.0000  0.0000  0.5700
  0.2600  0.1800  0.0200  0.0100  0.0100  0.5200
  0.2000  0.1600  0.0000  0.0000  0.0000  0.6400
  0.5100  0.3100  0.0700  0.0100  0.0100  0.0900
  0.1400  0.1700  0.0200  0.0000  0.0000  0.6700
  0.0000  0.0300  0.0200  0.2100  0.3200  0.4200
  0.5700  0.0000  0.1100  0.0100  0.1000  0.2100
  0.5100  0.2500  0.1000  0.0200  0.1200  0.0000
  0.5100  0.0100  0.0700  0.0200  0.1100  0.2800
  0.0000  0.0000  0.0000  0.0200  0.0000  0.9800
  0.6000  0.0000  0.0300  0.0000  0.0200  0.3500
  0.3400  0.0000  0.1100  0.0100  0.0600  0.4800
  0.4400  0.1100  0.1100  0.0000  0.0600  0.2800
  0.6600  0.0000  0.0800  0.0000  0.0000  0.2600
  0.3700  0.4700  0.1000  0.0000  0.0600  0.0000
  0.4400  0.3000  0.0900  0.0400  0.1300  0.0000
  0.2700  0.6100  0.1200  0.0000  0.0000  0.0000
  0.0100  0.0000  0.0000  0.0200  0.0800  0.8900
  0.2100  0.1100  0.0600  0.0000  0.1400  0.4800
  0.5200  0.0100  0.0100  0.0000  0.0000  0.4600
  0.0000  0.3800  0.0100  0.0000  0.0000  0.6100
  0.0000  0.3100  0.0100  0.0000  0.0000  0.6800
  0.3200  0.3400  0.0200  0.0000  0.0100  0.3100
  0.0100  0.4100  0.0000  0.0000  0.0100  0.5700
  0.0000  0.4100  0.0000  0.1300  0.0000  0.4600
  0.0000  0.1800  0.0000  0.2600  0.0100  0.5500
  0.0400  0.4500  0.0000  0.0700  0.0100  0.4300
  0.0000  0.2500  0.0000  0.2500  0.0000  0.5000
  0.3600  0.2000  0.0200  0.0800  0.0000  0.3400
  0.2100  0.0000  0.0000  0.3300  0.0100  0.4500
  0.2500  0.0000  0.0000  0.3100  0.0100  0.4300
  0.1900  0.0000  0.0000  0.3200  0.0100  0.4800
  0.0000  0.6300  0.1000  0.0000  0.0000  0.2700
  0.0000  0.6600  0.0900  0.0000  0.0000  0.2500
  0.0000  0.3300  0.1100  0.0100  0.0000  0.5500
  0.0000  0.6800  0.0900  0.0000  0.0100  0.2200
  0.3500  0.0000  0.0000  0.0100  0.0000  0.6400
  0.0100  0.0000  0.0000  0.3600  0.0000  0.6300
  0.4800  0.0000  0.0100  0.0000  0.1200  0.3900
  0.3900  0.0000  0.0000  0.0200  0.0100  0.5800
  0.4000  0.1700  0.0000  0.0000  0.1200  0.3100
  0.4400  0.2700  0.0000  0.0000  0.1700  0.1200
  0.3400  0.1400  0.0000  0.0000  0.1300  0.3900
  0.3300  0.1200  0.0000  0.0000  0.1300  0.4200
  0.3900  0.0000  0.0000  0.0000  0.2200  0.3900
  0.3900  0.3100  0.0000  0.0000  0.2200  0.0800
  0.4100  0.0000  0.0000  0.0000  0.2500  0.3400
  0.3500  0.0000  0.0000  0.0000  0.2000  0.4500
  0.3300  0.0000  0.0000  0.0000  0.2100  0.4600
  0.3100  0.0000  0.0000  0.0000  0.2000  0.4900
  0.3500  0.0000  0.0000  0.0000  0.2100  0.4400
  0.2000  0.0000  0.0000  0.0000  0.0100  0.7900

 Initial output data matrix:
      f1      f2      f3
-477.3645 -1.2974-78049.1925
-454.7535 -1.3662-68112.8155
-279.9044 -2.1133-51731.0693
-469.5247 -1.7578-77876.9026
-440.0426 -1.9634-76654.9118
-365.6047 -1.2303-62118.0243
-410.9856 -1.1190-66049.6554
-136.1656 -0.8962-22268.5639
-369.0088 -1.3142-61644.3643
-533.9811 -0.8968-68784.7611
-442.6768 -0.7257-59416.2131
-507.4257 -0.9822-66650.9629
-443.6008 -1.1184-65323.0907
-489.5899 -1.3294-72483.9913
-359.3333 -1.7335-60280.1487
-485.2462 -0.8865-66192.4108
-228.9585 -0.7284-49588.2084
-435.6576 -1.1748-60782.1527
-368.0328 -0.0378-29839.9581
-558.3333 -1.0147-72324.3305
-545.1107 -1.0090-76481.1353
-595.9865 -1.0313-80252.0073
-577.5167 -1.0272-78299.5278
-603.0115 -1.0486-79494.8772
-536.4679 -1.3385-83057.1828
-380.6202 -1.5761-63939.3838
-487.9964 -1.6929-74452.7693
-492.2164 -2.0354-77476.1977
-483.0457 -1.7036-74331.8675
-461.0062 -1.5331-68683.9650
-428.6732 -1.9582-73565.0149
-420.3458 -1.7501-70958.0370
-185.7397 -1.9998-39188.2443
-307.5914 -2.9333-68673.8814
-248.0791 -0.3369-41639.4837
-330.4220 -1.6093-58954.7196
-261.1897 -2.5356-54113.5267
-374.3907 -2.1313-72005.0906
-442.1932 -1.6426-73645.0393
-325.5454 -2.2577-65492.6760
-407.4563 -1.7142-79298.8675
-280.7768 -2.0890-55835.4428
-345.4445 -2.2639-66935.4850
-337.8766 -1.7123-65225.4544
-380.5099 -0.6146-47362.4095
-423.7886 -1.3121-68132.9194
-412.9137 -0.7221-59055.9302
-389.7163 -1.2975-60315.7332
-243.9299 -1.5816-43427.1956
-418.8166 -1.1219-61444.5239
-463.1094 -1.4660-81856.9346
-260.4919 -1.9421-59060.6871
-461.1271 -1.5697-75813.0466
-434.9195 -1.9723-80545.7853
-411.2741 -1.7072-85333.3874
-593.8157 -1.0758-82484.6477
-331.6431 -1.2261-62332.4475
-461.8788 -1.5726-80820.6379
-386.3988 -1.9098-76223.9832
-458.6168 -1.3865-78606.8274
-386.1546 -1.7969-73308.3934
-420.6757 -1.8963-83069.8760
-256.3444 -2.2542-53258.3199
-343.7864 -1.8975-72697.8828
-317.0968 -1.9236-66141.3310
-405.5608 -1.9380-81223.2023
-579.2708 -1.0437-87100.5169
-297.2664 -2.2664-61771.9743
-230.0024 -1.7750-53153.7094
-296.3126 -0.8946-60049.3899
-625.1337 -1.1253-94708.7918
-559.4404 -1.5604-98460.5528
-350.2734 -2.6724-74202.1381
-483.8073 -1.5770-91455.1658
-333.6048 -1.8340-67470.0844
-401.3639 -1.5176-75081.6898
-339.8147 -1.1731-68370.6235
-619.8270 -1.3159-92324.8900
-456.6095 -1.0320-73399.8497
-527.1160 -1.2052-80673.3135
-182.0132 -2.1459-33836.3245
-299.4935 -1.9115-62779.5207
-342.4831 -1.8084-73190.6083
-292.5484 -2.1003-64376.6034
-284.1961 -2.0337-60695.8700
-418.6794 -1.5121-75788.0791
-272.5130 -1.9527-60034.6655
-324.9663 -1.9969-65021.8788
-361.4059 -2.0913-69395.5054
-310.1195 -1.9192-61302.0228
-321.0298 -2.0199-62665.9535
-408.2643 -1.5818-76317.7672
-398.2560 -1.9114-74552.8783
-437.9660 -1.8110-79745.2693
-402.9772 -1.8842-75747.1961
-367.7646 -1.7661-65605.9795
-392.9406 -1.8913-69484.2021
-317.1051 -2.1952-63761.7220
-355.6015 -1.8014-64450.3268
-438.2688 -2.1205-87348.6010
-334.7339 -2.0407-65124.3183
-514.0293 -1.5443-93643.6527
-526.1093 -1.9176-98663.7705
-555.0826 -1.4101-91162.3449
-653.9760 -1.1215-96005.8355
-613.3157 -1.3545-102903.8092
-574.5688 -1.4762-99854.6710
-596.1996 -1.5851-97568.0584
-673.8733 -1.3085-96609.9429
-570.9253 -1.5720-97057.6408
-453.6160 -1.8559-85374.7271
-512.3685 -1.7799-93175.9066
-384.8236 -1.8510-77997.5467
-536.0149 -1.7113-96497.9814
-289.9712 -1.9717-66399.4183

 ¯¯¯¯¯¯¯¯¯¯¯¯¯¯¯¯¯¯¯¯¯¯¯¯¯¯¯¯¯¯¯¯¯¯¯¯¯¯¯¯¯¯¯¯¯¯¯¯¯¯¯¯¯¯¯¯¯¯¯¯¯¯¯¯¯¯¯¯¯¯¯¯¯¯¯¯¯¯¯¯¯¯¯¯¯¯¯¯¯¯¯¯¯¯¯¯¯¯¯¯¯¯
 Algorithm iteration 1 

 Predicted hypervolume improvement:    0.1826
 Time taken:   38.7900 

 Proposed evaluation point(s): 
      x1      x2      x3      x4      x5      x6
  0.5000  0.0000  0.0000  0.0000  0.1300  0.3700
  0.4300  0.0000  0.0000  0.0000  0.1700  0.4000
  0.4800  0.0000  0.0000  0.0100  0.0900  0.4200
  0.4600  0.0100  0.0000  0.0000  0.1200  0.4100

 Corresponding observation(s): 
      f1      f2      f3
-525.8042 -1.5966-100933.5243
-547.6950 -1.6312-98987.3827
-515.0228 -1.7127-99326.3448
-530.1690 -1.6660-99834.7551

 ¯¯¯¯¯¯¯¯¯¯¯¯¯¯¯¯¯¯¯¯¯¯¯¯¯¯¯¯¯¯¯¯¯¯¯¯¯¯¯¯¯¯¯¯¯¯¯¯¯¯¯¯¯¯¯¯¯¯¯¯¯¯¯¯¯¯¯¯¯¯¯¯¯¯¯¯¯¯¯¯¯¯¯¯¯¯¯¯¯¯¯¯¯¯¯¯¯¯¯¯¯¯
 Final algorithm output 

 Final input data matrix:
        x1        x2        x3        x4        x5        x6
    0.3200    0.1300    0.0500    0.2100    0.0400    0.2500
    0.0000    0.1800    0.2100    0.2800    0.2000    0.1300
    0.0000    0.0200    0.3800    0.0400    0.2900    0.2700
    0.1900    0.3000    0.1000    0.0600    0.0700    0.2800
    0.0800    0.1600    0.1400    0.0400    0.1900    0.3900
    0.3400    0.0600    0.2300    0.1600    0.1900    0.0200
    0.1400    0.1000    0.0700    0.2000    0.2700    0.2200
    0.0700    0.0700    0.3200    0.2100    0.0300    0.3000
    0.0200    0.0100    0.2700    0.1300    0.4900    0.0800
    0.0900    0.3200    0.0300    0.1300    0.3700    0.0600
    0.0800    0.2100    0.0200    0.0000    0.6100    0.0800
    0.0900    0.3200    0.0400    0.2100    0.1700    0.1700
    0.1400    0.3000    0.0700    0.1000    0.2500    0.1400
    0.0400    0.1700    0.0700    0.2200    0.2400    0.2600
    0.1700    0.1500    0.2800    0.2900    0.0000    0.1100
    0.1000    0.1400    0.1400    0.2600    0.2700    0.0900
    1.0000    0.0000    0.0000    0.0000    0.0000    0.0000
    0.0000    1.0000    0.0000    0.0000    0.0000    0.0000
    0.0000    0.0000    0.0000    1.0000    0.0000    0.0000
    0.6000    0.4000    0.0000    0.0000    0.0000    0.0000
    0.5500    0.4500    0.0000    0.0000    0.0000    0.0000
    0.5000    0.5000    0.0000    0.0000    0.0000    0.0000
    0.4500    0.5500    0.0000    0.0000    0.0000    0.0000
    0.4000    0.6000    0.0000    0.0000    0.0000    0.0000
    0.2700    0.4400    0.0900    0.0400    0.0800    0.0800
    0.0400    0.1900    0.3600    0.2000    0.1200    0.0900
    0.0000    0.5900    0.0000    0.0800    0.0800    0.2500
    0.0000    0.3900    0.1300    0.0700    0.0300    0.3800
    0.0100    0.5100    0.0000    0.1000    0.0200    0.3600
    0.0100    0.6200    0.0100    0.0300    0.1000    0.2300
    0.0600    0.3000    0.4100    0.0100    0.0100    0.2100
    0.0800    0.3200    0.5000    0.0700    0.0200    0.0100
    0.1500    0.2800    0.2500    0.0100    0.0600    0.2500
    0.0000    0.0000    0.0000    0.0000    0.0000    1.0000
    0.0000    0.0000    0.0000    0.0000    1.0000    0.0000
    0.0200    0.1100    0.0000    0.5000    0.0300    0.3400
    0.0100    0.1900    0.0000    0.0000    0.0000    0.8000
    0.0100    0.3900    0.0000    0.0200    0.0100    0.5700
    0.1800    0.1200    0.0000    0.3600    0.0000    0.3400
    0.0100    0.0000    0.1300    0.2500    0.0000    0.6100
    0.3200    0.0000    0.1200    0.0100    0.0000    0.5500
    0.0100    0.1500    0.1000    0.2100    0.0000    0.5300
    0.0100    0.0000    0.1500    0.2500    0.0000    0.5900
    0.1500    0.4500    0.0400    0.0300    0.0100    0.3200
    0.0500    0.3200    0.0000    0.5700    0.0600    0.0000
    0.3100    0.5200    0.0000    0.0800    0.0200    0.0700
    0.1500    0.0400    0.1300    0.6700    0.0100    0.0000
    0.0000    0.2100    0.2000    0.5800    0.0100    0.0000
    0.0000    0.0100    0.2800    0.6700    0.0100    0.0300
    0.0100    0.2800    0.1100    0.4600    0.1100    0.0300
    0.4900    0.0600    0.0000    0.1400    0.0200    0.2900
    0.1400    0.0000    0.0700    0.0100    0.0100    0.7700
    0.0300    0.5800    0.1800    0.0400    0.1000    0.0700
    0.0000    0.3100    0.0100    0.0200    0.1500    0.5100
    0.2500    0.0100    0.0100    0.0400    0.1300    0.5600
    0.2900    0.4500    0.0600    0.0800    0.1200    0.0000
    0.0200    0.0100    0.1600    0.0100    0.5000    0.3000
    0.0200    0.2400    0.0000    0.0300    0.2600    0.4500
    0.0000    0.0100    0.0000    0.0100    0.2700    0.7100
    0.0900    0.0200    0.0000    0.0600    0.4000    0.4300
    0.0000    0.1600    0.0000    0.0000    0.2500    0.5900
    0.3200    0.0900    0.0200    0.0100    0.0100    0.5500
    0.0000    0.0800    0.1300    0.0000    0.1100    0.6800
    0.3900    0.0100    0.0300    0.0000    0.0000    0.5700
    0.2600    0.1800    0.0200    0.0100    0.0100    0.5200
    0.2000    0.1600    0.0000    0.0000    0.0000    0.6400
    0.5100    0.3100    0.0700    0.0100    0.0100    0.0900
    0.1400    0.1700    0.0200    0.0000    0.0000    0.6700
    0.0000    0.0300    0.0200    0.2100    0.3200    0.4200
    0.5700    0.0000    0.1100    0.0100    0.1000    0.2100
    0.5100    0.2500    0.1000    0.0200    0.1200    0.0000
    0.5100    0.0100    0.0700    0.0200    0.1100    0.2800
    0.0000    0.0000    0.0000    0.0200    0.0000    0.9800
    0.6000    0.0000    0.0300    0.0000    0.0200    0.3500
    0.3400    0.0000    0.1100    0.0100    0.0600    0.4800
    0.4400    0.1100    0.1100    0.0000    0.0600    0.2800
    0.6600    0.0000    0.0800    0.0000    0.0000    0.2600
    0.3700    0.4700    0.1000    0.0000    0.0600    0.0000
    0.4400    0.3000    0.0900    0.0400    0.1300    0.0000
    0.2700    0.6100    0.1200    0.0000    0.0000    0.0000
    0.0100    0.0000    0.0000    0.0200    0.0800    0.8900
    0.2100    0.1100    0.0600    0.0000    0.1400    0.4800
    0.5200    0.0100    0.0100    0.0000    0.0000    0.4600
    0.0000    0.3800    0.0100    0.0000    0.0000    0.6100
    0.0000    0.3100    0.0100    0.0000    0.0000    0.6800
    0.3200    0.3400    0.0200    0.0000    0.0100    0.3100
    0.0100    0.4100    0.0000    0.0000    0.0100    0.5700
    0.0000    0.4100    0.0000    0.1300    0.0000    0.4600
    0.0000    0.1800    0.0000    0.2600    0.0100    0.5500
    0.0400    0.4500    0.0000    0.0700    0.0100    0.4300
    0.0000    0.2500    0.0000    0.2500    0.0000    0.5000
    0.3600    0.2000    0.0200    0.0800    0.0000    0.3400
    0.2100    0.0000    0.0000    0.3300    0.0100    0.4500
    0.2500    0.0000    0.0000    0.3100    0.0100    0.4300
    0.1900    0.0000    0.0000    0.3200    0.0100    0.4800
    0.0000    0.6300    0.1000    0.0000    0.0000    0.2700
    0.0000    0.6600    0.0900    0.0000    0.0000    0.2500
    0.0000    0.3300    0.1100    0.0100    0.0000    0.5500
    0.0000    0.6800    0.0900    0.0000    0.0100    0.2200
    0.3500    0.0000    0.0000    0.0100    0.0000    0.6400
    0.0100    0.0000    0.0000    0.3600    0.0000    0.6300
    0.4800    0.0000    0.0100    0.0000    0.1200    0.3900
    0.3900    0.0000    0.0000    0.0200    0.0100    0.5800
    0.4000    0.1700    0.0000    0.0000    0.1200    0.3100
    0.4400    0.2700    0.0000    0.0000    0.1700    0.1200
    0.3400    0.1400    0.0000    0.0000    0.1300    0.3900
    0.3300    0.1200    0.0000    0.0000    0.1300    0.4200
    0.3900    0.0000    0.0000    0.0000    0.2200    0.3900
    0.3900    0.3100    0.0000    0.0000    0.2200    0.0800
    0.4100    0.0000    0.0000    0.0000    0.2500    0.3400
    0.3500    0.0000    0.0000    0.0000    0.2000    0.4500
    0.3300    0.0000    0.0000    0.0000    0.2100    0.4600
    0.3100    0.0000    0.0000    0.0000    0.2000    0.4900
    0.3500    0.0000    0.0000    0.0000    0.2100    0.4400
    0.2000    0.0000    0.0000    0.0000    0.0100    0.7900
    0.5000    0.0000    0.0000    0.0000    0.1300    0.3700
    0.4300    0.0000    0.0000    0.0000    0.1700    0.4000
    0.4800    0.0000    0.0000    0.0100    0.0900    0.4200
    0.4600    0.0100    0.0000    0.0000    0.1200    0.4100

 Final output data matrix:
        f1        f2        f3
 -477.3645   -1.2974-78049.1925
 -454.7535   -1.3662-68112.8155
 -279.9044   -2.1133-51731.0693
 -469.5247   -1.7578-77876.9026
 -440.0426   -1.9634-76654.9118
 -365.6047   -1.2303-62118.0243
 -410.9856   -1.1190-66049.6554
 -136.1656   -0.8962-22268.5639
 -369.0088   -1.3142-61644.3643
 -533.9811   -0.8968-68784.7611
 -442.6768   -0.7257-59416.2131
 -507.4257   -0.9822-66650.9629
 -443.6008   -1.1184-65323.0907
 -489.5899   -1.3294-72483.9913
 -359.3333   -1.7335-60280.1487
 -485.2462   -0.8865-66192.4108
 -228.9585   -0.7284-49588.2084
 -435.6576   -1.1748-60782.1527
 -368.0328   -0.0378-29839.9581
 -558.3333   -1.0147-72324.3305
 -545.1107   -1.0090-76481.1353
 -595.9865   -1.0313-80252.0073
 -577.5167   -1.0272-78299.5278
 -603.0115   -1.0486-79494.8772
 -536.4679   -1.3385-83057.1828
 -380.6202   -1.5761-63939.3838
 -487.9964   -1.6929-74452.7693
 -492.2164   -2.0354-77476.1977
 -483.0457   -1.7036-74331.8675
 -461.0062   -1.5331-68683.9650
 -428.6732   -1.9582-73565.0149
 -420.3458   -1.7501-70958.0370
 -185.7397   -1.9998-39188.2443
 -307.5914   -2.9333-68673.8814
 -248.0791   -0.3369-41639.4837
 -330.4220   -1.6093-58954.7196
 -261.1897   -2.5356-54113.5267
 -374.3907   -2.1313-72005.0906
 -442.1932   -1.6426-73645.0393
 -325.5454   -2.2577-65492.6760
 -407.4563   -1.7142-79298.8675
 -280.7768   -2.0890-55835.4428
 -345.4445   -2.2639-66935.4850
 -337.8766   -1.7123-65225.4544
 -380.5099   -0.6146-47362.4095
 -423.7886   -1.3121-68132.9194
 -412.9137   -0.7221-59055.9302
 -389.7163   -1.2975-60315.7332
 -243.9299   -1.5816-43427.1956
 -418.8166   -1.1219-61444.5239
 -463.1094   -1.4660-81856.9346
 -260.4919   -1.9421-59060.6871
 -461.1271   -1.5697-75813.0466
 -434.9195   -1.9723-80545.7853
 -411.2741   -1.7072-85333.3874
 -593.8157   -1.0758-82484.6477
 -331.6431   -1.2261-62332.4475
 -461.8788   -1.5726-80820.6379
 -386.3988   -1.9098-76223.9832
 -458.6168   -1.3865-78606.8274
 -386.1546   -1.7969-73308.3934
 -420.6757   -1.8963-83069.8760
 -256.3444   -2.2542-53258.3199
 -343.7864   -1.8975-72697.8828
 -317.0968   -1.9236-66141.3310
 -405.5608   -1.9380-81223.2023
 -579.2708   -1.0437-87100.5169
 -297.2664   -2.2664-61771.9743
 -230.0024   -1.7750-53153.7094
 -296.3126   -0.8946-60049.3899
 -625.1337   -1.1253-94708.7918
 -559.4404   -1.5604-98460.5528
 -350.2734   -2.6724-74202.1381
 -483.8073   -1.5770-91455.1658
 -333.6048   -1.8340-67470.0844
 -401.3639   -1.5176-75081.6898
 -339.8147   -1.1731-68370.6235
 -619.8270   -1.3159-92324.8900
 -456.6095   -1.0320-73399.8497
 -527.1160   -1.2052-80673.3135
 -182.0132   -2.1459-33836.3245
 -299.4935   -1.9115-62779.5207
 -342.4831   -1.8084-73190.6083
 -292.5484   -2.1003-64376.6034
 -284.1961   -2.0337-60695.8700
 -418.6794   -1.5121-75788.0791
 -272.5130   -1.9527-60034.6655
 -324.9663   -1.9969-65021.8788
 -361.4059   -2.0913-69395.5054
 -310.1195   -1.9192-61302.0228
 -321.0298   -2.0199-62665.9535
 -408.2643   -1.5818-76317.7672
 -398.2560   -1.9114-74552.8783
 -437.9660   -1.8110-79745.2693
 -402.9772   -1.8842-75747.1961
 -367.7646   -1.7661-65605.9795
 -392.9406   -1.8913-69484.2021
 -317.1051   -2.1952-63761.7220
 -355.6015   -1.8014-64450.3268
 -438.2688   -2.1205-87348.6010
 -334.7339   -2.0407-65124.3183
 -514.0293   -1.5443-93643.6527
 -526.1093   -1.9176-98663.7705
 -555.0826   -1.4101-91162.3449
 -653.9760   -1.1215-96005.8355
 -613.3157   -1.3545-102903.8092
 -574.5688   -1.4762-99854.6710
 -596.1996   -1.5851-97568.0584
 -673.8733   -1.3085-96609.9429
 -570.9253   -1.5720-97057.6408
 -453.6160   -1.8559-85374.7271
 -512.3685   -1.7799-93175.9066
 -384.8236   -1.8510-77997.5467
 -536.0149   -1.7113-96497.9814
 -289.9712   -1.9717-66399.4183
 -525.8042   -1.5966-100933.5243
 -547.6950   -1.6312-98987.3827
 -515.0228   -1.7127-99326.3448
 -530.1690   -1.6660-99834.7551

 Input data matrix of corresponding Pareto front:
        x1        x2        x3        x4        x5        x6
    0.0000    0.3900    0.1300    0.0700    0.0300    0.3800
    0.0000    0.0000    0.0000    0.0000    0.0000    1.0000
    0.0100    0.3900    0.0000    0.0200    0.0100    0.5700
    0.5100    0.0100    0.0700    0.0200    0.1100    0.2800
    0.0000    0.0000    0.0000    0.0200    0.0000    0.9800
    0.3700    0.4700    0.1000    0.0000    0.0600    0.0000
    0.3500    0.0000    0.0000    0.0100    0.0000    0.6400
    0.3900    0.0000    0.0000    0.0200    0.0100    0.5800
    0.3400    0.1400    0.0000    0.0000    0.1300    0.3900
    0.3300    0.1200    0.0000    0.0000    0.1300    0.4200
    0.3900    0.0000    0.0000    0.0000    0.2200    0.3900
    0.3900    0.3100    0.0000    0.0000    0.2200    0.0800
    0.3500    0.0000    0.0000    0.0000    0.2100    0.4400

 Output data matrix of corresponding Pareto front:
        f1        f2        f3
 -492.2164   -2.0354-77476.1977
 -307.5914   -2.9333-68673.8814
 -374.3907   -2.1313-72005.0906
 -559.4404   -1.5604-98460.5528
 -350.2734   -2.6724-74202.1381
 -619.8270   -1.3159-92324.8900
 -438.2688   -2.1205-87348.6010
 -526.1093   -1.9176-98663.7705
 -613.3157   -1.3545-102903.8092
 -574.5688   -1.4762-99854.6710
 -596.1996   -1.5851-97568.0584
 -673.8733   -1.3085-96609.9429
 -536.0149   -1.7113-96497.9814

 Input data matrix of Pareto front of final Gaussian process model:
        x1        x2        x3        x4        x5        x6
    0.0028    0.0022    0.0000    0.0005    0.0006    0.9938
    0.4792    0.0324    0.0000    0.0016    0.1676    0.3192
    0.1035    0.0644    0.0000    0.0017    0.0015    0.8290
    0.4300    0.2948    0.0000    0.0001    0.2676    0.0075
    0.2958    0.0758    0.0000    0.0010    0.0006    0.6267
    0.0074    0.0022    0.0000    0.0020    0.0006    0.9877
    0.3136    0.0569    0.0000    0.0002    0.0000    0.6294
    0.2637    0.0709    0.0000    0.0019    0.0019    0.6615
    0.2688    0.0896    0.0000    0.0018    0.0018    0.6380
    0.3637    0.0136    0.0000    0.0027    0.0058    0.6142
    0.2503    0.0918    0.0000    0.0018    0.0018    0.6542
    0.4188    0.0007    0.0002    0.0024    0.1023    0.4755
    0.4046    0.0153    0.0000    0.0024    0.2791    0.2985
    0.4041    0.0010    0.0001    0.0031    0.0568    0.5349
    0.3527    0.0542    0.0002    0.0028    0.0055    0.5845
    0.4645    0.3123    0.0001    0.0019    0.2128    0.0084
    0.4008    0.0107    0.0000    0.0000    0.1143    0.4741
    0.1669    0.1269    0.0000    0.0017    0.0008    0.7036
    0.1566    0.1190    0.0000    0.0016    0.0018    0.7211
    0.1235    0.0048    0.0000    0.0024    0.0007    0.8685
    0.3703    0.0010    0.0000    0.0016    0.0400    0.5871
    0.4031    0.0096    0.0004    0.0013    0.1416    0.4437
    0.1080    0.0036    0.0004    0.0019    0.0043    0.8815
    0.0283    0.0059    0.0000    0.0020    0.0013    0.9624
    0.0885    0.0004    0.0000    0.0055    0.0020    0.9036
    0.4126    0.1092    0.0001    0.0038    0.1894    0.2848
    0.2908    0.0745    0.0000    0.0010    0.0006    0.6331
    0.1353    0.0018    0.0000    0.0004    0.0005    0.8620
    0.1715    0.1186    0.0000    0.0015    0.0043    0.7040
    0.2453    0.0989    0.0000    0.0008    0.0016    0.6535
    0.3720    0.0050    0.0000    0.0051    0.1228    0.4951
    0.3562    0.3866    0.0000    0.0033    0.1655    0.0884
    0.3917    0.0075    0.0003    0.0018    0.0964    0.5019
    0.0981    0.0003    0.0000    0.0033    0.0006    0.8978
    0.4299    0.2941    0.0000    0.0001    0.2062    0.0697
    0.1635    0.1234    0.0000    0.0020    0.0021    0.7090
    0.4562    0.0304    0.0000    0.0015    0.1990    0.3127
    0.3884    0.0005    0.0002    0.0315    0.0330    0.5462
    0.3310    0.0605    0.0001    0.0169    0.0017    0.5897
    0.1664    0.1076    0.0000    0.0020    0.0021    0.7218
    0.0793    0.0055    0.0000    0.0019    0.0018    0.9115
    0.0287    0.0058    0.0001    0.0029    0.0049    0.9575
    0.1985    0.1231    0.0000    0.0016    0.0003    0.6766
    0.1393    0.1120    0.0000    0.0039    0.0006    0.7442
    0.0235    0.0058    0.0000    0.0020    0.0019    0.9668
    0.4599    0.0059    0.0001    0.0016    0.0940    0.4384
    0.3639    0.0020    0.0000    0.0030    0.0005    0.6306
    0.4379    0.3071    0.0001    0.0039    0.2123    0.0387
    0.3916    0.2878    0.0002    0.0015    0.2018    0.1169
    0.3667    0.0138    0.0000    0.0146    0.0189    0.5859
    0.2267    0.1061    0.0002    0.0021    0.0015    0.6633
    0.3717    0.0059    0.0000    0.0076    0.0222    0.5926
    0.2302    0.1078    0.0000    0.0017    0.0017    0.6586
    0.2834    0.0772    0.0000    0.0021    0.0024    0.6349
    0.1208    0.0986    0.0000    0.0036    0.0005    0.7765
    0.4840    0.0062    0.0001    0.0017    0.0922    0.4158
    0.4222    0.0208    0.0002    0.0021    0.0749    0.4795
    0.3770    0.0111    0.0000    0.0019    0.0091    0.6010
    0.0413    0.0003    0.0000    0.0041    0.0015    0.9528
    0.4470    0.0031    0.0002    0.0020    0.1323    0.4151
    0.2052    0.0951    0.0000    0.0020    0.0021    0.6957
    0.3933    0.0079    0.0000    0.0152    0.0628    0.5207
    0.1457    0.1106    0.0000    0.0017    0.0017    0.7402
    0.0201    0.0048    0.0000    0.0027    0.0007    0.9717
    0.2592    0.0951    0.0000    0.0019    0.0019    0.6419
    0.3798    0.0010    0.0000    0.0017    0.0410    0.5765
    0.3724    0.2860    0.0001    0.0006    0.1645    0.1762
    0.2099    0.1165    0.0002    0.0019    0.0010    0.6704
    0.4262    0.3206    0.0000    0.0001    0.2084    0.0447
    0.4154    0.0081    0.0003    0.0077    0.2041    0.3641
    0.1181    0.1292    0.0000    0.0035    0.0005    0.7486
    0.3590    0.2270    0.0000    0.0001    0.1744    0.2395
    0.0709    0.0044    0.0002    0.0027    0.0006    0.9211
    0.3840    0.3463    0.0001    0.0010    0.0960    0.1723
    0.2262    0.0852    0.0000    0.0009    0.0007    0.6870
    0.3946    0.0165    0.0001    0.0014    0.2485    0.3390
    0.2431    0.0915    0.0000    0.0009    0.0008    0.6637
    0.2009    0.0990    0.0000    0.0046    0.0007    0.6947
    0.0528    0.0045    0.0000    0.0031    0.0018    0.9378
    0.4028    0.0033    0.0002    0.0027    0.1303    0.4606
    0.4684    0.0118    0.0002    0.0014    0.1792    0.3388
    0.2230    0.0962    0.0001    0.0045    0.0007    0.6754
    0.3915    0.0011    0.0001    0.0024    0.0581    0.5468
    0.3725    0.0156    0.0001    0.0013    0.2649    0.3456
    0.3337    0.0323    0.0000    0.0176    0.0017    0.6146
    0.1238    0.1092    0.0000    0.0016    0.0009    0.7645
    0.4451    0.0065    0.0000    0.0171    0.0059    0.5255
    0.4289    0.0000    0.0000    0.0001    0.1995    0.3715
    0.0641    0.0066    0.0000    0.0027    0.0006    0.9259
    0.0340    0.0073    0.0000    0.0021    0.0048    0.9517
    0.4052    0.0016    0.0000    0.0111    0.0724    0.5097
    0.4090    0.3076    0.0000    0.0001    0.2000    0.0833
    0.3320    0.0321    0.0000    0.0175    0.0068    0.6115
    0.3161    0.0425    0.0000    0.0028    0.0067    0.6319
    0.4254    0.0087    0.0000    0.0163    0.0473    0.5023
    0.3747    0.0017    0.0000    0.0018    0.0477    0.5740
    0.4838    0.0090    0.0002    0.0014    0.1555    0.3499
    0.4166    0.1747    0.0002    0.0039    0.1631    0.2414
    0.0766    0.0003    0.0000    0.0020    0.0008    0.9202
    0.3991    0.3113    0.0000    0.0001    0.1189    0.1705
    0.2332    0.1154    0.0000    0.0018    0.0022    0.6474
    0.3852    0.0018    0.0000    0.0026    0.0219    0.5886
    0.1061    0.0003    0.0000    0.0020    0.0008    0.8908
    0.4274    0.0883    0.0000    0.0043    0.1810    0.2989
    0.1378    0.1319    0.0000    0.0018    0.0010    0.7275
    0.4508    0.0041    0.0001    0.0032    0.1645    0.3772
    0.4161    0.3245    0.0003    0.0083    0.2290    0.0215
    0.0186    0.0037    0.0000    0.0027    0.0007    0.9743
    0.1886    0.1007    0.0000    0.0023    0.0016    0.7068
    0.1895    0.1075    0.0000    0.0009    0.0009    0.7012
    0.4309    0.2102    0.0000    0.0001    0.2059    0.1529
    0.4370    0.0333    0.0000    0.0001    0.2152    0.3143
    0.4438    0.3112    0.0001    0.0041    0.2151    0.0256
    0.4223    0.0051    0.0000    0.0021    0.1207    0.4497
    0.3790    0.3002    0.0001    0.0045    0.1447    0.1716
    0.1386    0.1394    0.0000    0.0011    0.0006    0.7202
    0.4144    0.1968    0.0000    0.0034    0.1642    0.2211
    0.4585    0.0552    0.0000    0.0046    0.1761    0.3055
    0.1616    0.1173    0.0000    0.0072    0.0015    0.7123
    0.4501    0.0304    0.0000    0.0015    0.1584    0.3596
    0.4218    0.2439    0.0003    0.0019    0.2204    0.1115
    0.3679    0.0106    0.0000    0.0016    0.0334    0.5865
    0.3992    0.0030    0.0033    0.0001    0.2103    0.3808
    0.0620    0.0039    0.0000    0.0026    0.0006    0.9308
    0.4093    0.1040    0.0000    0.0011    0.1805    0.3049
    0.3807    0.0113    0.0002    0.0013    0.1521    0.4542
    0.1965    0.0998    0.0000    0.0019    0.0006    0.7011
    0.4509    0.2529    0.0001    0.0021    0.2127    0.0813
    0.4571    0.1272    0.0000    0.0015    0.1804    0.2339
    0.1855    0.1258    0.0000    0.0045    0.0020    0.6823
    0.3676    0.0004    0.0002    0.0298    0.0847    0.5170
    0.1379    0.0968    0.0000    0.0047    0.0017    0.7590
    0.4868    0.1098    0.0002    0.0001    0.1900    0.2130
    0.4783    0.0009    0.0002    0.0019    0.1168    0.4018
    0.0598    0.0003    0.0000    0.0021    0.0008    0.9370
    0.0119    0.0060    0.0000    0.0026    0.0007    0.9788
    0.4704    0.0117    0.0000    0.0017    0.1844    0.3319
    0.3976    0.0044    0.0001    0.0037    0.0878    0.5063
    0.4438    0.0077    0.0003    0.0081    0.1939    0.3459
    0.4003    0.0069    0.0003    0.0017    0.0805    0.5101
    0.4705    0.2111    0.0001    0.0019    0.1712    0.1450
    0.4527    0.3043    0.0003    0.0017    0.2325    0.0082
    0.3406    0.0141    0.0000    0.0032    0.0061    0.6360
    0.4116    0.0697    0.0000    0.0022    0.1552    0.3612
    0.0490    0.0050    0.0000    0.0017    0.0011    0.9431
    0.3934    0.0130    0.0000    0.0025    0.0056    0.5855
    0.3503    0.3319    0.0000    0.0033    0.2277    0.0869
    0.3572    0.0197    0.0000    0.0012    0.0631    0.5587
    0.4244    0.3193    0.0000    0.0001    0.2265    0.0296
    0.4186    0.0105    0.0023    0.0012    0.1417    0.4233
    0.1543    0.1028    0.0001    0.0013    0.0015    0.7399
    0.2794    0.0697    0.0000    0.0001    0.0013    0.6494
    0.1158    0.0038    0.0004    0.0024    0.0007    0.8765
    0.2770    0.0872    0.0000    0.0029    0.0016    0.6313
    0.4439    0.3044    0.0013    0.0001    0.2412    0.0077
    0.4599    0.1791    0.0001    0.0019    0.2273    0.1316
    0.1820    0.1100    0.0000    0.0027    0.0017    0.7036
    0.0870    0.1637    0.0000    0.0032    0.0026    0.7434
    0.3754    0.1832    0.0000    0.0001    0.1794    0.2619
    0.2036    0.1170    0.0000    0.0019    0.0008    0.6767
    0.4308    0.2016    0.0004    0.0016    0.1822    0.1829
    0.1381    0.0969    0.0000    0.0030    0.0020    0.7600
    0.0462    0.0067    0.0002    0.0022    0.0009    0.9436
    0.4057    0.1979    0.0000    0.0001    0.1939    0.2024
    0.1320    0.1180    0.0000    0.0061    0.0021    0.7417
    0.1122    0.0066    0.0000    0.0036    0.0059    0.8717
    0.3876    0.2593    0.0001    0.0034    0.1697    0.1798
    0.2305    0.1045    0.0000    0.0014    0.0016    0.6620
    0.1909    0.1078    0.0000    0.0016    0.0017    0.6980
    0.4258    0.0247    0.0004    0.0000    0.1496    0.3992
    0.4124    0.3272    0.0000    0.0008    0.1819    0.0776
    0.1017    0.0003    0.0000    0.0034    0.0006    0.8941
    0.0119    0.0060    0.0000    0.0026    0.0007    0.9788
    0.4762    0.0321    0.0000    0.0108    0.1779    0.3029
    0.3761    0.1537    0.0000    0.0022    0.2306    0.2373
    0.4097    0.2219    0.0001    0.0017    0.1769    0.1895
    0.1777    0.1163    0.0000    0.0018    0.0021    0.7021
    0.4635    0.1726    0.0000    0.0002    0.1693    0.1944
    0.0830    0.0123    0.0000    0.0019    0.0019    0.9010
    0.4707    0.0026    0.0000    0.0019    0.1314    0.3934
    0.4728    0.1801    0.0000    0.0002    0.1820    0.1649
    0.3731    0.0045    0.0002    0.0019    0.1964    0.4237
    0.1398    0.1339    0.0000    0.0170    0.0010    0.7083
    0.4878    0.0049    0.0000    0.0019    0.1149    0.3906
    0.4217    0.0073    0.0003    0.0012    0.0318    0.5374
    0.2134    0.1019    0.0000    0.0016    0.0008    0.6822
    0.4542    0.0094    0.0002    0.0258    0.1320    0.3782
    0.3917    0.0034    0.0001    0.0028    0.1342    0.4677
    0.2259    0.0974    0.0001    0.0046    0.0007    0.6713
    0.3804    0.0004    0.0002    0.0309    0.0529    0.5350
    0.0837    0.0045    0.0000    0.0019    0.0019    0.9081
    0.1546    0.1137    0.0000    0.0024    0.0018    0.7275
    0.3588    0.0020    0.0000    0.0036    0.0766    0.5589
    0.1180    0.0963    0.0000    0.0035    0.0005    0.7816
    0.3169    0.0487    0.0002    0.0029    0.0019    0.6292
    0.4069    0.3468    0.0000    0.0017    0.1989    0.0457
    0.4217    0.2607    0.0000    0.0048    0.2098    0.1029
    0.2592    0.0951    0.0000    0.0019    0.0019    0.6419
    0.4395    0.3307    0.0001    0.0002    0.1878    0.0415
    0.2752    0.0866    0.0000    0.0029    0.0016    0.6337

 Output data matrix of Pareto front of final Gaussian process model:
        f1        f2        f3
 -285.1053   -2.7725-66514.5277
 -559.4317   -1.4391-100496.9446
 -304.3258   -2.2657-60608.0870
 -663.5490   -0.9088-91197.5329
 -399.2961   -1.9892-83057.3146
 -285.3422   -2.7469-65988.6483
 -404.5630   -1.9813-83977.8548
 -380.5797   -2.0207-80343.8635
 -387.3407   -2.0085-81362.8700
 -423.1270   -1.9427-86800.9534
 -377.0445   -2.0282-79738.8009
 -495.6743   -1.7807-95100.6935
 -578.2400   -1.3424-95197.5749
 -463.8296   -1.8628-91640.4703
 -427.3930   -1.9368-85991.2020
 -658.8432   -0.9382-92702.0445
 -499.1542   -1.7688-94963.5983
 -337.4781   -2.1179-71301.3496
 -331.6165   -2.1362-69368.9160
 -306.7167   -2.2626-61997.4247
 -439.7984   -1.9065-89508.9996
 -515.5603   -1.7144-96133.3639
 -301.8333   -2.3043-60971.1442
 -287.0217   -2.6446-63824.3589
 -297.3319   -2.3828-61289.9943
 -583.7841   -1.3221-99380.8193
 -396.1144   -1.9951-82691.9011
 -310.3514   -2.2341-62617.9886
 -339.7004   -2.1101-71623.2459
 -375.2703   -2.0315-79419.8815
 -489.7594   -1.7937-93449.4680
 -624.6183   -1.1924-92381.2695
 -483.4524   -1.8119-93495.2162
 -299.5178   -2.3596-61654.6975
 -648.7604   -1.0662-94089.3772
 -335.7895   -2.1225-70701.7031
 -570.5949   -1.4089-99754.5933
 -449.1159   -1.8920-89293.2995
 -418.2651   -1.9508-84806.3351
 -334.6861   -2.1258-70021.7748
 -295.2297   -2.4251-61367.8855
 -287.0277   -2.6222-62808.9282
 -353.0559   -2.0773-75181.2280
 -322.7161   -2.1661-66597.6022
 -286.5270   -2.6635-64046.9064
 -504.0621   -1.7309-96610.3888
 -418.0858   -1.9453-86407.0418
 -655.0412   -1.0064-93354.5429
 -634.9791   -1.1437-94763.3943
 -433.0319   -1.9240-87804.6027
 -365.9065   -2.0487-77748.5393
 -433.6992   -1.9212-88296.0436
 -368.4553   -2.0435-78228.7481
 -393.4651   -1.9982-82345.2924
 -313.5501   -2.2054-63457.8129
 -506.9034   -1.6950-97121.0676
 -487.1907   -1.7910-93878.9108
 -429.8516   -1.9320-87446.0819
 -288.6707   -2.5912-63248.0479
 -522.7818   -1.6766-98269.3583
 -352.4014   -2.0789-74560.8975
 -467.4888   -1.8508-91822.2323
 -325.3249   -2.1568-67266.8896
 -286.2635   -2.6834-64647.6568
 -382.9534   -2.0160-80682.4224
 -444.7063   -1.8997-89898.0293
 -608.9852   -1.2440-95732.4369
 -358.1970   -2.0646-76259.5035
 -653.8901   -1.0349-93487.9282
 -553.7380   -1.5402-97902.9961
 -316.3977   -2.1926-64864.3662
 -591.5297   -1.2897-97325.9260
 -293.1474   -2.4632-61798.7732
 -585.1084   -1.3112-90880.7859
 -361.3780   -2.0596-76515.7981
 -565.4792   -1.4550-95994.6025
 -372.1907   -2.0388-78841.0074
 -350.6439   -2.0830-74297.1818
 -290.3203   -2.5343-62248.6373
 -507.0782   -1.7474-95528.0144
 -555.9278   -1.4924-100177.1148
 -362.0803   -2.0574-76918.4779
 -459.3000   -1.8717-91345.6887
 -560.2065   -1.4626-94343.1665
 -413.3230   -1.9608-85196.4280
 -315.8887   -2.1966-64276.8667
 -452.7132   -1.8811-87059.7513
 -551.8094   -1.5627-98203.4219
 -292.1694   -2.4879-61895.6096
 -287.7018   -2.5998-62430.5410
