
 TSEMO log file created on 24-Feb-2020 

 This file shows the initial specifications of TSEMO and logs the output.
 ¯¯¯¯¯¯¯¯¯¯¯¯¯¯¯¯¯¯¯¯¯¯¯¯¯¯¯¯¯¯¯¯¯¯¯¯¯¯¯¯¯¯¯¯¯¯¯¯¯¯¯¯¯¯¯¯¯¯¯¯¯¯¯¯¯¯¯¯¯¯¯¯¯¯¯¯¯¯¯¯¯¯¯¯¯¯¯¯¯¯¯¯¯¯¯¯¯¯¯¯¯¯
 License information 

 BSD 2-Clause License 

 Copyright (c) 2017, Eric Bradford, Artur M. Schweidtmann and Alexei Lapkin
 All rights reserved. 

 Redistribution and use in source and binary forms, with or without
 modification, are permitted provided that the following conditions are met: 

 *Redistributions of source code must retain the above copyright notice, this   
  list of conditions and the following disclaimer. 

 *Redistributions in binary form must reproduce the above copyright notice,   
  this list of conditions and the following disclaimer in the documentation   
  and/or other materials provided with the distribution. 

 Modified by Mina Konakovic Lukovic 2019. 

 ¯¯¯¯¯¯¯¯¯¯¯¯¯¯¯¯¯¯¯¯¯¯¯¯¯¯¯¯¯¯¯¯¯¯¯¯¯¯¯¯¯¯¯¯¯¯¯¯¯¯¯¯¯¯¯¯¯¯¯¯¯¯¯¯¯¯¯¯¯¯¯¯¯¯¯¯¯¯¯¯¯¯¯¯¯¯¯¯¯¯¯¯¯¯¯¯¯¯¯¯¯¯
 Problem specifications 

 Function used:   consta 

 Number of inputs:   6
 Number of outputs:  3 

 Lower bounds of decision variables:
      x1      x2      x3      x4      x5      x6
  0.0000  0.0000  0.0000  0.0000  0.0000  0.0000
 
 Upper bounds of decision variables:
      x1      x2      x3      x4      x5      x6
  1.0000  1.0000  0.5000  1.0000  1.0000  1.0000
 ¯¯¯¯¯¯¯¯¯¯¯¯¯¯¯¯¯¯¯¯¯¯¯¯¯¯¯¯¯¯¯¯¯¯¯¯¯¯¯¯¯¯¯¯¯¯¯¯¯¯¯¯¯¯¯¯¯¯¯¯¯¯¯¯¯¯¯¯¯¯¯¯¯¯¯¯¯¯¯¯¯¯¯¯¯¯¯¯¯¯¯¯¯¯¯¯¯¯¯¯¯¯
 Algorithm options 

 Maximum number of function evaluations:  4
 Sample batch size:                       4
 Number of algorithm iterations:          1 

 Genetic algorithm population size:        200
 Genetic algorithm number of generations:  200 

                                               f1      f2      f3
 Number of spectral sampling points:         4000    4000    4000
 Type of matern function:                       5       5       5
 Direct evaluations per input dimension:      200     200     200
 ¯¯¯¯¯¯¯¯¯¯¯¯¯¯¯¯¯¯¯¯¯¯¯¯¯¯¯¯¯¯¯¯¯¯¯¯¯¯¯¯¯¯¯¯¯¯¯¯¯¯¯¯¯¯¯¯¯¯¯¯¯¯¯¯¯¯¯¯¯¯¯¯¯¯¯¯¯¯¯¯¯¯¯¯¯¯¯¯¯¯¯¯¯¯¯¯¯¯¯¯¯¯
 Initial data set 

 Number of initial data points:  115 

 Initial input data matrix:
      x1      x2      x3      x4      x5      x6
  0.3200  0.1300  0.0500  0.2100  0.0400  0.2500
  0.0000  0.1800  0.2100  0.2800  0.2000  0.1300
  0.0000  0.0200  0.3800  0.0400  0.2900  0.2700
  0.1900  0.3000  0.1000  0.0600  0.0700  0.2800
  0.0800  0.1600  0.1400  0.0400  0.1900  0.3900
  0.3400  0.0600  0.2300  0.1600  0.1900  0.0200
  0.1400  0.1000  0.0700  0.2000  0.2700  0.2200
  0.0700  0.0700  0.3200  0.2100  0.0300  0.3000
  0.0200  0.0100  0.2700  0.1300  0.4900  0.0800
  0.0900  0.3200  0.0300  0.1300  0.3700  0.0600
  0.0800  0.2100  0.0200  0.0000  0.6100  0.0800
  0.0900  0.3200  0.0400  0.2100  0.1700  0.1700
  0.1400  0.3000  0.0700  0.1000  0.2500  0.1400
  0.0400  0.1700  0.0700  0.2200  0.2400  0.2600
  0.1700  0.1500  0.2800  0.2900  0.0000  0.1100
  0.1000  0.1400  0.1400  0.2600  0.2700  0.0900
  1.0000  0.0000  0.0000  0.0000  0.0000  0.0000
  0.0000  1.0000  0.0000  0.0000  0.0000  0.0000
  0.0000  0.0000  0.0000  1.0000  0.0000  0.0000
  0.6000  0.4000  0.0000  0.0000  0.0000  0.0000
  0.5500  0.4500  0.0000  0.0000  0.0000  0.0000
  0.5000  0.5000  0.0000  0.0000  0.0000  0.0000
  0.4500  0.5500  0.0000  0.0000  0.0000  0.0000
  0.4000  0.6000  0.0000  0.0000  0.0000  0.0000
  0.2700  0.4400  0.0900  0.0400  0.0800  0.0800
  0.0400  0.1900  0.3600  0.2000  0.1200  0.0900
  0.0000  0.5900  0.0000  0.0800  0.0800  0.2500
  0.0000  0.3900  0.1300  0.0700  0.0300  0.3800
  0.0100  0.5100  0.0000  0.1000  0.0200  0.3600
  0.0100  0.6200  0.0100  0.0300  0.1000  0.2300
  0.0600  0.3000  0.4100  0.0100  0.0100  0.2100
  0.0800  0.3200  0.5000  0.0700  0.0200  0.0100
  0.1500  0.2800  0.2500  0.0100  0.0600  0.2500
  0.0000  0.0000  0.0000  0.0000  0.0000  1.0000
  0.0000  0.0000  0.0000  0.0000  1.0000  0.0000
  0.0200  0.1100  0.0000  0.5000  0.0300  0.3400
  0.0100  0.1900  0.0000  0.0000  0.0000  0.8000
  0.0100  0.3900  0.0000  0.0200  0.0100  0.5700
  0.1800  0.1200  0.0000  0.3600  0.0000  0.3400
  0.0100  0.0000  0.1300  0.2500  0.0000  0.6100
  0.3200  0.0000  0.1200  0.0100  0.0000  0.5500
  0.0100  0.1500  0.1000  0.2100  0.0000  0.5300
  0.0100  0.0000  0.1500  0.2500  0.0000  0.5900
  0.1500  0.4500  0.0400  0.0300  0.0100  0.3200
  0.0500  0.3200  0.0000  0.5700  0.0600  0.0000
  0.3100  0.5200  0.0000  0.0800  0.0200  0.0700
  0.1500  0.0400  0.1300  0.6700  0.0100  0.0000
  0.0000  0.2100  0.2000  0.5800  0.0100  0.0000
  0.0000  0.0100  0.2800  0.6700  0.0100  0.0300
  0.0100  0.2800  0.1100  0.4600  0.1100  0.0300
  0.4900  0.0600  0.0000  0.1400  0.0200  0.2900
  0.1400  0.0000  0.0700  0.0100  0.0100  0.7700
  0.0300  0.5800  0.1800  0.0400  0.1000  0.0700
  0.0000  0.3100  0.0100  0.0200  0.1500  0.5100
  0.2500  0.0100  0.0100  0.0400  0.1300  0.5600
  0.2900  0.4500  0.0600  0.0800  0.1200  0.0000
  0.0200  0.0100  0.1600  0.0100  0.5000  0.3000
  0.0200  0.2400  0.0000  0.0300  0.2600  0.4500
  0.0000  0.0100  0.0000  0.0100  0.2700  0.7100
  0.0900  0.0200  0.0000  0.0600  0.4000  0.4300
  0.0000  0.1600  0.0000  0.0000  0.2500  0.5900
  0.3200  0.0900  0.0200  0.0100  0.0100  0.5500
  0.0000  0.0800  0.1300  0.0000  0.1100  0.6800
  0.3900  0.0100  0.0300  0.0000  0.0000  0.5700
  0.2600  0.1800  0.0200  0.0100  0.0100  0.5200
  0.2000  0.1600  0.0000  0.0000  0.0000  0.6400
  0.5100  0.3100  0.0700  0.0100  0.0100  0.0900
  0.1400  0.1700  0.0200  0.0000  0.0000  0.6700
  0.0000  0.0300  0.0200  0.2100  0.3200  0.4200
  0.5700  0.0000  0.1100  0.0100  0.1000  0.2100
  0.5100  0.2500  0.1000  0.0200  0.1200  0.0000
  0.5100  0.0100  0.0700  0.0200  0.1100  0.2800
  0.0000  0.0000  0.0000  0.0200  0.0000  0.9800
  0.6000  0.0000  0.0300  0.0000  0.0200  0.3500
  0.3400  0.0000  0.1100  0.0100  0.0600  0.4800
  0.4400  0.1100  0.1100  0.0000  0.0600  0.2800
  0.6600  0.0000  0.0800  0.0000  0.0000  0.2600
  0.3700  0.4700  0.1000  0.0000  0.0600  0.0000
  0.4400  0.3000  0.0900  0.0400  0.1300  0.0000
  0.2700  0.6100  0.1200  0.0000  0.0000  0.0000
  0.0100  0.0000  0.0000  0.0200  0.0800  0.8900
  0.2100  0.1100  0.0600  0.0000  0.1400  0.4800
  0.5200  0.0100  0.0100  0.0000  0.0000  0.4600
  0.0000  0.3800  0.0100  0.0000  0.0000  0.6100
  0.0000  0.3100  0.0100  0.0000  0.0000  0.6800
  0.3200  0.3400  0.0200  0.0000  0.0100  0.3100
  0.0100  0.4100  0.0000  0.0000  0.0100  0.5700
  0.0000  0.4100  0.0000  0.1300  0.0000  0.4600
  0.0000  0.1800  0.0000  0.2600  0.0100  0.5500
  0.0400  0.4500  0.0000  0.0700  0.0100  0.4300
  0.0000  0.2500  0.0000  0.2500  0.0000  0.5000
  0.3600  0.2000  0.0200  0.0800  0.0000  0.3400
  0.2100  0.0000  0.0000  0.3300  0.0100  0.4500
  0.2500  0.0000  0.0000  0.3100  0.0100  0.4300
  0.1900  0.0000  0.0000  0.3200  0.0100  0.4800
  0.0000  0.6300  0.1000  0.0000  0.0000  0.2700
  0.0000  0.6600  0.0900  0.0000  0.0000  0.2500
  0.0000  0.3300  0.1100  0.0100  0.0000  0.5500
  0.0000  0.6800  0.0900  0.0000  0.0100  0.2200
  0.3500  0.0000  0.0000  0.0100  0.0000  0.6400
  0.0100  0.0000  0.0000  0.3600  0.0000  0.6300
  0.4800  0.0000  0.0100  0.0000  0.1200  0.3900
  0.3900  0.0000  0.0000  0.0200  0.0100  0.5800
  0.4000  0.1700  0.0000  0.0000  0.1200  0.3100
  0.4400  0.2700  0.0000  0.0000  0.1700  0.1200
  0.3400  0.1400  0.0000  0.0000  0.1300  0.3900
  0.3300  0.1200  0.0000  0.0000  0.1300  0.4200
  0.3900  0.0000  0.0000  0.0000  0.2200  0.3900
  0.3900  0.3100  0.0000  0.0000  0.2200  0.0800
  0.4100  0.0000  0.0000  0.0000  0.2500  0.3400
  0.3500  0.0000  0.0000  0.0000  0.2000  0.4500
  0.3300  0.0000  0.0000  0.0000  0.2100  0.4600
  0.3100  0.0000  0.0000  0.0000  0.2000  0.4900
  0.3500  0.0000  0.0000  0.0000  0.2100  0.4400
  0.2000  0.0000  0.0000  0.0000  0.0100  0.7900

 Initial output data matrix:
      f1      f2      f3
-477.3645 -1.2974-78049.1925
-454.7535 -1.3662-68112.8155
-279.9044 -2.1133-51731.0693
-469.5247 -1.7578-77876.9026
-440.0426 -1.9634-76654.9118
-365.6047 -1.2303-62118.0243
-410.9856 -1.1190-66049.6554
-136.1656 -0.8962-22268.5639
-369.0088 -1.3142-61644.3643
-533.9811 -0.8968-68784.7611
-442.6768 -0.7257-59416.2131
-507.4257 -0.9822-66650.9629
-443.6008 -1.1184-65323.0907
-489.5899 -1.3294-72483.9913
-359.3333 -1.7335-60280.1487
-485.2462 -0.8865-66192.4108
-228.9585 -0.7284-49588.2084
-435.6576 -1.1748-60782.1527
-368.0328 -0.0378-29839.9581
-558.3333 -1.0147-72324.3305
-545.1107 -1.0090-76481.1353
-595.9865 -1.0313-80252.0073
-577.5167 -1.0272-78299.5278
-603.0115 -1.0486-79494.8772
-536.4679 -1.3385-83057.1828
-380.6202 -1.5761-63939.3838
-487.9964 -1.6929-74452.7693
-492.2164 -2.0354-77476.1977
-483.0457 -1.7036-74331.8675
-461.0062 -1.5331-68683.9650
-428.6732 -1.9582-73565.0149
-420.3458 -1.7501-70958.0370
-185.7397 -1.9998-39188.2443
-307.5914 -2.9333-68673.8814
-248.0791 -0.3369-41639.4837
-330.4220 -1.6093-58954.7196
-261.1897 -2.5356-54113.5267
-374.3907 -2.1313-72005.0906
-442.1932 -1.6426-73645.0393
-325.5454 -2.2577-65492.6760
-407.4563 -1.7142-79298.8675
-280.7768 -2.0890-55835.4428
-345.4445 -2.2639-66935.4850
-337.8766 -1.7123-65225.4544
-380.5099 -0.6146-47362.4095
-423.7886 -1.3121-68132.9194
-412.9137 -0.7221-59055.9302
-389.7163 -1.2975-60315.7332
-243.9299 -1.5816-43427.1956
-418.8166 -1.1219-61444.5239
-463.1094 -1.4660-81856.9346
-260.4919 -1.9421-59060.6871
-461.1271 -1.5697-75813.0466
-434.9195 -1.9723-80545.7853
-411.2741 -1.7072-85333.3874
-593.8157 -1.0758-82484.6477
-331.6431 -1.2261-62332.4475
-461.8788 -1.5726-80820.6379
-386.3988 -1.9098-76223.9832
-458.6168 -1.3865-78606.8274
-386.1546 -1.7969-73308.3934
-420.6757 -1.8963-83069.8760
-256.3444 -2.2542-53258.3199
-343.7864 -1.8975-72697.8828
-317.0968 -1.9236-66141.3310
-405.5608 -1.9380-81223.2023
-579.2708 -1.0437-87100.5169
-297.2664 -2.2664-61771.9743
-230.0024 -1.7750-53153.7094
-296.3126 -0.8946-60049.3899
-625.1337 -1.1253-94708.7918
-559.4404 -1.5604-98460.5528
-350.2734 -2.6724-74202.1381
-483.8073 -1.5770-91455.1658
-333.6048 -1.8340-67470.0844
-401.3639 -1.5176-75081.6898
-339.8147 -1.1731-68370.6235
-619.8270 -1.3159-92324.8900
-456.6095 -1.0320-73399.8497
-527.1160 -1.2052-80673.3135
-182.0132 -2.1459-33836.3245
-299.4935 -1.9115-62779.5207
-342.4831 -1.8084-73190.6083
-292.5484 -2.1003-64376.6034
-284.1961 -2.0337-60695.8700
-418.6794 -1.5121-75788.0791
-272.5130 -1.9527-60034.6655
-324.9663 -1.9969-65021.8788
-361.4059 -2.0913-69395.5054
-310.1195 -1.9192-61302.0228
-321.0298 -2.0199-62665.9535
-408.2643 -1.5818-76317.7672
-398.2560 -1.9114-74552.8783
-437.9660 -1.8110-79745.2693
-402.9772 -1.8842-75747.1961
-367.7646 -1.7661-65605.9795
-392.9406 -1.8913-69484.2021
-317.1051 -2.1952-63761.7220
-355.6015 -1.8014-64450.3268
-438.2688 -2.1205-87348.6010
-334.7339 -2.0407-65124.3183
-514.0293 -1.5443-93643.6527
-526.1093 -1.9176-98663.7705
-555.0826 -1.4101-91162.3449
-653.9760 -1.1215-96005.8355
-613.3157 -1.3545-102903.8092
-574.5688 -1.4762-99854.6710
-596.1996 -1.5851-97568.0584
-673.8733 -1.3085-96609.9429
-570.9253 -1.5720-97057.6408
-453.6160 -1.8559-85374.7271
-512.3685 -1.7799-93175.9066
-384.8236 -1.8510-77997.5467
-536.0149 -1.7113-96497.9814
-289.9712 -1.9717-66399.4183

 ¯¯¯¯¯¯¯¯¯¯¯¯¯¯¯¯¯¯¯¯¯¯¯¯¯¯¯¯¯¯¯¯¯¯¯¯¯¯¯¯¯¯¯¯¯¯¯¯¯¯¯¯¯¯¯¯¯¯¯¯¯¯¯¯¯¯¯¯¯¯¯¯¯¯¯¯¯¯¯¯¯¯¯¯¯¯¯¯¯¯¯¯¯¯¯¯¯¯¯¯¯¯
 Algorithm iteration 1 

 Predicted hypervolume improvement:    1.6082
 Time taken:   38.5571 

 Proposed evaluation point(s): 
      x1      x2      x3      x4      x5      x6
  0.5000  0.0000  0.0000  0.0000  0.3000  0.2000
  0.5300  0.0600  0.0000  0.0000  0.3200  0.0900
  0.5300  0.0000  0.0000  0.0000  0.3300  0.1400
  0.4200  0.0000  0.0000  0.0000  0.2700  0.3100

 Corresponding observation(s): 
      f1      f2      f3
-668.4070 -1.1403-104438.0192
-702.7257 -0.8002-100639.9684
-690.0583 -0.9551-103268.6925
-614.5330 -1.4188-102064.3039

 ¯¯¯¯¯¯¯¯¯¯¯¯¯¯¯¯¯¯¯¯¯¯¯¯¯¯¯¯¯¯¯¯¯¯¯¯¯¯¯¯¯¯¯¯¯¯¯¯¯¯¯¯¯¯¯¯¯¯¯¯¯¯¯¯¯¯¯¯¯¯¯¯¯¯¯¯¯¯¯¯¯¯¯¯¯¯¯¯¯¯¯¯¯¯¯¯¯¯¯¯¯¯
 Final algorithm output 

 Final input data matrix:
        x1        x2        x3        x4        x5        x6
    0.3200    0.1300    0.0500    0.2100    0.0400    0.2500
    0.0000    0.1800    0.2100    0.2800    0.2000    0.1300
    0.0000    0.0200    0.3800    0.0400    0.2900    0.2700
    0.1900    0.3000    0.1000    0.0600    0.0700    0.2800
    0.0800    0.1600    0.1400    0.0400    0.1900    0.3900
    0.3400    0.0600    0.2300    0.1600    0.1900    0.0200
    0.1400    0.1000    0.0700    0.2000    0.2700    0.2200
    0.0700    0.0700    0.3200    0.2100    0.0300    0.3000
    0.0200    0.0100    0.2700    0.1300    0.4900    0.0800
    0.0900    0.3200    0.0300    0.1300    0.3700    0.0600
    0.0800    0.2100    0.0200    0.0000    0.6100    0.0800
    0.0900    0.3200    0.0400    0.2100    0.1700    0.1700
    0.1400    0.3000    0.0700    0.1000    0.2500    0.1400
    0.0400    0.1700    0.0700    0.2200    0.2400    0.2600
    0.1700    0.1500    0.2800    0.2900    0.0000    0.1100
    0.1000    0.1400    0.1400    0.2600    0.2700    0.0900
    1.0000    0.0000    0.0000    0.0000    0.0000    0.0000
    0.0000    1.0000    0.0000    0.0000    0.0000    0.0000
    0.0000    0.0000    0.0000    1.0000    0.0000    0.0000
    0.6000    0.4000    0.0000    0.0000    0.0000    0.0000
    0.5500    0.4500    0.0000    0.0000    0.0000    0.0000
    0.5000    0.5000    0.0000    0.0000    0.0000    0.0000
    0.4500    0.5500    0.0000    0.0000    0.0000    0.0000
    0.4000    0.6000    0.0000    0.0000    0.0000    0.0000
    0.2700    0.4400    0.0900    0.0400    0.0800    0.0800
    0.0400    0.1900    0.3600    0.2000    0.1200    0.0900
    0.0000    0.5900    0.0000    0.0800    0.0800    0.2500
    0.0000    0.3900    0.1300    0.0700    0.0300    0.3800
    0.0100    0.5100    0.0000    0.1000    0.0200    0.3600
    0.0100    0.6200    0.0100    0.0300    0.1000    0.2300
    0.0600    0.3000    0.4100    0.0100    0.0100    0.2100
    0.0800    0.3200    0.5000    0.0700    0.0200    0.0100
    0.1500    0.2800    0.2500    0.0100    0.0600    0.2500
    0.0000    0.0000    0.0000    0.0000    0.0000    1.0000
    0.0000    0.0000    0.0000    0.0000    1.0000    0.0000
    0.0200    0.1100    0.0000    0.5000    0.0300    0.3400
    0.0100    0.1900    0.0000    0.0000    0.0000    0.8000
    0.0100    0.3900    0.0000    0.0200    0.0100    0.5700
    0.1800    0.1200    0.0000    0.3600    0.0000    0.3400
    0.0100    0.0000    0.1300    0.2500    0.0000    0.6100
    0.3200    0.0000    0.1200    0.0100    0.0000    0.5500
    0.0100    0.1500    0.1000    0.2100    0.0000    0.5300
    0.0100    0.0000    0.1500    0.2500    0.0000    0.5900
    0.1500    0.4500    0.0400    0.0300    0.0100    0.3200
    0.0500    0.3200    0.0000    0.5700    0.0600    0.0000
    0.3100    0.5200    0.0000    0.0800    0.0200    0.0700
    0.1500    0.0400    0.1300    0.6700    0.0100    0.0000
    0.0000    0.2100    0.2000    0.5800    0.0100    0.0000
    0.0000    0.0100    0.2800    0.6700    0.0100    0.0300
    0.0100    0.2800    0.1100    0.4600    0.1100    0.0300
    0.4900    0.0600    0.0000    0.1400    0.0200    0.2900
    0.1400    0.0000    0.0700    0.0100    0.0100    0.7700
    0.0300    0.5800    0.1800    0.0400    0.1000    0.0700
    0.0000    0.3100    0.0100    0.0200    0.1500    0.5100
    0.2500    0.0100    0.0100    0.0400    0.1300    0.5600
    0.2900    0.4500    0.0600    0.0800    0.1200    0.0000
    0.0200    0.0100    0.1600    0.0100    0.5000    0.3000
    0.0200    0.2400    0.0000    0.0300    0.2600    0.4500
    0.0000    0.0100    0.0000    0.0100    0.2700    0.7100
    0.0900    0.0200    0.0000    0.0600    0.4000    0.4300
    0.0000    0.1600    0.0000    0.0000    0.2500    0.5900
    0.3200    0.0900    0.0200    0.0100    0.0100    0.5500
    0.0000    0.0800    0.1300    0.0000    0.1100    0.6800
    0.3900    0.0100    0.0300    0.0000    0.0000    0.5700
    0.2600    0.1800    0.0200    0.0100    0.0100    0.5200
    0.2000    0.1600    0.0000    0.0000    0.0000    0.6400
    0.5100    0.3100    0.0700    0.0100    0.0100    0.0900
    0.1400    0.1700    0.0200    0.0000    0.0000    0.6700
    0.0000    0.0300    0.0200    0.2100    0.3200    0.4200
    0.5700    0.0000    0.1100    0.0100    0.1000    0.2100
    0.5100    0.2500    0.1000    0.0200    0.1200    0.0000
    0.5100    0.0100    0.0700    0.0200    0.1100    0.2800
    0.0000    0.0000    0.0000    0.0200    0.0000    0.9800
    0.6000    0.0000    0.0300    0.0000    0.0200    0.3500
    0.3400    0.0000    0.1100    0.0100    0.0600    0.4800
    0.4400    0.1100    0.1100    0.0000    0.0600    0.2800
    0.6600    0.0000    0.0800    0.0000    0.0000    0.2600
    0.3700    0.4700    0.1000    0.0000    0.0600    0.0000
    0.4400    0.3000    0.0900    0.0400    0.1300    0.0000
    0.2700    0.6100    0.1200    0.0000    0.0000    0.0000
    0.0100    0.0000    0.0000    0.0200    0.0800    0.8900
    0.2100    0.1100    0.0600    0.0000    0.1400    0.4800
    0.5200    0.0100    0.0100    0.0000    0.0000    0.4600
    0.0000    0.3800    0.0100    0.0000    0.0000    0.6100
    0.0000    0.3100    0.0100    0.0000    0.0000    0.6800
    0.3200    0.3400    0.0200    0.0000    0.0100    0.3100
    0.0100    0.4100    0.0000    0.0000    0.0100    0.5700
    0.0000    0.4100    0.0000    0.1300    0.0000    0.4600
    0.0000    0.1800    0.0000    0.2600    0.0100    0.5500
    0.0400    0.4500    0.0000    0.0700    0.0100    0.4300
    0.0000    0.2500    0.0000    0.2500    0.0000    0.5000
    0.3600    0.2000    0.0200    0.0800    0.0000    0.3400
    0.2100    0.0000    0.0000    0.3300    0.0100    0.4500
    0.2500    0.0000    0.0000    0.3100    0.0100    0.4300
    0.1900    0.0000    0.0000    0.3200    0.0100    0.4800
    0.0000    0.6300    0.1000    0.0000    0.0000    0.2700
    0.0000    0.6600    0.0900    0.0000    0.0000    0.2500
    0.0000    0.3300    0.1100    0.0100    0.0000    0.5500
    0.0000    0.6800    0.0900    0.0000    0.0100    0.2200
    0.3500    0.0000    0.0000    0.0100    0.0000    0.6400
    0.0100    0.0000    0.0000    0.3600    0.0000    0.6300
    0.4800    0.0000    0.0100    0.0000    0.1200    0.3900
    0.3900    0.0000    0.0000    0.0200    0.0100    0.5800
    0.4000    0.1700    0.0000    0.0000    0.1200    0.3100
    0.4400    0.2700    0.0000    0.0000    0.1700    0.1200
    0.3400    0.1400    0.0000    0.0000    0.1300    0.3900
    0.3300    0.1200    0.0000    0.0000    0.1300    0.4200
    0.3900    0.0000    0.0000    0.0000    0.2200    0.3900
    0.3900    0.3100    0.0000    0.0000    0.2200    0.0800
    0.4100    0.0000    0.0000    0.0000    0.2500    0.3400
    0.3500    0.0000    0.0000    0.0000    0.2000    0.4500
    0.3300    0.0000    0.0000    0.0000    0.2100    0.4600
    0.3100    0.0000    0.0000    0.0000    0.2000    0.4900
    0.3500    0.0000    0.0000    0.0000    0.2100    0.4400
    0.2000    0.0000    0.0000    0.0000    0.0100    0.7900
    0.5000    0.0000    0.0000    0.0000    0.3000    0.2000
    0.5300    0.0600    0.0000    0.0000    0.3200    0.0900
    0.5300    0.0000    0.0000    0.0000    0.3300    0.1400
    0.4200    0.0000    0.0000    0.0000    0.2700    0.3100

 Final output data matrix:
        f1        f2        f3
 -477.3645   -1.2974-78049.1925
 -454.7535   -1.3662-68112.8155
 -279.9044   -2.1133-51731.0693
 -469.5247   -1.7578-77876.9026
 -440.0426   -1.9634-76654.9118
 -365.6047   -1.2303-62118.0243
 -410.9856   -1.1190-66049.6554
 -136.1656   -0.8962-22268.5639
 -369.0088   -1.3142-61644.3643
 -533.9811   -0.8968-68784.7611
 -442.6768   -0.7257-59416.2131
 -507.4257   -0.9822-66650.9629
 -443.6008   -1.1184-65323.0907
 -489.5899   -1.3294-72483.9913
 -359.3333   -1.7335-60280.1487
 -485.2462   -0.8865-66192.4108
 -228.9585   -0.7284-49588.2084
 -435.6576   -1.1748-60782.1527
 -368.0328   -0.0378-29839.9581
 -558.3333   -1.0147-72324.3305
 -545.1107   -1.0090-76481.1353
 -595.9865   -1.0313-80252.0073
 -577.5167   -1.0272-78299.5278
 -603.0115   -1.0486-79494.8772
 -536.4679   -1.3385-83057.1828
 -380.6202   -1.5761-63939.3838
 -487.9964   -1.6929-74452.7693
 -492.2164   -2.0354-77476.1977
 -483.0457   -1.7036-74331.8675
 -461.0062   -1.5331-68683.9650
 -428.6732   -1.9582-73565.0149
 -420.3458   -1.7501-70958.0370
 -185.7397   -1.9998-39188.2443
 -307.5914   -2.9333-68673.8814
 -248.0791   -0.3369-41639.4837
 -330.4220   -1.6093-58954.7196
 -261.1897   -2.5356-54113.5267
 -374.3907   -2.1313-72005.0906
 -442.1932   -1.6426-73645.0393
 -325.5454   -2.2577-65492.6760
 -407.4563   -1.7142-79298.8675
 -280.7768   -2.0890-55835.4428
 -345.4445   -2.2639-66935.4850
 -337.8766   -1.7123-65225.4544
 -380.5099   -0.6146-47362.4095
 -423.7886   -1.3121-68132.9194
 -412.9137   -0.7221-59055.9302
 -389.7163   -1.2975-60315.7332
 -243.9299   -1.5816-43427.1956
 -418.8166   -1.1219-61444.5239
 -463.1094   -1.4660-81856.9346
 -260.4919   -1.9421-59060.6871
 -461.1271   -1.5697-75813.0466
 -434.9195   -1.9723-80545.7853
 -411.2741   -1.7072-85333.3874
 -593.8157   -1.0758-82484.6477
 -331.6431   -1.2261-62332.4475
 -461.8788   -1.5726-80820.6379
 -386.3988   -1.9098-76223.9832
 -458.6168   -1.3865-78606.8274
 -386.1546   -1.7969-73308.3934
 -420.6757   -1.8963-83069.8760
 -256.3444   -2.2542-53258.3199
 -343.7864   -1.8975-72697.8828
 -317.0968   -1.9236-66141.3310
 -405.5608   -1.9380-81223.2023
 -579.2708   -1.0437-87100.5169
 -297.2664   -2.2664-61771.9743
 -230.0024   -1.7750-53153.7094
 -296.3126   -0.8946-60049.3899
 -625.1337   -1.1253-94708.7918
 -559.4404   -1.5604-98460.5528
 -350.2734   -2.6724-74202.1381
 -483.8073   -1.5770-91455.1658
 -333.6048   -1.8340-67470.0844
 -401.3639   -1.5176-75081.6898
 -339.8147   -1.1731-68370.6235
 -619.8270   -1.3159-92324.8900
 -456.6095   -1.0320-73399.8497
 -527.1160   -1.2052-80673.3135
 -182.0132   -2.1459-33836.3245
 -299.4935   -1.9115-62779.5207
 -342.4831   -1.8084-73190.6083
 -292.5484   -2.1003-64376.6034
 -284.1961   -2.0337-60695.8700
 -418.6794   -1.5121-75788.0791
 -272.5130   -1.9527-60034.6655
 -324.9663   -1.9969-65021.8788
 -361.4059   -2.0913-69395.5054
 -310.1195   -1.9192-61302.0228
 -321.0298   -2.0199-62665.9535
 -408.2643   -1.5818-76317.7672
 -398.2560   -1.9114-74552.8783
 -437.9660   -1.8110-79745.2693
 -402.9772   -1.8842-75747.1961
 -367.7646   -1.7661-65605.9795
 -392.9406   -1.8913-69484.2021
 -317.1051   -2.1952-63761.7220
 -355.6015   -1.8014-64450.3268
 -438.2688   -2.1205-87348.6010
 -334.7339   -2.0407-65124.3183
 -514.0293   -1.5443-93643.6527
 -526.1093   -1.9176-98663.7705
 -555.0826   -1.4101-91162.3449
 -653.9760   -1.1215-96005.8355
 -613.3157   -1.3545-102903.8092
 -574.5688   -1.4762-99854.6710
 -596.1996   -1.5851-97568.0584
 -673.8733   -1.3085-96609.9429
 -570.9253   -1.5720-97057.6408
 -453.6160   -1.8559-85374.7271
 -512.3685   -1.7799-93175.9066
 -384.8236   -1.8510-77997.5467
 -536.0149   -1.7113-96497.9814
 -289.9712   -1.9717-66399.4183
 -668.4070   -1.1403-104438.0192
 -702.7257   -0.8002-100639.9684
 -690.0583   -0.9551-103268.6925
 -614.5330   -1.4188-102064.3039

 Input data matrix of corresponding Pareto front:
        x1        x2        x3        x4        x5        x6
    0.0000    0.3900    0.1300    0.0700    0.0300    0.3800
    0.0000    0.0000    0.0000    0.0000    0.0000    1.0000
    0.0100    0.3900    0.0000    0.0200    0.0100    0.5700
    0.5100    0.0100    0.0700    0.0200    0.1100    0.2800
    0.0000    0.0000    0.0000    0.0200    0.0000    0.9800
    0.3700    0.4700    0.1000    0.0000    0.0600    0.0000
    0.3500    0.0000    0.0000    0.0100    0.0000    0.6400
    0.3900    0.0000    0.0000    0.0200    0.0100    0.5800
    0.3400    0.1400    0.0000    0.0000    0.1300    0.3900
    0.3300    0.1200    0.0000    0.0000    0.1300    0.4200
    0.3900    0.0000    0.0000    0.0000    0.2200    0.3900
    0.3900    0.3100    0.0000    0.0000    0.2200    0.0800
    0.3500    0.0000    0.0000    0.0000    0.2100    0.4400

 Output data matrix of corresponding Pareto front:
        f1        f2        f3
 -492.2164   -2.0354-77476.1977
 -307.5914   -2.9333-68673.8814
 -374.3907   -2.1313-72005.0906
 -559.4404   -1.5604-98460.5528
 -350.2734   -2.6724-74202.1381
 -619.8270   -1.3159-92324.8900
 -438.2688   -2.1205-87348.6010
 -526.1093   -1.9176-98663.7705
 -613.3157   -1.3545-102903.8092
 -574.5688   -1.4762-99854.6710
 -596.1996   -1.5851-97568.0584
 -673.8733   -1.3085-96609.9429
 -536.0149   -1.7113-96497.9814

 Input data matrix of Pareto front of final Gaussian process model:
        x1        x2        x3        x4        x5        x6
    0.0394    0.0013    0.0000    0.0020    0.0013    0.9560
    0.4674    0.2035    0.0001    0.0029    0.3260    0.0000
    0.5002    0.1372    0.0001    0.0001    0.3459    0.0164
    0.5032    0.0108    0.0000    0.0000    0.3474    0.1386
    0.0023    0.0019    0.0002    0.0021    0.0006    0.9927
    0.2991    0.0432    0.0000    0.0023    0.0003    0.6551
    0.4216    0.0012    0.0001    0.0012    0.1930    0.3828
    0.3569    0.0012    0.0001    0.0032    0.1719    0.4667
    0.4172    0.0028    0.0000    0.0000    0.1807    0.3994
    0.1503    0.0380    0.0000    0.0004    0.0003    0.8110
    0.3966    0.0008    0.0000    0.0005    0.1902    0.4118
    0.0151    0.0000    0.0001    0.0010    0.0000    0.9837
    0.1560    0.1516    0.0000    0.0023    0.0011    0.6889
    0.4195    0.0018    0.0001    0.0221    0.0448    0.5116
    0.3627    0.0011    0.0000    0.0031    0.0003    0.6327
    0.3677    0.0125    0.0000    0.0018    0.0027    0.6152
    0.4119    0.0027    0.0000    0.0010    0.1501    0.4342
    0.2348    0.1370    0.0000    0.0011    0.0001    0.6269
    0.1841    0.1349    0.0000    0.0028    0.0019    0.6762
    0.1529    0.0046    0.0000    0.0018    0.0015    0.8391
    0.0123    0.1579    0.1453    0.0016    0.0032    0.5344
    0.4752    0.0147    0.0000    0.0001    0.2983    0.2117
    0.0700    0.0015    0.0000    0.0004    0.0004    0.9277
    0.4136    0.0009    0.0000    0.0014    0.1161    0.4681
    0.0506    0.0012    0.0000    0.0020    0.0004    0.9459
    0.3710    0.0007    0.0001    0.0019    0.0968    0.5295
    0.3416    0.0019    0.0000    0.0554    0.0000    0.6010
    0.1313    0.0012    0.0000    0.0035    0.0003    0.8637
    0.1864    0.1048    0.0000    0.0008    0.0013    0.7066
    0.3600    0.0006    0.0001    0.0018    0.0939    0.5435
    0.3936    0.0000    0.0000    0.0012    0.0000    0.6051
    0.1910    0.1079    0.0000    0.0007    0.0011    0.6992
    0.4484    0.0033    0.0000    0.0001    0.2950    0.2531
    0.4267    0.0023    0.0000    0.0022    0.2648    0.3038
    0.4101    0.0014    0.0001    0.0014    0.1350    0.4520
    0.3855    0.0008    0.0001    0.0046    0.1318    0.4772
    0.1748    0.1178    0.0000    0.0000    0.0013    0.7060
    0.3713    0.0008    0.0000    0.0004    0.1099    0.5175
    0.4770    0.2446    0.0000    0.0000    0.2293    0.0490
    0.4593    0.0277    0.0000    0.0000    0.2860    0.2270
    0.4725    0.0011    0.0000    0.0000    0.2929    0.2335
    0.2732    0.0764    0.0000    0.0017    0.0027    0.6458
    0.4427    0.0002    0.0000    0.0040    0.2705    0.2826
    0.0230    0.0015    0.0000    0.0004    0.0004    0.9746
    0.3940    0.3708    0.0001    0.0002    0.1898    0.0451
    0.2300    0.1297    0.0000    0.0031    0.0017    0.6355
    0.3995    0.0016    0.0000    0.0033    0.1670    0.4286
    0.4427    0.0013    0.0000    0.0016    0.1999    0.3544
    0.3837    0.0012    0.0001    0.0061    0.1411    0.4678
    0.4104    0.0013    0.0001    0.0018    0.1016    0.4846
    0.4313    0.2988    0.0001    0.0000    0.2255    0.0443
    0.4178    0.0007    0.0001    0.0062    0.0340    0.5411
    0.2800    0.0738    0.0000    0.0017    0.0025    0.6419
    0.4518    0.0153    0.0000    0.0013    0.3109    0.2206
    0.1032    0.0015    0.0000    0.0010    0.0004    0.8939
    0.1499    0.0013    0.0001    0.0004    0.0003    0.8480
    0.3932    0.0013    0.0001    0.0017    0.0973    0.5063
    0.0128    0.1712    0.1398    0.0034    0.0046    0.5283
    0.4126    0.3291    0.0001    0.0000    0.2158    0.0424
    0.0160    0.0366    0.1616    0.0021    0.0027    0.6195
    0.3914    0.0012    0.0000    0.0070    0.1068    0.4935
    0.0743    0.0032    0.0000    0.0032    0.0000    0.9192
    0.4129    0.0010    0.0000    0.0025    0.1916    0.3920
    0.0619    0.0010    0.0000    0.0003    0.0004    0.9365
    0.4219    0.0014    0.0001    0.0014    0.0381    0.5370
    0.1893    0.1387    0.0000    0.0021    0.0019    0.6679
    0.4030    0.0012    0.0001    0.0060    0.1372    0.4525
    0.3598    0.0023    0.0000    0.0552    0.0003    0.5824
    0.3823    0.2867    0.0001    0.0027    0.2257    0.1024
    0.4366    0.0031    0.0001    0.0007    0.2367    0.3228
    0.2186    0.1132    0.0000    0.0026    0.0004    0.6652
    0.4620    0.0010    0.0001    0.0010    0.1698    0.3661
    0.4261    0.0027    0.0001    0.0022    0.2037    0.3653
    0.0300    0.0000    0.0001    0.0012    0.0000    0.9686
    0.2525    0.0949    0.0000    0.0025    0.0017    0.6483
    0.1241    0.0000    0.0000    0.0025    0.0007    0.8727
    0.4186    0.0020    0.0000    0.0017    0.1602    0.4174
    0.1262    0.0068    0.0001    0.0021    0.0009    0.8639
    0.2686    0.0610    0.0000    0.0025    0.0005    0.6675
    0.4823    0.0026    0.0000    0.0020    0.3428    0.1703
    0.0822    0.0011    0.0000    0.0004    0.0003    0.9159
    0.4226    0.0007    0.0000    0.0021    0.0271    0.5473
    0.4010    0.0013    0.0000    0.0015    0.1531    0.4430
    0.2936    0.0833    0.0000    0.0024    0.0000    0.6207
    0.4371    0.3078    0.0000    0.0000    0.2101    0.0449
    0.3851    0.0007    0.0000    0.0010    0.1847    0.4284
    0.4359    0.0004    0.0000    0.0021    0.2963    0.2653
    0.1180    0.0035    0.0000    0.0014    0.0012    0.8758
    0.3880    0.3095    0.0001    0.0001    0.2029    0.0994
    0.0223    0.2200    0.1498    0.0017    0.0033    0.4531
    0.1957    0.1307    0.0000    0.0025    0.0020    0.6690
    0.3943    0.0008    0.0000    0.0004    0.1100    0.4945
    0.0149    0.0816    0.1506    0.0000    0.0025    0.5998
    0.1996    0.1302    0.0000    0.0027    0.0018    0.6656
    0.1463    0.0014    0.0000    0.0029    0.0004    0.8489
    0.3880    0.0022    0.0001    0.0612    0.0000    0.5486
    0.4511    0.0014    0.0000    0.0022    0.2708    0.2745
    0.4024    0.0017    0.0000    0.0016    0.0952    0.4991
    0.3711    0.0013    0.0001    0.0237    0.0907    0.5131
    0.3755    0.0007    0.0001    0.0042    0.0477    0.5717
    0.2984    0.0329    0.0001    0.0349    0.0037    0.6299
    0.4255    0.0018    0.0000    0.0038    0.0000    0.5690
    0.4152    0.0025    0.0000    0.0028    0.2617    0.3177
    0.4071    0.0031    0.0000    0.0018    0.0182    0.5697
    0.3045    0.0049    0.0000    0.0858    0.0000    0.6048
    0.4773    0.2323    0.0002    0.0000    0.2751    0.0148
    0.4266    0.0018    0.0001    0.0145    0.0357    0.5212
    0.2110    0.1461    0.0000    0.0011    0.0001    0.6416
    0.3927    0.0017    0.0000    0.0039    0.0875    0.5141
    0.0915    0.0013    0.0000    0.0005    0.0004    0.9064
    0.4401    0.0009    0.0001    0.0006    0.1887    0.3694
    0.4591    0.1649    0.0001    0.0001    0.2987    0.0770
    0.3298    0.0008    0.0000    0.0706    0.0004    0.5984
    0.4412    0.0008    0.0000    0.0023    0.2054    0.3504
    0.3777    0.0013    0.0000    0.0026    0.0960    0.5223
    0.1766    0.1214    0.0000    0.0026    0.0013    0.6980
    0.2169    0.1015    0.0000    0.0026    0.0017    0.6772
    0.4576    0.1578    0.0001    0.0001    0.3508    0.0335
    0.1510    0.1467    0.0000    0.0023    0.0011    0.6989
    0.4441    0.0031    0.0001    0.0007    0.2626    0.2893
    0.4872    0.1202    0.0000    0.0001    0.3353    0.0571
    0.4295    0.0015    0.0001    0.0232    0.0077    0.5378
    0.1072    0.0016    0.0000    0.0011    0.0004    0.8898
    0.4348    0.2705    0.0001    0.0024    0.2450    0.0472
    0.1585    0.1144    0.0000    0.0034    0.0012    0.7225
    0.4199    0.2417    0.0000    0.0001    0.2286    0.1095
    0.3753    0.0012    0.0001    0.0030    0.1377    0.4826
    0.0981    0.0014    0.0000    0.0005    0.0004    0.8996
    0.3694    0.2979    0.0001    0.0016    0.2249    0.1061
    0.4597    0.0002    0.0000    0.0042    0.2670    0.2689
    0.4014    0.0018    0.0000    0.0005    0.0003    0.5961
    0.3992    0.2748    0.0000    0.0006    0.2126    0.1127
    0.2015    0.1316    0.0000    0.0027    0.0045    0.6596
    0.4021    0.0009    0.0000    0.0014    0.1117    0.4838
    0.2758    0.0568    0.0000    0.0013    0.0007    0.6654
    0.4070    0.0010    0.0000    0.0015    0.1939    0.3967
    0.4537    0.0150    0.0000    0.0000    0.2873    0.2440
    0.1086    0.0009    0.0000    0.0052    0.0004    0.8849
    0.4490    0.0019    0.0000    0.0010    0.2552    0.2928
    0.3366    0.0000    0.0000    0.0399    0.0000    0.6235
    0.4914    0.1588    0.0001    0.0001    0.3337    0.0158
    0.0130    0.1941    0.1475    0.0000    0.0047    0.4931
    0.0547    0.0010    0.0000    0.0038    0.0003    0.9402
    0.4027    0.0007    0.0000    0.0011    0.1474    0.4481
    0.5144    0.0096    0.0000    0.0066    0.3552    0.1140
    0.4270    0.0032    0.0001    0.0019    0.0196    0.5481
    0.3269    0.0008    0.0000    0.0450    0.0004    0.6269
    0.4172    0.0008    0.0000    0.0023    0.2292    0.3505
    0.1134    0.0020    0.0000    0.0018    0.0003    0.8824
    0.4567    0.2215    0.0001    0.0000    0.2667    0.0549
    0.4509    0.1592    0.0001    0.0001    0.3183    0.0713
    0.4150    0.0013    0.0000    0.0022    0.2511    0.3303
    0.4619    0.2206    0.0001    0.0000    0.3032    0.0141
    0.0116    0.2005    0.1365    0.0017    0.0004    0.5129
    0.4083    0.0051    0.0001    0.0006    0.2763    0.3095
    0.4290    0.0015    0.0000    0.0031    0.1588    0.4075
    0.4445    0.1256    0.0000    0.0002    0.2523    0.1773
    0.0145    0.0793    0.1463    0.0027    0.0024    0.6084
    0.4045    0.0023    0.0000    0.0027    0.0009    0.5896
    0.0359    0.0013    0.0000    0.0008    0.0004    0.9616
    0.0957    0.0013    0.0000    0.0007    0.0010    0.9013
    0.0127    0.2204    0.1501    0.0004    0.0025    0.4638
    0.3223    0.0534    0.0000    0.0000    0.0000    0.6243
    0.4953    0.1299    0.0002    0.0000    0.2532    0.1212
    0.4241    0.0035    0.0001    0.0016    0.2018    0.3689
    0.0135    0.1214    0.1520    0.0051    0.0044    0.5516
    0.4714    0.2519    0.0001    0.0000    0.2080    0.0686
    0.0134    0.2005    0.1414    0.0003    0.0049    0.4983
    0.4261    0.0015    0.0000    0.0031    0.1596    0.4096
    0.5106    0.0110    0.0000    0.0001    0.3525    0.1258
    0.1587    0.0013    0.0000    0.0004    0.0003    0.8392
    0.4069    0.0012    0.0001    0.0044    0.1428    0.4445
    0.0127    0.2200    0.1498    0.0017    0.0033    0.4628
    0.4318    0.0024    0.0000    0.0023    0.2510    0.3124
    0.2253    0.1335    0.0000    0.0000    0.0014    0.6398
    0.0811    0.0149    0.0000    0.0007    0.0003    0.9030
    0.2284    0.1060    0.0000    0.0025    0.0004    0.6628
    0.4513    0.0149    0.0000    0.0000    0.2911    0.2427
    0.2671    0.0747    0.0001    0.0017    0.0026    0.6537
    0.4002    0.0007    0.0000    0.0011    0.1527    0.4453
    0.3891    0.0018    0.0000    0.0514    0.0000    0.5576
    0.4297    0.0004    0.0000    0.0022    0.2354    0.3324
    0.1372    0.0013    0.0000    0.0022    0.0004    0.8589
    0.0125    0.1804    0.1427    0.0037    0.0045    0.5135
    0.3901    0.0016    0.0000    0.0016    0.1227    0.4839
    0.1131    0.0105    0.0001    0.0021    0.0009    0.8733
    0.4307    0.0057    0.0000    0.0022    0.2193    0.3421
    0.4306    0.0009    0.0001    0.0023    0.2300    0.3361
    0.0606    0.2038    0.1451    0.0018    0.0047    0.4390
    0.4585    0.0026    0.0001    0.0021    0.1978    0.3389
    0.0140    0.0795    0.1607    0.0041    0.0030    0.5781
    0.0413    0.2034    0.1385    0.0015    0.0031    0.4738
    0.3980    0.0013    0.0001    0.0017    0.0966    0.5022
    0.0871    0.0024    0.0000    0.0018    0.0000    0.9087
    0.1372    0.0013    0.0000    0.0022    0.0004    0.8589
    0.4283    0.0009    0.0001    0.0026    0.2287    0.3394
    0.3220    0.0310    0.0000    0.0016    0.0016    0.6438
    0.2761    0.0752    0.0000    0.0109    0.0000    0.6378
    0.3885    0.2236    0.0000    0.0000    0.2773    0.1106
    0.3105    0.0640    0.0000    0.0019    0.0000    0.6237

 Output data matrix of Pareto front of final Gaussian process model:
        f1        f2        f3
 -290.8171   -2.6037-61339.4629
 -699.1701   -0.7472-97653.0981
 -693.9016   -0.7023-98392.1082
 -666.6129   -0.9453-100273.7836
 -286.8895   -2.7517-61584.0060
 -387.1693   -1.9763-80980.6915
 -561.3019   -1.5817-98140.5161
 -508.4645   -1.7297-92412.9271
 -551.0152   -1.6155-97218.0687
 -319.7639   -2.1773-66955.5377
 -545.0107   -1.6346-96593.1759
 -288.0570   -2.7129-61611.1505
 -337.6920   -2.0922-71644.0043
 -462.1377   -1.8485-87829.3641
 -409.2647   -1.9461-84190.3818
 -414.8346   -1.9384-84656.5753
 -527.1276   -1.6887-94690.3833
 -372.1629   -2.0046-78218.7616
 -347.7488   -2.0617-73806.3409
 -318.0685   -2.1965-66182.7515
 -345.8039   -2.1733-67811.1544
 -647.2188   -1.1570-99767.0270
 -295.7841   -2.4912-61643.0923
 -503.2914   -1.7560-92080.4114
 -292.4033   -2.5631-61402.3142
 -467.5417   -1.8375-88747.3037
 -408.3020   -1.9509-83693.7975
 -310.9206   -2.2632-64421.4075
 -343.1907   -2.0738-72800.5399
 -459.4144   -1.8516-88096.8993
 -421.5054   -1.9322-85397.2473
 -345.7076   -2.0672-73356.4398
 -631.7281   -1.2649-99717.8263
 -607.3866   -1.3918-99920.6309
 -515.0218   -1.7240-93349.8246
 -500.0258   -1.7627-91676.8873
 -340.0300   -2.0849-72120.5352
 -475.9469   -1.8191-89442.4377
 -680.6298   -0.9274-96756.0931
 -641.4519   -1.1937-99572.7821
 -639.3091   -1.2205-99777.1643
 -381.2535   -1.9865-79922.4543
 -617.9417   -1.3450-99887.5765
 -288.9423   -2.6795-61513.2314
 -658.8991   -1.0757-92828.7590
 -369.2358   -2.0100-77785.2326
 -532.2432   -1.6734-95223.8257
 -576.5571   -1.5247-99079.6456
 -505.8585   -1.7460-92266.0248
 -491.7388   -1.7844-90871.2808
 -678.3626   -0.9846-95761.9534
 -450.8837   -1.8764-87265.4182
 -384.1603   -1.9816-80372.7268
 -644.0286   -1.1734-99544.0345
 -303.1412   -2.3641-62717.9222
 -316.5383   -2.2158-65763.5335
 -480.0516   -1.8125-89785.7646
 -345.9913   -2.1604-68100.2918
 -672.5477   -1.0184-94738.3140
 -325.0973   -2.2405-63924.6463
 -487.0085   -1.7954-90375.0122
 -296.5751   -2.4621-61670.6201
 -556.0118   -1.5997-97679.6202
 -294.2988   -2.5249-61538.1127
 -454.1997   -1.8689-87541.8447
 -350.8267   -2.0542-74426.4763
 -514.0857   -1.7256-93211.3209
 -417.1973   -1.9402-84409.4765
 -655.8386   -1.1013-95200.3634
 -597.0301   -1.4434-99900.8196
 -359.7250   -2.0324-76220.5663
 -563.1820   -1.5610-97974.8303
 -571.6121   -1.5430-98857.1754
 -289.5016   -2.6523-61482.1497
 -373.8419   -2.0011-78699.9425
 -308.6844   -2.2894-63882.5378
 -537.7890   -1.6571-95867.1114
 -309.6567   -2.2729-64147.7228
 -375.1876   -1.9971-79015.9468
 -659.4718   -1.0357-100027.6305
 -298.2440   -2.4449-61930.3933
 -447.7350   -1.8830-87066.8346
 -522.9023   -1.7023-94205.3751
 -392.2765   -1.9684-81426.6160
 -674.5311   -1.0007-95223.4560
 -534.4197   -1.6651-95417.7305
 -625.8493   -1.2946-99664.4182
 -307.2335   -2.3055-63550.1141
 -651.7906   -1.1311-94453.6711
 -366.5155   -2.1134-69928.1060
