
 TSEMO log file created on 13-Jan-2020 

 This file shows the initial specifications of TSEMO and logs the output.
 ¯¯¯¯¯¯¯¯¯¯¯¯¯¯¯¯¯¯¯¯¯¯¯¯¯¯¯¯¯¯¯¯¯¯¯¯¯¯¯¯¯¯¯¯¯¯¯¯¯¯¯¯¯¯¯¯¯¯¯¯¯¯¯¯¯¯¯¯¯¯¯¯¯¯¯¯¯¯¯¯¯¯¯¯¯¯¯¯¯¯¯¯¯¯¯¯¯¯¯¯¯¯
 License information 

 BSD 2-Clause License 

 Copyright (c) 2017, Eric Bradford, Artur M. Schweidtmann and Alexei Lapkin
 All rights reserved. 

 Redistribution and use in source and binary forms, with or without
 modification, are permitted provided that the following conditions are met: 

 *Redistributions of source code must retain the above copyright notice, this   
  list of conditions and the following disclaimer. 

 *Redistributions in binary form must reproduce the above copyright notice,   
  this list of conditions and the following disclaimer in the documentation   
  and/or other materials provided with the distribution. 

 Modified by Mina Konakovic Lukovic 2019. 

 ¯¯¯¯¯¯¯¯¯¯¯¯¯¯¯¯¯¯¯¯¯¯¯¯¯¯¯¯¯¯¯¯¯¯¯¯¯¯¯¯¯¯¯¯¯¯¯¯¯¯¯¯¯¯¯¯¯¯¯¯¯¯¯¯¯¯¯¯¯¯¯¯¯¯¯¯¯¯¯¯¯¯¯¯¯¯¯¯¯¯¯¯¯¯¯¯¯¯¯¯¯¯
 Problem specifications 

 Function used:   consta 

 Number of inputs:   6
 Number of outputs:  3 

 Lower bounds of decision variables:
      x1      x2      x3      x4      x5      x6
  0.0000  0.0000  0.0000  0.0000  0.0000  0.0000
 
 Upper bounds of decision variables:
      x1      x2      x3      x4      x5      x6
  1.0000  1.0000  0.5000  1.0000  1.0000  1.0000
 ¯¯¯¯¯¯¯¯¯¯¯¯¯¯¯¯¯¯¯¯¯¯¯¯¯¯¯¯¯¯¯¯¯¯¯¯¯¯¯¯¯¯¯¯¯¯¯¯¯¯¯¯¯¯¯¯¯¯¯¯¯¯¯¯¯¯¯¯¯¯¯¯¯¯¯¯¯¯¯¯¯¯¯¯¯¯¯¯¯¯¯¯¯¯¯¯¯¯¯¯¯¯
 Algorithm options 

 Maximum number of function evaluations:  4
 Sample batch size:                       4
 Number of algorithm iterations:          1 

 Genetic algorithm population size:        200
 Genetic algorithm number of generations:  200 

                                               f1      f2      f3
 Number of spectral sampling points:         4000    4000    4000
 Type of matern function:                       5       5       5
 Direct evaluations per input dimension:      200     200     200
 ¯¯¯¯¯¯¯¯¯¯¯¯¯¯¯¯¯¯¯¯¯¯¯¯¯¯¯¯¯¯¯¯¯¯¯¯¯¯¯¯¯¯¯¯¯¯¯¯¯¯¯¯¯¯¯¯¯¯¯¯¯¯¯¯¯¯¯¯¯¯¯¯¯¯¯¯¯¯¯¯¯¯¯¯¯¯¯¯¯¯¯¯¯¯¯¯¯¯¯¯¯¯
 Initial data set 

 Number of initial data points:  53 

 Initial input data matrix:
      x1      x2      x3      x4      x5      x6
  0.3200  0.1300  0.0500  0.2100  0.0400  0.2500
  0.0000  0.1800  0.2100  0.2800  0.2000  0.1300
  0.0000  0.0200  0.3800  0.0400  0.2900  0.2700
  0.1900  0.3000  0.1000  0.0600  0.0700  0.2800
  0.0800  0.1600  0.1400  0.0400  0.1900  0.3900
  0.3400  0.0600  0.2300  0.1600  0.1900  0.0200
  0.1400  0.1000  0.0700  0.2000  0.2700  0.2200
  0.0700  0.0700  0.3200  0.2100  0.0300  0.3000
  0.0200  0.0100  0.2700  0.1300  0.4900  0.0800
  0.0900  0.3200  0.0300  0.1300  0.3700  0.0600
  0.0800  0.2100  0.0200  0.0000  0.6100  0.0800
  0.0900  0.3200  0.0400  0.2100  0.1700  0.1700
  0.1400  0.3000  0.0700  0.1000  0.2500  0.1400
  0.0400  0.1700  0.0700  0.2200  0.2400  0.2600
  0.1700  0.1500  0.2800  0.2900  0.0000  0.1100
  0.1000  0.1400  0.1400  0.2600  0.2700  0.0900
  1.0000  0.0000  0.0000  0.0000  0.0000  0.0000
  0.0000  1.0000  0.0000  0.0000  0.0000  0.0000
  0.0000  0.0000  0.0000  1.0000  0.0000  0.0000
  0.6000  0.4000  0.0000  0.0000  0.0000  0.0000
  0.5500  0.4500  0.0000  0.0000  0.0000  0.0000
  0.5000  0.5000  0.0000  0.0000  0.0000  0.0000
  0.4500  0.5500  0.0000  0.0000  0.0000  0.0000
  0.4000  0.6000  0.0000  0.0000  0.0000  0.0000
  0.2700  0.4400  0.0900  0.0400  0.0800  0.0800
  0.0400  0.1900  0.3600  0.2000  0.1200  0.0900
  0.0000  0.5900  0.0000  0.0800  0.0800  0.2500
  0.0000  0.3900  0.1300  0.0700  0.0300  0.3800
  0.0100  0.5100  0.0000  0.1000  0.0200  0.3600
  0.0100  0.6200  0.0100  0.0300  0.1000  0.2300
  0.0600  0.3000  0.4100  0.0100  0.0100  0.2100
  0.0800  0.3200  0.5000  0.0700  0.0200  0.0100
  0.1500  0.2800  0.2500  0.0100  0.0600  0.2500
  0.0000  0.0000  0.0000  0.0000  0.0000  1.0000
  0.0000  0.0000  0.0000  0.0000  1.0000  0.0000
  0.0200  0.1100  0.0000  0.5000  0.0300  0.3400
  0.0100  0.1900  0.0000  0.0000  0.0000  0.8000
  0.0100  0.3900  0.0000  0.0200  0.0100  0.5700
  0.1800  0.1200  0.0000  0.3600  0.0000  0.3400
  0.0100  0.0000  0.1300  0.2500  0.0000  0.6100
  0.3200  0.0000  0.1200  0.0100  0.0000  0.5500
  0.0100  0.1500  0.1000  0.2100  0.0000  0.5300
  0.0100  0.0000  0.1500  0.2500  0.0000  0.5900
  0.1500  0.4500  0.0400  0.0300  0.0100  0.3200
  0.0500  0.3200  0.0000  0.5700  0.0600  0.0000
  0.3100  0.5200  0.0000  0.0800  0.0200  0.0700
  0.1500  0.0400  0.1300  0.6700  0.0100  0.0000
  0.0000  0.2100  0.2000  0.5800  0.0100  0.0000
  0.0000  0.0100  0.2800  0.6700  0.0100  0.0300
  0.0100  0.2800  0.1100  0.4600  0.1100  0.0300
  0.4900  0.0600  0.0000  0.1400  0.0200  0.2900
  0.1400  0.0000  0.0700  0.0100  0.0100  0.7700
  0.0300  0.5800  0.1800  0.0400  0.1000  0.0700

 Initial output data matrix:
      f1      f2      f3
-477.3645 -1.2974-78049.1925
-454.7535 -1.3662-68112.8155
-279.9044 -2.1133-51731.0693
-469.5247 -1.7578-77876.9026
-440.0426 -1.9634-76654.9118
-365.6047 -1.2303-62118.0243
-410.9856 -1.1190-66049.6554
-136.1656 -0.8962-22268.5639
-369.0088 -1.3142-61644.3643
-533.9811 -0.8968-68784.7611
-442.6768 -0.7257-59416.2131
-507.4257 -0.9822-66650.9629
-443.6008 -1.1184-65323.0907
-489.5899 -1.3294-72483.9913
-359.3333 -1.7335-60280.1487
-485.2462 -0.8865-66192.4108
-228.9585 -0.7284-49588.2084
-435.6576 -1.1748-60782.1527
-368.0328 -0.0378-29839.9581
-558.3333 -1.0147-72324.3305
-545.1107 -1.0090-76481.1353
-595.9865 -1.0313-80252.0073
-577.5167 -1.0272-78299.5278
-603.0115 -1.0486-79494.8772
-536.4679 -1.3385-83057.1828
-380.6202 -1.5761-63939.3838
-487.9964 -1.6929-74452.7693
-492.2164 -2.0354-77476.1977
-483.0457 -1.7036-74331.8675
-461.0062 -1.5331-68683.9650
-428.6732 -1.9582-73565.0149
-420.3458 -1.7501-70958.0370
-185.7397 -1.9998-39188.2443
-307.5914 -2.9333-68673.8814
-248.0791 -0.3750-41639.4837
-330.4220 -1.6093-58954.7196
-261.1897 -2.5356-54113.5267
-374.3907 -2.1313-72005.0906
-442.1932 -1.6426-73645.0393
-325.5454 -2.2577-65492.6760
-407.4563 -1.7142-79298.8675
-280.7768 -2.0890-55835.4428
-345.4445 -2.2639-66935.4850
-337.8766 -1.7123-65225.4544
-380.5099 -0.6100-47362.4095
-423.7886 -1.3121-68132.9194
-412.9137 -0.7221-59055.9302
-389.7163 -1.2975-60315.7332
-243.9299 -1.5816-43427.1956
-418.8166 -1.1219-61444.5239
-463.1094 -1.3900-81856.9346
-260.4919 -1.9421-59060.6871
-461.1271 -1.5697-75813.0466

 ¯¯¯¯¯¯¯¯¯¯¯¯¯¯¯¯¯¯¯¯¯¯¯¯¯¯¯¯¯¯¯¯¯¯¯¯¯¯¯¯¯¯¯¯¯¯¯¯¯¯¯¯¯¯¯¯¯¯¯¯¯¯¯¯¯¯¯¯¯¯¯¯¯¯¯¯¯¯¯¯¯¯¯¯¯¯¯¯¯¯¯¯¯¯¯¯¯¯¯¯¯¯
 Algorithm iteration 1 

 Predicted hypervolume improvement:   10.4523
 Time taken:   54.3724 

 Proposed evaluation point(s): 
      x1      x2      x3      x4      x5      x6
  0.0100  0.4000  0.0000  0.0700  0.2000  0.3200
  0.0400  0.1700  0.0000  0.0000  0.1900  0.6000
  0.1000  0.1900  0.0000  0.1900  0.2000  0.3200
  0.0500  0.1500  0.0000  0.0000  0.1700  0.6300

 Corresponding observation(s): 
      f1      f2      f3
-669.5595 -1.7448-83561.1921
-561.0487 -2.2264-79960.7743
-546.8795 -1.7022-90317.1492
-516.9402 -2.3279-74136.5779

 ¯¯¯¯¯¯¯¯¯¯¯¯¯¯¯¯¯¯¯¯¯¯¯¯¯¯¯¯¯¯¯¯¯¯¯¯¯¯¯¯¯¯¯¯¯¯¯¯¯¯¯¯¯¯¯¯¯¯¯¯¯¯¯¯¯¯¯¯¯¯¯¯¯¯¯¯¯¯¯¯¯¯¯¯¯¯¯¯¯¯¯¯¯¯¯¯¯¯¯¯¯¯
 Final algorithm output 

 Final input data matrix:
        x1        x2        x3        x4        x5        x6
    0.3200    0.1300    0.0500    0.2100    0.0400    0.2500
    0.0000    0.1800    0.2100    0.2800    0.2000    0.1300
    0.0000    0.0200    0.3800    0.0400    0.2900    0.2700
    0.1900    0.3000    0.1000    0.0600    0.0700    0.2800
    0.0800    0.1600    0.1400    0.0400    0.1900    0.3900
    0.3400    0.0600    0.2300    0.1600    0.1900    0.0200
    0.1400    0.1000    0.0700    0.2000    0.2700    0.2200
    0.0700    0.0700    0.3200    0.2100    0.0300    0.3000
    0.0200    0.0100    0.2700    0.1300    0.4900    0.0800
    0.0900    0.3200    0.0300    0.1300    0.3700    0.0600
    0.0800    0.2100    0.0200    0.0000    0.6100    0.0800
    0.0900    0.3200    0.0400    0.2100    0.1700    0.1700
    0.1400    0.3000    0.0700    0.1000    0.2500    0.1400
    0.0400    0.1700    0.0700    0.2200    0.2400    0.2600
    0.1700    0.1500    0.2800    0.2900    0.0000    0.1100
    0.1000    0.1400    0.1400    0.2600    0.2700    0.0900
    1.0000    0.0000    0.0000    0.0000    0.0000    0.0000
    0.0000    1.0000    0.0000    0.0000    0.0000    0.0000
    0.0000    0.0000    0.0000    1.0000    0.0000    0.0000
    0.6000    0.4000    0.0000    0.0000    0.0000    0.0000
    0.5500    0.4500    0.0000    0.0000    0.0000    0.0000
    0.5000    0.5000    0.0000    0.0000    0.0000    0.0000
    0.4500    0.5500    0.0000    0.0000    0.0000    0.0000
    0.4000    0.6000    0.0000    0.0000    0.0000    0.0000
    0.2700    0.4400    0.0900    0.0400    0.0800    0.0800
    0.0400    0.1900    0.3600    0.2000    0.1200    0.0900
    0.0000    0.5900    0.0000    0.0800    0.0800    0.2500
    0.0000    0.3900    0.1300    0.0700    0.0300    0.3800
    0.0100    0.5100    0.0000    0.1000    0.0200    0.3600
    0.0100    0.6200    0.0100    0.0300    0.1000    0.2300
    0.0600    0.3000    0.4100    0.0100    0.0100    0.2100
    0.0800    0.3200    0.5000    0.0700    0.0200    0.0100
    0.1500    0.2800    0.2500    0.0100    0.0600    0.2500
    0.0000    0.0000    0.0000    0.0000    0.0000    1.0000
    0.0000    0.0000    0.0000    0.0000    1.0000    0.0000
    0.0200    0.1100    0.0000    0.5000    0.0300    0.3400
    0.0100    0.1900    0.0000    0.0000    0.0000    0.8000
    0.0100    0.3900    0.0000    0.0200    0.0100    0.5700
    0.1800    0.1200    0.0000    0.3600    0.0000    0.3400
    0.0100    0.0000    0.1300    0.2500    0.0000    0.6100
    0.3200    0.0000    0.1200    0.0100    0.0000    0.5500
    0.0100    0.1500    0.1000    0.2100    0.0000    0.5300
    0.0100    0.0000    0.1500    0.2500    0.0000    0.5900
    0.1500    0.4500    0.0400    0.0300    0.0100    0.3200
    0.0500    0.3200    0.0000    0.5700    0.0600    0.0000
    0.3100    0.5200    0.0000    0.0800    0.0200    0.0700
    0.1500    0.0400    0.1300    0.6700    0.0100    0.0000
    0.0000    0.2100    0.2000    0.5800    0.0100    0.0000
    0.0000    0.0100    0.2800    0.6700    0.0100    0.0300
    0.0100    0.2800    0.1100    0.4600    0.1100    0.0300
    0.4900    0.0600    0.0000    0.1400    0.0200    0.2900
    0.1400    0.0000    0.0700    0.0100    0.0100    0.7700
    0.0300    0.5800    0.1800    0.0400    0.1000    0.0700
    0.0100    0.4000    0.0000    0.0700    0.2000    0.3200
    0.0400    0.1700    0.0000    0.0000    0.1900    0.6000
    0.1000    0.1900    0.0000    0.1900    0.2000    0.3200
    0.0500    0.1500    0.0000    0.0000    0.1700    0.6300

 Final output data matrix:
        f1        f2        f3
 -477.3645   -1.2974-78049.1925
 -454.7535   -1.3662-68112.8155
 -279.9044   -2.1133-51731.0693
 -469.5247   -1.7578-77876.9026
 -440.0426   -1.9634-76654.9118
 -365.6047   -1.2303-62118.0243
 -410.9856   -1.1190-66049.6554
 -136.1656   -0.8962-22268.5639
 -369.0088   -1.3142-61644.3643
 -533.9811   -0.8968-68784.7611
 -442.6768   -0.7257-59416.2131
 -507.4257   -0.9822-66650.9629
 -443.6008   -1.1184-65323.0907
 -489.5899   -1.3294-72483.9913
 -359.3333   -1.7335-60280.1487
 -485.2462   -0.8865-66192.4108
 -228.9585   -0.7284-49588.2084
 -435.6576   -1.1748-60782.1527
 -368.0328   -0.0378-29839.9581
 -558.3333   -1.0147-72324.3305
 -545.1107   -1.0090-76481.1353
 -595.9865   -1.0313-80252.0073
 -577.5167   -1.0272-78299.5278
 -603.0115   -1.0486-79494.8772
 -536.4679   -1.3385-83057.1828
 -380.6202   -1.5761-63939.3838
 -487.9964   -1.6929-74452.7693
 -492.2164   -2.0354-77476.1977
 -483.0457   -1.7036-74331.8675
 -461.0062   -1.5331-68683.9650
 -428.6732   -1.9582-73565.0149
 -420.3458   -1.7501-70958.0370
 -185.7397   -1.9998-39188.2443
 -307.5914   -2.9333-68673.8814
 -248.0791   -0.3750-41639.4837
 -330.4220   -1.6093-58954.7196
 -261.1897   -2.5356-54113.5267
 -374.3907   -2.1313-72005.0906
 -442.1932   -1.6426-73645.0393
 -325.5454   -2.2577-65492.6760
 -407.4563   -1.7142-79298.8675
 -280.7768   -2.0890-55835.4428
 -345.4445   -2.2639-66935.4850
 -337.8766   -1.7123-65225.4544
 -380.5099   -0.6100-47362.4095
 -423.7886   -1.3121-68132.9194
 -412.9137   -0.7221-59055.9302
 -389.7163   -1.2975-60315.7332
 -243.9299   -1.5816-43427.1956
 -418.8166   -1.1219-61444.5239
 -463.1094   -1.3900-81856.9346
 -260.4919   -1.9421-59060.6871
 -461.1271   -1.5697-75813.0466
 -669.5595   -1.7448-83561.1921
 -561.0487   -2.2264-79960.7743
 -546.8795   -1.7022-90317.1492
 -516.9402   -2.3279-74136.5779

 Input data matrix of corresponding Pareto front:
        x1        x2        x3        x4        x5        x6
    0.1900    0.3000    0.1000    0.0600    0.0700    0.2800
    0.5000    0.5000    0.0000    0.0000    0.0000    0.0000
    0.4000    0.6000    0.0000    0.0000    0.0000    0.0000
    0.2700    0.4400    0.0900    0.0400    0.0800    0.0800
    0.0000    0.3900    0.1300    0.0700    0.0300    0.3800
    0.0000    0.0000    0.0000    0.0000    0.0000    1.0000
    0.0100    0.3900    0.0000    0.0200    0.0100    0.5700
    0.3200    0.0000    0.1200    0.0100    0.0000    0.5500
    0.0100    0.0000    0.1500    0.2500    0.0000    0.5900
    0.4900    0.0600    0.0000    0.1400    0.0200    0.2900

 Output data matrix of corresponding Pareto front:
        f1        f2        f3
 -469.5247   -1.7578-77876.9026
 -595.9865   -1.0313-80252.0073
 -603.0115   -1.0486-79494.8772
 -536.4679   -1.3385-83057.1828
 -492.2164   -2.0354-77476.1977
 -307.5914   -2.9333-68673.8814
 -374.3907   -2.1313-72005.0906
 -407.4563   -1.7142-79298.8675
 -345.4445   -2.2639-66935.4850
 -463.1094   -1.3900-81856.9346

 Input data matrix of Pareto front of final Gaussian process model:
        x1        x2        x3        x4        x5        x6
    0.0000    0.0000    0.0000    0.0000    0.0000    1.0000
    0.0025    0.0139    0.0000    0.0007    0.1975    0.7854
    0.0524    0.2460    0.0001    0.1499    0.2387    0.3129
    0.0009    0.3843    0.0000    0.0000    0.2053    0.4094
    0.0036    0.3098    0.0001    0.1878    0.2032    0.2954
    0.0000    0.0000    0.0000    0.0000    0.0000    1.0000
    0.0275    0.1101    0.0001    0.0180    0.2013    0.6430
    0.0001    0.0003    0.0000    0.0013    0.0775    0.9208
    0.0000    0.0004    0.0000    0.0013    0.1114    0.8869
    0.0000    0.0008    0.0000    0.0007    0.1663    0.8321
    0.0002    0.0011    0.0000    0.0011    0.1516    0.8460
    0.0028    0.2256    0.0000    0.0545    0.2063    0.5108
    0.0000    0.0006    0.0000    0.0011    0.1382    0.8599
    0.0001    0.0000    0.0000    0.0011    0.0808    0.9179
    0.0000    0.0003    0.0000    0.0018    0.0829    0.9150
    0.0000    0.0000    0.0000    0.0013    0.0615    0.9373
    0.0000    0.0002    0.0000    0.0014    0.1017    0.8965
    0.0000    0.0004    0.0000    0.0011    0.1730    0.8256
    0.0000    0.0003    0.0000    0.0012    0.0318    0.9667
    0.0003    0.3231    0.0000    0.0009    0.2006    0.4751
    0.0049    0.1012    0.0001    0.0041    0.2381    0.6516
    0.0000    0.2020    0.0000    0.0107    0.1979    0.5895
    0.0000    0.0003    0.0000    0.0016    0.1076    0.8905
    0.0361    0.0759    0.0000    0.0009    0.2458    0.6413
    0.0000    0.0002    0.0000    0.0014    0.0991    0.8992
    0.0105    0.2752    0.0003    0.1344    0.2212    0.3582
    0.0518    0.2752    0.0000    0.1512    0.1954    0.3264
    0.0001    0.0003    0.0000    0.0011    0.1053    0.8932
    0.0449    0.1242    0.0000    0.0046    0.1382    0.6881
    0.0007    0.2934    0.0000    0.0000    0.2095    0.4963
    0.0000    0.0003    0.0000    0.0011    0.1606    0.8381
    0.0001    0.0003    0.0000    0.0013    0.0493    0.9491
    0.0000    0.0834    0.0001    0.0000    0.3807    0.5358
    0.0000    0.0004    0.0000    0.0011    0.1217    0.8768
    0.0000    0.2586    0.0000    0.0212    0.2030    0.5171
    0.0010    0.0000    0.0000    0.0002    0.0901    0.9087
    0.0793    0.2443    0.0003    0.0856    0.1990    0.3911
    0.0000    0.0003    0.0000    0.0011    0.0414    0.9572
    0.0349    0.2553    0.0001    0.1096    0.2287    0.3712
    0.0001    0.0000    0.0000    0.0013    0.1544    0.8441
    0.0033    0.3293    0.0000    0.1485    0.2043    0.3146
    0.0000    0.0003    0.0000    0.0015    0.0860    0.9122
    0.0049    0.1006    0.0001    0.0041    0.2422    0.6481
    0.0000    0.0002    0.0000    0.0013    0.0723    0.9262
    0.0121    0.3325    0.0000    0.1155    0.2016    0.3383
    0.0349    0.0634    0.0000    0.0019    0.2737    0.6261
    0.0140    0.1142    0.0000    0.0101    0.2210    0.6407
    0.0003    0.3039    0.0000    0.0008    0.2063    0.4887
    0.0296    0.2173    0.0001    0.0206    0.2077    0.5245
    0.0328    0.0942    0.0002    0.0228    0.2669    0.5830
    0.0001    0.0000    0.0001    0.0026    0.1831    0.8140
    0.0000    0.0001    0.0000    0.0013    0.0671    0.9315
    0.0271    0.1349    0.0000    0.0130    0.2112    0.6138
    0.0106    0.2554    0.0001    0.1556    0.2478    0.3304
    0.0783    0.2412    0.0002    0.0845    0.1965    0.3990
    0.0042    0.2051    0.0000    0.0044    0.2195    0.5668
    0.0245    0.0960    0.0000    0.0072    0.2236    0.6486
    0.0323    0.1072    0.0001    0.0102    0.2241    0.6261
    0.0000    0.0016    0.0001    0.0016    0.1789    0.8178
    0.0000    0.2861    0.0001    0.0004    0.2144    0.4988
    0.0000    0.0005    0.0000    0.0013    0.0382    0.9601
    0.0000    0.0002    0.0000    0.0013    0.0601    0.9384
    0.0000    0.0000    0.0000    0.0000    0.1325    0.8675
    0.0001    0.0000    0.0000    0.0013    0.0184    0.9802
    0.0329    0.0846    0.0002    0.0088    0.2111    0.6622
    0.0000    0.0009    0.0000    0.0007    0.1458    0.8525
    0.0039    0.2273    0.0000    0.0277    0.2029    0.5382
    0.0000    0.0002    0.0000    0.0013    0.0723    0.9262
    0.0104    0.1589    0.0000    0.0017    0.2125    0.6164
    0.0039    0.2387    0.0000    0.0275    0.1957    0.5342
    0.0009    0.0000    0.0000    0.0002    0.1287    0.8702
    0.0759    0.1371    0.0002    0.0172    0.1695    0.6000
    0.0075    0.2784    0.0001    0.0516    0.2119    0.4503
    0.0029    0.3020    0.0000    0.0241    0.2099    0.4611
    0.0000    0.2811    0.0001    0.0352    0.2000    0.4835
    0.0909    0.2166    0.0001    0.1214    0.2112    0.3596
    0.0049    0.0800    0.0004    0.0049    0.2869    0.6224
    0.0000    0.0003    0.0000    0.0013    0.0357    0.9627
    0.0000    0.0004    0.0000    0.0012    0.1482    0.8502
    0.0000    0.0886    0.0000    0.0593    0.2551    0.5970
    0.0000    0.0003    0.0000    0.0012    0.1151    0.8833
    0.1092    0.2494    0.0003    0.0951    0.1625    0.3832
    0.0374    0.2828    0.0000    0.1176    0.2052    0.3569
    0.0000    0.0007    0.0000    0.0015    0.1911    0.8066
    0.0000    0.0004    0.0000    0.0019    0.1703    0.8273
    0.0539    0.1142    0.0000    0.0378    0.1261    0.6680
    0.0045    0.2096    0.0002    0.0022    0.2011    0.5823
    0.0305    0.0762    0.0000    0.0080    0.2191    0.6664
    0.0448    0.2358    0.0001    0.1242    0.2156    0.3794
    0.0000    0.2819    0.0001    0.0350    0.2024    0.4806
    0.0287    0.2056    0.0001    0.0091    0.1994    0.5570
    0.0308    0.0684    0.0000    0.0287    0.2114    0.6607
    0.0807    0.2082    0.0001    0.0925    0.2166    0.4019
    0.0000    0.0004    0.0000    0.0012    0.1257    0.8726
    0.0000    0.0003    0.0000    0.0013    0.0554    0.9430
    0.0000    0.0002    0.0000    0.0000    0.0531    0.9467
    0.0027    0.2083    0.0000    0.0092    0.2171    0.5626
    0.0073    0.1513    0.0000    0.0501    0.2138    0.5774
    0.0537    0.2851    0.0001    0.1157    0.2072    0.3381
    0.0000    0.0003    0.0000    0.0013    0.0456    0.9528
    0.0011    0.0007    0.0001    0.0015    0.1963    0.8003
    0.0077    0.3452    0.0001    0.1439    0.2055    0.2976
    0.0232    0.1228    0.0000    0.0068    0.2109    0.6363
    0.0663    0.1070    0.0000    0.0072    0.2325    0.5869
    0.0442    0.1513    0.0002    0.0376    0.2236    0.5429
    0.0000    0.0918    0.0000    0.0034    0.3042    0.6007
    0.0011    0.2191    0.0001    0.1270    0.2166    0.4359
    0.0027    0.2427    0.0003    0.0562    0.2013    0.4964
    0.0019    0.3066    0.0001    0.1440    0.2097    0.3376
    0.0093    0.3037    0.0002    0.1685    0.2018    0.3163
    0.1037    0.2516    0.0001    0.1113    0.1932    0.3400
    0.0029    0.1844    0.0000    0.0537    0.2183    0.5407
    0.0009    0.3881    0.0000    0.0000    0.1981    0.4129
    0.0000    0.0005    0.0000    0.0014    0.0230    0.9751
    0.0009    0.2949    0.0001    0.1743    0.2171    0.3125
    0.0000    0.2944    0.0002    0.1272    0.1997    0.3783
    0.1002    0.2387    0.0001    0.0321    0.2326    0.3962
    0.1144    0.2420    0.0000    0.0467    0.1910    0.4058
    0.0650    0.1048    0.0015    0.0056    0.2469    0.5747
    0.0356    0.0748    0.0000    0.0019    0.2556    0.6321
    0.0877    0.2109    0.0001    0.0684    0.2115    0.4213
    0.0705    0.2241    0.0000    0.1207    0.1989    0.3857
    0.0311    0.0978    0.0002    0.0407    0.1982    0.6319
    0.0337    0.1121    0.0001    0.0099    0.1891    0.6550
    0.0445    0.3197    0.0000    0.1112    0.1991    0.3254
    0.0000    0.0002    0.0000    0.0000    0.0690    0.9308
    0.0121    0.3025    0.0000    0.1157    0.2020    0.3677
    0.0127    0.1117    0.0001    0.0182    0.2046    0.6525
    0.0000    0.0004    0.0000    0.0012    0.1442    0.8541
    0.0027    0.2887    0.0001    0.1286    0.1898    0.3900
    0.0574    0.1073    0.0001    0.0148    0.2074    0.6130
    0.0000    0.0003    0.0000    0.0018    0.0244    0.9735
    0.0007    0.3416    0.0001    0.0006    0.2049    0.4519
    0.0000    0.0891    0.0001    0.0032    0.3352    0.5724
    0.0000    0.2218    0.0002    0.0194    0.2133    0.5450
    0.0000    0.0002    0.0000    0.0012    0.0940    0.9045
    0.0000    0.0009    0.0000    0.0007    0.1424    0.8560
    0.0000    0.0003    0.0000    0.0012    0.0445    0.9540
    0.0204    0.1018    0.0000    0.0166    0.1861    0.6751
    0.0024    0.0251    0.0000    0.0003    0.2051    0.7670
    0.0547    0.2465    0.0007    0.1565    0.2327    0.3083
    0.0000    0.0009    0.0000    0.0007    0.1424    0.8560
    0.0023    0.1871    0.0001    0.0478    0.2059    0.5567
    0.0000    0.0005    0.0000    0.0013    0.0194    0.9788
    0.0018    0.0786    0.0001    0.0021    0.2574    0.6598
    0.0000    0.0002    0.0000    0.0013    0.0967    0.9017
    0.0401    0.0677    0.0000    0.0284    0.2094    0.6544
    0.0787    0.1167    0.0002    0.0386    0.1907    0.5748
    0.0012    0.0976    0.0001    0.0383    0.2347    0.6282
    0.0068    0.1108    0.0000    0.0009    0.1464    0.7351
    0.0134    0.0985    0.0000    0.0037    0.2180    0.6665
    0.0000    0.0003    0.0000    0.0012    0.0322    0.9663
    0.1264    0.2553    0.0001    0.0758    0.1405    0.4018
    0.0536    0.0588    0.0001    0.0008    0.2764    0.6102
    0.0000    0.2121    0.0002    0.0197    0.2160    0.5518
    0.0023    0.0848    0.0000    0.0003    0.1926    0.7201
    0.0000    0.0002    0.0000    0.0013    0.1342    0.8643
    0.0028    0.3006    0.0000    0.0520    0.2017    0.4429
    0.0942    0.2338    0.0001    0.1218    0.2083    0.3417
    0.0000    0.1350    0.0001    0.0033    0.1820    0.6794
    0.0236    0.1564    0.0000    0.0037    0.2093    0.6070
    0.0000    0.0867    0.0001    0.0000    0.3563    0.5569
    0.0257    0.1363    0.0000    0.0076    0.1364    0.6941
    0.0000    0.0004    0.0000    0.0012    0.1257    0.8726
    0.0947    0.2258    0.0001    0.0844    0.2201    0.3748
    0.0516    0.1313    0.0000    0.0067    0.2078    0.6027
    0.0000    0.0010    0.0000    0.0012    0.0958    0.9020
    0.0000    0.0004    0.0000    0.0013    0.0875    0.9108
    0.0054    0.2533    0.0001    0.1468    0.2132    0.3810
    0.0129    0.0000    0.0001    0.0021    0.1933    0.7915
    0.0321    0.1138    0.0001    0.0253    0.2048    0.6238
    0.0038    0.1086    0.0000    0.0049    0.2464    0.6363
    0.0791    0.2278    0.0003    0.1034    0.1987    0.3904
    0.1479    0.2127    0.0001    0.0613    0.1731    0.4048
    0.0000    0.0016    0.0000    0.0015    0.1761    0.8207
    0.0355    0.0598    0.0001    0.0104    0.2055    0.6888
    0.0000    0.0004    0.0000    0.0011    0.1164    0.8821
    0.0006    0.0001    0.0000    0.0018    0.1178    0.8798
    0.0025    0.3716    0.0001    0.0894    0.2024    0.3340
    0.0501    0.1931    0.0001    0.0107    0.1829    0.5631
    0.0000    0.0591    0.0000    0.0021    0.1869    0.7518
    0.0350    0.2269    0.0003    0.1030    0.1979    0.4366
    0.1405    0.2009    0.0000    0.0716    0.1763    0.4107
    0.0000    0.0002    0.0000    0.0013    0.1298    0.8685
    0.0091    0.0998    0.0001    0.0031    0.3279    0.5600
    0.0907    0.2584    0.0001    0.0807    0.2107    0.3593
    0.0507    0.2342    0.0001    0.1482    0.2296    0.3371
    0.0155    0.1362    0.0001    0.0099    0.2055    0.6327
    0.0000    0.0777    0.0000    0.0645    0.1501    0.7077
    0.0919    0.0841    0.0000    0.0089    0.2022    0.6129
    0.1170    0.2339    0.0003    0.0939    0.1888    0.3658
    0.0018    0.0767    0.0001    0.0021    0.2492    0.6700
    0.0000    0.0002    0.0000    0.0012    0.0940    0.9045
    0.0840    0.1240    0.0001    0.0049    0.2306    0.5563
    0.0000    0.0005    0.0000    0.0014    0.0540    0.9441
    0.0001    0.0010    0.0000    0.0068    0.2103    0.7818
    0.0033    0.3431    0.0001    0.1532    0.2043    0.2959
    0.0143    0.1165    0.0000    0.0104    0.2255    0.6333
    0.0564    0.1579    0.0000    0.0010    0.1044    0.6803
    0.0319    0.0391    0.0001    0.0343    0.1549    0.7397

 Output data matrix of Pareto front of final Gaussian process model:
        f1        f2        f3
 -304.2906   -2.9330-68583.1494
 -514.8284   -2.4946-56059.8187
 -550.1020   -1.7112-91560.3162
 -661.7928   -1.8386-75095.4936
 -647.9564   -1.6782-90124.3198
 -304.2906   -2.9330-68583.1494
 -547.2841   -2.3461-72737.2107
 -360.7356   -2.8034-63949.4181
 -397.6589   -2.7171-61139.7613
 -469.3769   -2.5809-57095.5863
 -446.2679   -2.6140-57964.2295
 -613.7451   -2.0100-80571.6521
 -426.7124   -2.6481-58998.2865
 -364.4141   -2.7962-63727.0053
 -366.6864   -2.7893-63472.8795
 -346.0328   -2.8421-65172.1928
 -388.1580   -2.7420-61939.9293
 -480.1145   -2.5660-56763.3805
 -320.3121   -2.8990-66852.1177
 -650.0725   -1.9413-76359.1670
 -513.4176   -2.3604-71308.0498
 -597.5668   -2.2139-79268.2667
 -394.0993   -2.7264-61429.4608
 -486.1429   -2.3370-73555.2375
 -385.3931   -2.7488-62162.2338
 -618.5126   -1.7879-88637.7412
 -608.5359   -1.7487-91101.6376
 -391.8084   -2.7334-61667.8104
 -442.6526   -2.4166-63973.3146
 -640.3696   -1.9820-77978.3119
 -460.1400   -2.5947-57456.8153
 -336.5418   -2.8673-65903.3699
 -492.7596   -2.0342-83101.5354
 -407.4790   -2.6909-60321.8449
 -628.3267   -2.0244-79666.3445
 -375.1323   -2.7730-62998.7887
 -580.7108   -1.8520-85394.7226
 -329.7728   -2.8828-66361.3621
 -584.9914   -1.8157-87568.2011
 -450.4439   -2.6088-57850.3693
 -653.7598   -1.7255-89713.6291
 -370.3511   -2.7822-63251.3112
 -507.1954   -2.3537-71996.9933
 -355.4310   -2.8164-64367.7093
 -651.2687   -1.7684-87830.1788
 -462.5267   -2.2987-76447.5606
 -541.7150   -2.3414-73183.9607
 -645.4126   -1.9669-77401.3013
 -598.2534   -2.0467-81087.1237
 -472.5628   -2.1837-81723.6668
 -495.7822   -2.5412-56313.2163
 -350.7034   -2.8290-64768.3275
 -556.6807   -2.2800-77664.4452
 -551.0938   -1.7372-91293.0524
 -578.6242   -1.8615-84729.9724
 -589.6879   -2.1500-80883.1298
 -527.0987   -2.3553-71911.1621
 -528.4902   -2.3075-76013.2002
 -489.6613   -2.5497-56415.0509
 -633.5539   -1.9871-78330.1531
 -326.6675   -2.8881-66506.4015
 -344.9437   -2.8447-65244.2323
 -419.3440   -2.6669-59626.8460
 -308.0348   -2.9174-67538.9560
 -532.2234   -2.3776-69362.8026
 -437.5675   -2.6297-58441.3023
 -613.0208   -2.0740-80741.4927
 -355.4310   -2.8164-64367.7093
 -572.6023   -2.2874-76777.0760
 -613.0232   -2.0646-80373.0415
 -414.8757   -2.6738-59830.3954
 -499.1365   -2.2427-79541.2292
 -632.6781   -1.9118-79433.4079
 -643.4330   -1.9243-77769.7325
 -636.7170   -1.9590-78528.9312
 -560.5503   -1.7965-89245.1705
 -469.7455   -2.2912-76983.4839
 -324.2717   -2.8925-66643.9838
 -441.0097   -2.6238-58272.8275
 -491.0654   -2.2231-80002.9700
 -401.1367   -2.7078-60857.3287
 -501.6865   -1.8450-86148.1262
 -624.9942   -1.7991-88352.6649
 -506.0285   -2.5264-56178.3730
 -475.8357   -2.5699-56824.3233
 -423.1642   -2.3909-67617.8542
 -602.2157   -2.1941-79706.7627
 -522.8903   -2.3827-68694.5287
 -594.8637   -1.8228-87157.0200
 -638.2872   -1.9542-78501.4793
 -591.4542   -2.1272-81190.2274
 -527.3806   -2.3727-69729.9182
 -558.9972   -1.8567-85115.5817
 -411.5714   -2.6802-59987.6371
 -341.3694   -2.8547-65536.8633
 -339.6238   -2.8623-65800.4074
 -595.1854   -2.1381-80940.9700
 -570.9630   -2.1763-81150.3184
 -614.8667   -1.7770-89812.6320
 -333.5093   -2.8747-66119.6841
 -510.4167   -2.5145-56131.2229
 -655.5400   -1.7029-88854.5939
 -552.3194   -2.3333-73880.9637
 -503.3646   -2.1994-81484.6362
 -544.3726   -2.0825-82348.6895
 -465.7167   -2.2333-80201.1069
 -605.2662   -1.8813-81965.5541
 -620.9627   -1.9826-79903.2853
 -646.6436   -1.7578-89542.5980
 -644.2272   -1.7199-90673.9061
 -562.0506   -1.7815-90322.9873
 -583.7305   -2.0761-81615.8023
 -658.6480   -1.8399-74678.4786
 -311.7115   -2.9110-67265.8849
 -634.8734   -1.7082-90960.7042
 -642.9160   -1.8117-85629.3322
 -531.1793   -1.8694-83914.9498
 -548.5703   -1.8808-83456.6826
 -483.3005   -2.1603-82239.5700
 -475.4261   -2.3161-75293.1614
 -559.5190   -1.8862-83308.2370
 -579.4472   -1.8342-86623.1379
 -540.4247   -2.3202-74865.4309
 -535.8187   -2.3694-70382.1804
 -630.1568   -1.7619-89083.6454
 -352.4077   -2.8271-64744.8607
 -643.3162   -1.8055-86397.5088
 -552.9656   -2.3642-70870.7365
 -435.1984   -2.6335-58563.8420
 -626.1514   -1.8268-84542.1118
 -533.6041   -2.2742-78176.2690
 -313.0460   -2.9091-67181.7985
 -655.9021   -1.9039-75632.1035
 -466.1147   -2.1459-82578.8751
 -607.2052   -2.0904-80870.8848
 -379.7227   -2.7624-62613.9543
 -432.5554   -2.6383-58701.7698
 -332.5695   -2.8768-66183.1594
 -530.5993   -2.3989-66645.8264
 -520.4322   -2.4721-56527.0946
 -562.2430   -1.6937-91432.3348
 -432.5554   -2.6383-58701.7698
 -594.3924   -2.1198-81346.2624
 -308.6345   -2.9158-67457.7495
 -483.7708   -2.3709-70006.7167
 -382.7102   -2.7552-62373.9733
 -524.9914   -2.3617-70939.7870
 -523.4588   -2.1659-81856.6859
 -519.6966   -2.3101-75617.7296
 -452.5039   -2.4563-57690.7855
 -538.3471   -2.3857-68439.6769
 -320.7080   -2.8984-66830.8429
 -456.5652   -1.8741-83922.2335
 -455.5342   -2.2546-79006.1262
 -599.5960   -2.1080-81056.4191
 -535.2194   -2.4398-59689.1127
 -421.4299   -2.6589-59339.0671
 -644.6056   -1.8980-78842.8594
 -566.2461   -1.7743-90563.7703
 -538.8906   -2.4046-65455.2779
 -569.1135   -2.2634-78309.1395
 -483.1019   -2.0973-83084.9929
 -440.3157   -2.4224-62777.5229
 -411.5714   -2.6802-59987.6371
 -551.5745   -1.8294-87294.0169
 -546.0919   -2.2498-79404.6363
 -381.6907   -2.7564-62386.8322
 -372.0755   -2.7787-63134.6442
 -623.3818   -1.8134-86619.3284
 -507.0131   -2.4999-56174.1460
 -547.9112   -2.3032-76226.7176
 -504.1062   -2.3302-74163.2860
 -574.6597   -1.8447-85983.8736
 -498.1403   -1.8712-84377.4083
 -485.3820   -2.5561-56522.9174
 -524.4591   -2.4083-64708.7691
 -402.3325   -2.7047-60751.9021
 -403.6190   -2.6988-60554.1417
 -660.6952   -1.7607-85145.0755
 -553.8931   -2.1454-81329.3278
 -518.2764   -2.4645-56893.3410
 -600.3484   -1.8949-81960.4230
 -503.0757   -1.8728-84212.7834
 -416.1897   -2.6698-59670.2186
 -464.2597   -2.1122-82997.5182
 -575.8942   -1.8168-88017.0658
 -567.0043   -1.7536-91029.9123
 -563.2863   -2.3258-74314.4883
 -453.6334   -2.4306-60950.5676
 -509.5579   -2.2673-78419.3985
 -542.5525   -1.8188-88156.9055
 -491.5556   -2.3862-68082.3486
 -379.7227   -2.7624-62613.9543
 -504.1533   -2.1147-82893.0472
 -340.2383   -2.8571-65600.2576
 -512.5056   -2.4837-56269.9220
 -656.3752   -1.6950-88992.4230
 -536.3845   -2.3254-74561.1606
 -402.6663   -2.4081-64826.0034
 -458.1453   -2.4517-57624.7228

 Final hyperparameter values: 
  Hyperparameter        f1        f2        f3
         lambda1    0.1917    1.2379    6.0901
         lambda2    0.3739    0.9161    0.8591
         lambda3    0.1748    0.1428    0.3131
         lambda4    2.1363    5.0304    0.7332
         lambda5    0.0541    2.3962    5.8082
         lambda6    1.2794    0.3027    0.3307
          sigmaf  104.4402    0.659215730.3799
          sigman   17.7532    0.0089 1232.3088
