
 TSEMO log file created on 06-Mar-2020 

 This file shows the initial specifications of TSEMO and logs the output.
 ¯¯¯¯¯¯¯¯¯¯¯¯¯¯¯¯¯¯¯¯¯¯¯¯¯¯¯¯¯¯¯¯¯¯¯¯¯¯¯¯¯¯¯¯¯¯¯¯¯¯¯¯¯¯¯¯¯¯¯¯¯¯¯¯¯¯¯¯¯¯¯¯¯¯¯¯¯¯¯¯¯¯¯¯¯¯¯¯¯¯¯¯¯¯¯¯¯¯¯¯¯¯
 License information 

 BSD 2-Clause License 

 Copyright (c) 2017, Eric Bradford, Artur M. Schweidtmann and Alexei Lapkin
 All rights reserved. 

 Redistribution and use in source and binary forms, with or without
 modification, are permitted provided that the following conditions are met: 

 *Redistributions of source code must retain the above copyright notice, this   
  list of conditions and the following disclaimer. 

 *Redistributions in binary form must reproduce the above copyright notice,   
  this list of conditions and the following disclaimer in the documentation   
  and/or other materials provided with the distribution. 

 Modified by Mina Konakovic Lukovic 2019. 

 ¯¯¯¯¯¯¯¯¯¯¯¯¯¯¯¯¯¯¯¯¯¯¯¯¯¯¯¯¯¯¯¯¯¯¯¯¯¯¯¯¯¯¯¯¯¯¯¯¯¯¯¯¯¯¯¯¯¯¯¯¯¯¯¯¯¯¯¯¯¯¯¯¯¯¯¯¯¯¯¯¯¯¯¯¯¯¯¯¯¯¯¯¯¯¯¯¯¯¯¯¯¯
 Problem specifications 

 Function used:   consta 

 Number of inputs:   6
 Number of outputs:  3 

 Lower bounds of decision variables:
      x1      x2      x3      x4      x5      x6
  0.0000  0.0000  0.0000  0.0000  0.0000  0.0000
 
 Upper bounds of decision variables:
      x1      x2      x3      x4      x5      x6
  1.0000  1.0000  0.5000  1.0000  1.0000  1.0000
 ¯¯¯¯¯¯¯¯¯¯¯¯¯¯¯¯¯¯¯¯¯¯¯¯¯¯¯¯¯¯¯¯¯¯¯¯¯¯¯¯¯¯¯¯¯¯¯¯¯¯¯¯¯¯¯¯¯¯¯¯¯¯¯¯¯¯¯¯¯¯¯¯¯¯¯¯¯¯¯¯¯¯¯¯¯¯¯¯¯¯¯¯¯¯¯¯¯¯¯¯¯¯
 Algorithm options 

 Maximum number of function evaluations:  4
 Sample batch size:                       4
 Number of algorithm iterations:          1 

 Genetic algorithm population size:        300
 Genetic algorithm number of generations:  300 

                                               f1      f2      f3
 Number of spectral sampling points:         5000    5000    5000
 Type of matern function:                       5       5       5
 Direct evaluations per input dimension:      200     200     200
 ¯¯¯¯¯¯¯¯¯¯¯¯¯¯¯¯¯¯¯¯¯¯¯¯¯¯¯¯¯¯¯¯¯¯¯¯¯¯¯¯¯¯¯¯¯¯¯¯¯¯¯¯¯¯¯¯¯¯¯¯¯¯¯¯¯¯¯¯¯¯¯¯¯¯¯¯¯¯¯¯¯¯¯¯¯¯¯¯¯¯¯¯¯¯¯¯¯¯¯¯¯¯
 Initial data set 

 Number of initial data points:  140 

 Initial input data matrix:
      x1      x2      x3      x4      x5      x6
  0.3200  0.1300  0.0500  0.2100  0.0400  0.2500
  0.0000  0.1800  0.2100  0.2800  0.2000  0.1300
  0.0000  0.0200  0.3800  0.0400  0.2900  0.2700
  0.1900  0.3000  0.1000  0.0600  0.0700  0.2800
  0.0800  0.1600  0.1400  0.0400  0.1900  0.3900
  0.3400  0.0600  0.2300  0.1600  0.1900  0.0200
  0.1400  0.1000  0.0700  0.2000  0.2700  0.2200
  0.0700  0.0700  0.3200  0.2100  0.0300  0.3000
  0.0200  0.0100  0.2700  0.1300  0.4900  0.0800
  0.0900  0.3200  0.0300  0.1300  0.3700  0.0600
  0.0800  0.2100  0.0200  0.0000  0.6100  0.0800
  0.0900  0.3200  0.0400  0.2100  0.1700  0.1700
  0.1400  0.3000  0.0700  0.1000  0.2500  0.1400
  0.0400  0.1700  0.0700  0.2200  0.2400  0.2600
  0.1700  0.1500  0.2800  0.2900  0.0000  0.1100
  0.1000  0.1400  0.1400  0.2600  0.2700  0.0900
  1.0000  0.0000  0.0000  0.0000  0.0000  0.0000
  0.0000  1.0000  0.0000  0.0000  0.0000  0.0000
  0.0000  0.0000  0.0000  1.0000  0.0000  0.0000
  0.6000  0.4000  0.0000  0.0000  0.0000  0.0000
  0.5500  0.4500  0.0000  0.0000  0.0000  0.0000
  0.5000  0.5000  0.0000  0.0000  0.0000  0.0000
  0.4500  0.5500  0.0000  0.0000  0.0000  0.0000
  0.4000  0.6000  0.0000  0.0000  0.0000  0.0000
  0.2700  0.4400  0.0900  0.0400  0.0800  0.0800
  0.0400  0.1900  0.3600  0.2000  0.1200  0.0900
  0.0000  0.5900  0.0000  0.0800  0.0800  0.2500
  0.0000  0.3900  0.1300  0.0700  0.0300  0.3800
  0.0100  0.5100  0.0000  0.1000  0.0200  0.3600
  0.0100  0.6200  0.0100  0.0300  0.1000  0.2300
  0.0600  0.3000  0.4100  0.0100  0.0100  0.2100
  0.0800  0.3200  0.5000  0.0700  0.0200  0.0100
  0.1500  0.2800  0.2500  0.0100  0.0600  0.2500
  0.0000  0.0000  0.0000  0.0000  0.0000  1.0000
  0.0000  0.0000  0.0000  0.0000  1.0000  0.0000
  0.0200  0.1100  0.0000  0.5000  0.0300  0.3400
  0.0100  0.1900  0.0000  0.0000  0.0000  0.8000
  0.0100  0.3900  0.0000  0.0200  0.0100  0.5700
  0.1800  0.1200  0.0000  0.3600  0.0000  0.3400
  0.0100  0.0000  0.1300  0.2500  0.0000  0.6100
  0.3200  0.0000  0.1200  0.0100  0.0000  0.5500
  0.0100  0.1500  0.1000  0.2100  0.0000  0.5300
  0.0100  0.0000  0.1500  0.2500  0.0000  0.5900
  0.1500  0.4500  0.0400  0.0300  0.0100  0.3200
  0.0500  0.3200  0.0000  0.5700  0.0600  0.0000
  0.3100  0.5200  0.0000  0.0800  0.0200  0.0700
  0.1500  0.0400  0.1300  0.6700  0.0100  0.0000
  0.0000  0.2100  0.2000  0.5800  0.0100  0.0000
  0.0000  0.0100  0.2800  0.6700  0.0100  0.0300
  0.0100  0.2800  0.1100  0.4600  0.1100  0.0300
  0.4900  0.0600  0.0000  0.1400  0.0200  0.2900
  0.1400  0.0000  0.0700  0.0100  0.0100  0.7700
  0.0300  0.5800  0.1800  0.0400  0.1000  0.0700
  0.0000  0.3100  0.0100  0.0200  0.1500  0.5100
  0.2500  0.0100  0.0100  0.0400  0.1300  0.5600
  0.2900  0.4500  0.0600  0.0800  0.1200  0.0000
  0.0200  0.0100  0.1600  0.0100  0.5000  0.3000
  0.0200  0.2400  0.0000  0.0300  0.2600  0.4500
  0.0000  0.0100  0.0000  0.0100  0.2700  0.7100
  0.0900  0.0200  0.0000  0.0600  0.4000  0.4300
  0.0000  0.1600  0.0000  0.0000  0.2500  0.5900
  0.3200  0.0900  0.0200  0.0100  0.0100  0.5500
  0.0000  0.0800  0.1300  0.0000  0.1100  0.6800
  0.3900  0.0100  0.0300  0.0000  0.0000  0.5700
  0.2600  0.1800  0.0200  0.0100  0.0100  0.5200
  0.2000  0.1600  0.0000  0.0000  0.0000  0.6400
  0.5100  0.3100  0.0700  0.0100  0.0100  0.0900
  0.1400  0.1700  0.0200  0.0000  0.0000  0.6700
  0.0000  0.0300  0.0200  0.2100  0.3200  0.4200
  0.5700  0.0000  0.1100  0.0100  0.1000  0.2100
  0.5100  0.2500  0.1000  0.0200  0.1200  0.0000
  0.5100  0.0100  0.0700  0.0200  0.1100  0.2800
  0.0000  0.0000  0.0000  0.0200  0.0000  0.9800
  0.6000  0.0000  0.0300  0.0000  0.0200  0.3500
  0.3400  0.0000  0.1100  0.0100  0.0600  0.4800
  0.4400  0.1100  0.1100  0.0000  0.0600  0.2800
  0.6600  0.0000  0.0800  0.0000  0.0000  0.2600
  0.3700  0.4700  0.1000  0.0000  0.0600  0.0000
  0.4400  0.3000  0.0900  0.0400  0.1300  0.0000
  0.2700  0.6100  0.1200  0.0000  0.0000  0.0000
  0.0100  0.0000  0.0000  0.0200  0.0800  0.8900
  0.2100  0.1100  0.0600  0.0000  0.1400  0.4800
  0.5200  0.0100  0.0100  0.0000  0.0000  0.4600
  0.0000  0.3800  0.0100  0.0000  0.0000  0.6100
  0.0000  0.3100  0.0100  0.0000  0.0000  0.6800
  0.3200  0.3400  0.0200  0.0000  0.0100  0.3100
  0.0100  0.4100  0.0000  0.0000  0.0100  0.5700
  0.0000  0.4100  0.0000  0.1300  0.0000  0.4600
  0.0000  0.1800  0.0000  0.2600  0.0100  0.5500
  0.0400  0.4500  0.0000  0.0700  0.0100  0.4300
  0.0000  0.2500  0.0000  0.2500  0.0000  0.5000
  0.3600  0.2000  0.0200  0.0800  0.0000  0.3400
  0.2100  0.0000  0.0000  0.3300  0.0100  0.4500
  0.2500  0.0000  0.0000  0.3100  0.0100  0.4300
  0.1900  0.0000  0.0000  0.3200  0.0100  0.4800
  0.0000  0.6300  0.1000  0.0000  0.0000  0.2700
  0.0000  0.6600  0.0900  0.0000  0.0000  0.2500
  0.0000  0.3300  0.1100  0.0100  0.0000  0.5500
  0.0000  0.6800  0.0900  0.0000  0.0100  0.2200
  0.3500  0.0000  0.0000  0.0100  0.0000  0.6400
  0.0100  0.0000  0.0000  0.3600  0.0000  0.6300
  0.4800  0.0000  0.0100  0.0000  0.1200  0.3900
  0.3900  0.0000  0.0000  0.0200  0.0100  0.5800
  0.4000  0.1700  0.0000  0.0000  0.1200  0.3100
  0.4400  0.2700  0.0000  0.0000  0.1700  0.1200
  0.3400  0.1400  0.0000  0.0000  0.1300  0.3900
  0.3300  0.1200  0.0000  0.0000  0.1300  0.4200
  0.3900  0.0000  0.0000  0.0000  0.2200  0.3900
  0.3900  0.3100  0.0000  0.0000  0.2200  0.0800
  0.4100  0.0000  0.0000  0.0000  0.2500  0.3400
  0.3500  0.0000  0.0000  0.0000  0.2000  0.4500
  0.3300  0.0000  0.0000  0.0000  0.2100  0.4600
  0.3100  0.0000  0.0000  0.0000  0.2000  0.4900
  0.3500  0.0000  0.0000  0.0000  0.2100  0.4400
  0.2000  0.0000  0.0000  0.0000  0.0100  0.7900
  0.5000  0.0000  0.0000  0.0000  0.3000  0.2000
  0.5300  0.0600  0.0000  0.0000  0.3200  0.0900
  0.5300  0.0000  0.0000  0.0000  0.3300  0.1400
  0.4200  0.0000  0.0000  0.0000  0.2700  0.3100
  0.4200  0.0100  0.0000  0.0000  0.1400  0.4300
  0.3900  0.0000  0.0000  0.0000  0.1300  0.4800
  0.4400  0.0000  0.0000  0.0500  0.1300  0.3800
  0.2800  0.0000  0.0000  0.1100  0.0800  0.5300
  0.4200  0.1200  0.0000  0.0000  0.0600  0.4000
  0.4200  0.1100  0.0000  0.0100  0.0700  0.3900
  0.4200  0.1100  0.0000  0.0000  0.0400  0.4300
  0.4500  0.0800  0.0000  0.0000  0.0500  0.4200
  0.4100  0.1400  0.0000  0.0000  0.0700  0.3800
  0.4100  0.1200  0.0000  0.0000  0.0600  0.4100
  0.4200  0.1600  0.0000  0.0000  0.0700  0.3500
  0.4000  0.1300  0.0000  0.0000  0.0800  0.3900
  0.2500  0.0000  0.0000  0.0000  0.0000  0.7500
  0.2700  0.0000  0.0000  0.0000  0.0000  0.7300
  0.2300  0.0000  0.0000  0.0000  0.0000  0.7700
  0.2700  0.0000  0.0000  0.0000  0.1400  0.5900
  0.3000  0.0000  0.0000  0.0000  0.0900  0.6100
  0.3200  0.0100  0.0000  0.0000  0.0900  0.5800
  0.3700  0.3700  0.0000  0.0000  0.1900  0.0700
  0.3800  0.4100  0.0000  0.0100  0.1900  0.0100
  0.3400  0.3600  0.0000  0.0000  0.2000  0.1000

 Initial output data matrix:
      f1      f2      f3
-477.3645 -1.2974-78049.1925
-454.7535 -1.3662-68112.8155
-279.9044 -2.1133-51731.0693
-469.5247 -1.7578-77876.9026
-440.0426 -1.9634-76654.9118
-365.6047 -1.2303-62118.0243
-410.9856 -1.1190-66049.6554
-136.1656 -0.8962-22268.5639
-369.0088 -1.3142-61644.3643
-533.9811 -0.8968-68784.7611
-442.6768 -0.7257-59416.2131
-507.4257 -0.9822-66650.9629
-443.6008 -1.1184-65323.0907
-489.5899 -1.3294-72483.9913
-359.3333 -1.7335-60280.1487
-485.2462 -0.8865-66192.4108
-228.9585 -0.7284-49588.2084
-435.6576 -1.1748-60782.1527
-368.0328 -0.0378-29839.9581
-558.3333 -1.0147-72324.3305
-545.1107 -1.0090-76481.1353
-595.9865 -1.0313-80252.0073
-577.5167 -1.0272-78299.5278
-603.0115 -1.0486-79494.8772
-536.4679 -1.3385-83057.1828
-380.6202 -1.5761-63939.3838
-487.9964 -1.6929-74452.7693
-492.2164 -2.0354-77476.1977
-483.0457 -1.7036-74331.8675
-461.0062 -1.5331-68683.9650
-428.6732 -1.9582-73565.0149
-420.3458 -1.7501-70958.0370
-185.7397 -1.9998-39188.2443
-307.5914 -2.9333-68673.8814
-248.0791 -0.3369-41639.4837
-330.4220 -1.6093-58954.7196
-261.1897 -2.5356-54113.5267
-374.3907 -2.1313-72005.0906
-442.1932 -1.6426-73645.0393
-325.5454 -2.2577-65492.6760
-407.4563 -1.7142-79298.8675
-280.7768 -2.0890-55835.4428
-345.4445 -2.2639-66935.4850
-337.8766 -1.7123-65225.4544
-380.5099 -0.6146-47362.4095
-423.7886 -1.3121-68132.9194
-412.9137 -0.7221-59055.9302
-389.7163 -1.2975-60315.7332
-243.9299 -1.5816-43427.1956
-418.8166 -1.1219-61444.5239
-463.1094 -1.4660-81856.9346
-260.4919 -1.9421-59060.6871
-461.1271 -1.5697-75813.0466
-434.9195 -1.9723-80545.7853
-411.2741 -1.7072-85333.3874
-593.8157 -1.0758-82484.6477
-331.6431 -1.2261-62332.4475
-461.8788 -1.5726-80820.6379
-386.3988 -1.9098-76223.9832
-458.6168 -1.3865-78606.8274
-386.1546 -1.7969-73308.3934
-420.6757 -1.8963-83069.8760
-256.3444 -2.2542-53258.3199
-343.7864 -1.8975-72697.8828
-317.0968 -1.9236-66141.3310
-405.5608 -1.9380-81223.2023
-579.2708 -1.0437-87100.5169
-297.2664 -2.2664-61771.9743
-230.0024 -1.7750-53153.7094
-296.3126 -0.8946-60049.3899
-625.1337 -1.1253-94708.7918
-559.4404 -1.5604-98460.5528
-350.2734 -2.6724-74202.1381
-483.8073 -1.5770-91455.1658
-333.6048 -1.8340-67470.0844
-401.3639 -1.5176-75081.6898
-339.8147 -1.1731-68370.6235
-619.8270 -1.3159-92324.8900
-456.6095 -1.0320-73399.8497
-527.1160 -1.2052-80673.3135
-182.0132 -2.1459-33836.3245
-299.4935 -1.9115-62779.5207
-342.4831 -1.8084-73190.6083
-292.5484 -2.1003-64376.6034
-284.1961 -2.0337-60695.8700
-418.6794 -1.5121-75788.0791
-272.5130 -1.9527-60034.6655
-324.9663 -1.9969-65021.8788
-361.4059 -2.0913-69395.5054
-310.1195 -1.9192-61302.0228
-321.0298 -2.0199-62665.9535
-408.2643 -1.5818-76317.7672
-398.2560 -1.9114-74552.8783
-437.9660 -1.8110-79745.2693
-402.9772 -1.8842-75747.1961
-367.7646 -1.7661-65605.9795
-392.9406 -1.8913-69484.2021
-317.1051 -2.1952-63761.7220
-355.6015 -1.8014-64450.3268
-438.2688 -2.1205-87348.6010
-334.7339 -2.0407-65124.3183
-514.0293 -1.5443-93643.6527
-526.1093 -1.9176-98663.7705
-555.0826 -1.4101-91162.3449
-653.9760 -1.1215-96005.8355
-613.3157 -1.3545-102903.8092
-574.5688 -1.4762-99854.6710
-596.1996 -1.5851-97568.0584
-673.8733 -1.3085-96609.9429
-570.9253 -1.5720-97057.6408
-453.6160 -1.8559-85374.7271
-512.3685 -1.7799-93175.9066
-384.8236 -1.8510-77997.5467
-536.0149 -1.7113-96497.9814
-289.9712 -1.9717-66399.4183
-596.7186 -0.9982-92484.7776
-390.5278 -0.8869-64360.6166
-429.9865 -0.7968-68899.7837
-397.0291 -1.0850-76450.3138
-413.4216 -1.7276-80202.5821
-512.4700 -1.6664-92116.8858
-627.3105 -1.5880-103558.9154
-459.2870 -1.8760-85164.1567
-489.1206 -1.8652-89171.2803
-523.3253 -1.8184-92589.2154
-483.7090 -2.0071-89596.8710
-506.5947 -1.8726-91082.8276
-414.5373 -1.4395-76845.5530
-497.6451 -1.5944-86257.9869
-387.4478 -1.5175-74536.3039
-605.3055 -1.7013-100894.6560
-330.1772 -2.3875-72121.0094
-430.6648 -2.0605-85776.8507
-379.2996 -1.2350-79505.9871
-373.9609 -1.7620-76874.3459
-304.9460 -1.8920-67570.8658
-474.1479 -1.6447-89096.7259
-697.1304 -1.0954-95259.3377
-631.9917 -1.0162-84624.4465
-558.3350 -1.1524-81235.4409

 ¯¯¯¯¯¯¯¯¯¯¯¯¯¯¯¯¯¯¯¯¯¯¯¯¯¯¯¯¯¯¯¯¯¯¯¯¯¯¯¯¯¯¯¯¯¯¯¯¯¯¯¯¯¯¯¯¯¯¯¯¯¯¯¯¯¯¯¯¯¯¯¯¯¯¯¯¯¯¯¯¯¯¯¯¯¯¯¯¯¯¯¯¯¯¯¯¯¯¯¯¯¯
 Algorithm iteration 1 

 Predicted hypervolume improvement:    0.0330
 Time taken:   96.0834 

 Proposed evaluation point(s): 
      x1      x2      x3      x4      x5      x6
  0.3900  0.2300  0.0000  0.0000  0.0000  0.3800
  0.3700  0.2200  0.0000  0.0100  0.0000  0.4000
  0.4100  0.2100  0.0000  0.0100  0.0000  0.3700
  0.3200  0.1900  0.0000  0.0000  0.0000  0.4900

 Corresponding observation(s): 
      f1      f2      f3
-538.8941 -1.7821-87423.2325
-532.2577 -1.8137-86651.4137
-537.4512 -1.7521-88190.6916
-491.7626 -1.9241-83827.9231

 ¯¯¯¯¯¯¯¯¯¯¯¯¯¯¯¯¯¯¯¯¯¯¯¯¯¯¯¯¯¯¯¯¯¯¯¯¯¯¯¯¯¯¯¯¯¯¯¯¯¯¯¯¯¯¯¯¯¯¯¯¯¯¯¯¯¯¯¯¯¯¯¯¯¯¯¯¯¯¯¯¯¯¯¯¯¯¯¯¯¯¯¯¯¯¯¯¯¯¯¯¯¯
 Final algorithm output 

 Final input data matrix:
        x1        x2        x3        x4        x5        x6
    0.3200    0.1300    0.0500    0.2100    0.0400    0.2500
    0.0000    0.1800    0.2100    0.2800    0.2000    0.1300
    0.0000    0.0200    0.3800    0.0400    0.2900    0.2700
    0.1900    0.3000    0.1000    0.0600    0.0700    0.2800
    0.0800    0.1600    0.1400    0.0400    0.1900    0.3900
    0.3400    0.0600    0.2300    0.1600    0.1900    0.0200
    0.1400    0.1000    0.0700    0.2000    0.2700    0.2200
    0.0700    0.0700    0.3200    0.2100    0.0300    0.3000
    0.0200    0.0100    0.2700    0.1300    0.4900    0.0800
    0.0900    0.3200    0.0300    0.1300    0.3700    0.0600
    0.0800    0.2100    0.0200    0.0000    0.6100    0.0800
    0.0900    0.3200    0.0400    0.2100    0.1700    0.1700
    0.1400    0.3000    0.0700    0.1000    0.2500    0.1400
    0.0400    0.1700    0.0700    0.2200    0.2400    0.2600
    0.1700    0.1500    0.2800    0.2900    0.0000    0.1100
    0.1000    0.1400    0.1400    0.2600    0.2700    0.0900
    1.0000    0.0000    0.0000    0.0000    0.0000    0.0000
    0.0000    1.0000    0.0000    0.0000    0.0000    0.0000
    0.0000    0.0000    0.0000    1.0000    0.0000    0.0000
    0.6000    0.4000    0.0000    0.0000    0.0000    0.0000
    0.5500    0.4500    0.0000    0.0000    0.0000    0.0000
    0.5000    0.5000    0.0000    0.0000    0.0000    0.0000
    0.4500    0.5500    0.0000    0.0000    0.0000    0.0000
    0.4000    0.6000    0.0000    0.0000    0.0000    0.0000
    0.2700    0.4400    0.0900    0.0400    0.0800    0.0800
    0.0400    0.1900    0.3600    0.2000    0.1200    0.0900
    0.0000    0.5900    0.0000    0.0800    0.0800    0.2500
    0.0000    0.3900    0.1300    0.0700    0.0300    0.3800
    0.0100    0.5100    0.0000    0.1000    0.0200    0.3600
    0.0100    0.6200    0.0100    0.0300    0.1000    0.2300
    0.0600    0.3000    0.4100    0.0100    0.0100    0.2100
    0.0800    0.3200    0.5000    0.0700    0.0200    0.0100
    0.1500    0.2800    0.2500    0.0100    0.0600    0.2500
    0.0000    0.0000    0.0000    0.0000    0.0000    1.0000
    0.0000    0.0000    0.0000    0.0000    1.0000    0.0000
    0.0200    0.1100    0.0000    0.5000    0.0300    0.3400
    0.0100    0.1900    0.0000    0.0000    0.0000    0.8000
    0.0100    0.3900    0.0000    0.0200    0.0100    0.5700
    0.1800    0.1200    0.0000    0.3600    0.0000    0.3400
    0.0100    0.0000    0.1300    0.2500    0.0000    0.6100
    0.3200    0.0000    0.1200    0.0100    0.0000    0.5500
    0.0100    0.1500    0.1000    0.2100    0.0000    0.5300
    0.0100    0.0000    0.1500    0.2500    0.0000    0.5900
    0.1500    0.4500    0.0400    0.0300    0.0100    0.3200
    0.0500    0.3200    0.0000    0.5700    0.0600    0.0000
    0.3100    0.5200    0.0000    0.0800    0.0200    0.0700
    0.1500    0.0400    0.1300    0.6700    0.0100    0.0000
    0.0000    0.2100    0.2000    0.5800    0.0100    0.0000
    0.0000    0.0100    0.2800    0.6700    0.0100    0.0300
    0.0100    0.2800    0.1100    0.4600    0.1100    0.0300
    0.4900    0.0600    0.0000    0.1400    0.0200    0.2900
    0.1400    0.0000    0.0700    0.0100    0.0100    0.7700
    0.0300    0.5800    0.1800    0.0400    0.1000    0.0700
    0.0000    0.3100    0.0100    0.0200    0.1500    0.5100
    0.2500    0.0100    0.0100    0.0400    0.1300    0.5600
    0.2900    0.4500    0.0600    0.0800    0.1200    0.0000
    0.0200    0.0100    0.1600    0.0100    0.5000    0.3000
    0.0200    0.2400    0.0000    0.0300    0.2600    0.4500
    0.0000    0.0100    0.0000    0.0100    0.2700    0.7100
    0.0900    0.0200    0.0000    0.0600    0.4000    0.4300
    0.0000    0.1600    0.0000    0.0000    0.2500    0.5900
    0.3200    0.0900    0.0200    0.0100    0.0100    0.5500
    0.0000    0.0800    0.1300    0.0000    0.1100    0.6800
    0.3900    0.0100    0.0300    0.0000    0.0000    0.5700
    0.2600    0.1800    0.0200    0.0100    0.0100    0.5200
    0.2000    0.1600    0.0000    0.0000    0.0000    0.6400
    0.5100    0.3100    0.0700    0.0100    0.0100    0.0900
    0.1400    0.1700    0.0200    0.0000    0.0000    0.6700
    0.0000    0.0300    0.0200    0.2100    0.3200    0.4200
    0.5700    0.0000    0.1100    0.0100    0.1000    0.2100
    0.5100    0.2500    0.1000    0.0200    0.1200    0.0000
    0.5100    0.0100    0.0700    0.0200    0.1100    0.2800
    0.0000    0.0000    0.0000    0.0200    0.0000    0.9800
    0.6000    0.0000    0.0300    0.0000    0.0200    0.3500
    0.3400    0.0000    0.1100    0.0100    0.0600    0.4800
    0.4400    0.1100    0.1100    0.0000    0.0600    0.2800
    0.6600    0.0000    0.0800    0.0000    0.0000    0.2600
    0.3700    0.4700    0.1000    0.0000    0.0600    0.0000
    0.4400    0.3000    0.0900    0.0400    0.1300    0.0000
    0.2700    0.6100    0.1200    0.0000    0.0000    0.0000
    0.0100    0.0000    0.0000    0.0200    0.0800    0.8900
    0.2100    0.1100    0.0600    0.0000    0.1400    0.4800
    0.5200    0.0100    0.0100    0.0000    0.0000    0.4600
    0.0000    0.3800    0.0100    0.0000    0.0000    0.6100
    0.0000    0.3100    0.0100    0.0000    0.0000    0.6800
    0.3200    0.3400    0.0200    0.0000    0.0100    0.3100
    0.0100    0.4100    0.0000    0.0000    0.0100    0.5700
    0.0000    0.4100    0.0000    0.1300    0.0000    0.4600
    0.0000    0.1800    0.0000    0.2600    0.0100    0.5500
    0.0400    0.4500    0.0000    0.0700    0.0100    0.4300
    0.0000    0.2500    0.0000    0.2500    0.0000    0.5000
    0.3600    0.2000    0.0200    0.0800    0.0000    0.3400
    0.2100    0.0000    0.0000    0.3300    0.0100    0.4500
    0.2500    0.0000    0.0000    0.3100    0.0100    0.4300
    0.1900    0.0000    0.0000    0.3200    0.0100    0.4800
    0.0000    0.6300    0.1000    0.0000    0.0000    0.2700
    0.0000    0.6600    0.0900    0.0000    0.0000    0.2500
    0.0000    0.3300    0.1100    0.0100    0.0000    0.5500
    0.0000    0.6800    0.0900    0.0000    0.0100    0.2200
    0.3500    0.0000    0.0000    0.0100    0.0000    0.6400
    0.0100    0.0000    0.0000    0.3600    0.0000    0.6300
    0.4800    0.0000    0.0100    0.0000    0.1200    0.3900
    0.3900    0.0000    0.0000    0.0200    0.0100    0.5800
    0.4000    0.1700    0.0000    0.0000    0.1200    0.3100
    0.4400    0.2700    0.0000    0.0000    0.1700    0.1200
    0.3400    0.1400    0.0000    0.0000    0.1300    0.3900
    0.3300    0.1200    0.0000    0.0000    0.1300    0.4200
    0.3900    0.0000    0.0000    0.0000    0.2200    0.3900
    0.3900    0.3100    0.0000    0.0000    0.2200    0.0800
    0.4100    0.0000    0.0000    0.0000    0.2500    0.3400
    0.3500    0.0000    0.0000    0.0000    0.2000    0.4500
    0.3300    0.0000    0.0000    0.0000    0.2100    0.4600
    0.3100    0.0000    0.0000    0.0000    0.2000    0.4900
    0.3500    0.0000    0.0000    0.0000    0.2100    0.4400
    0.2000    0.0000    0.0000    0.0000    0.0100    0.7900
    0.5000    0.0000    0.0000    0.0000    0.3000    0.2000
    0.5300    0.0600    0.0000    0.0000    0.3200    0.0900
    0.5300    0.0000    0.0000    0.0000    0.3300    0.1400
    0.4200    0.0000    0.0000    0.0000    0.2700    0.3100
    0.4200    0.0100    0.0000    0.0000    0.1400    0.4300
    0.3900    0.0000    0.0000    0.0000    0.1300    0.4800
    0.4400    0.0000    0.0000    0.0500    0.1300    0.3800
    0.2800    0.0000    0.0000    0.1100    0.0800    0.5300
    0.4200    0.1200    0.0000    0.0000    0.0600    0.4000
    0.4200    0.1100    0.0000    0.0100    0.0700    0.3900
    0.4200    0.1100    0.0000    0.0000    0.0400    0.4300
    0.4500    0.0800    0.0000    0.0000    0.0500    0.4200
    0.4100    0.1400    0.0000    0.0000    0.0700    0.3800
    0.4100    0.1200    0.0000    0.0000    0.0600    0.4100
    0.4200    0.1600    0.0000    0.0000    0.0700    0.3500
    0.4000    0.1300    0.0000    0.0000    0.0800    0.3900
    0.2500    0.0000    0.0000    0.0000    0.0000    0.7500
    0.2700    0.0000    0.0000    0.0000    0.0000    0.7300
    0.2300    0.0000    0.0000    0.0000    0.0000    0.7700
    0.2700    0.0000    0.0000    0.0000    0.1400    0.5900
    0.3000    0.0000    0.0000    0.0000    0.0900    0.6100
    0.3200    0.0100    0.0000    0.0000    0.0900    0.5800
    0.3700    0.3700    0.0000    0.0000    0.1900    0.0700
    0.3800    0.4100    0.0000    0.0100    0.1900    0.0100
    0.3400    0.3600    0.0000    0.0000    0.2000    0.1000
    0.3900    0.2300    0.0000    0.0000    0.0000    0.3800
    0.3700    0.2200    0.0000    0.0100    0.0000    0.4000
    0.4100    0.2100    0.0000    0.0100    0.0000    0.3700
    0.3200    0.1900    0.0000    0.0000    0.0000    0.4900

 Final output data matrix:
        f1        f2        f3
 -477.3645   -1.2974-78049.1925
 -454.7535   -1.3662-68112.8155
 -279.9044   -2.1133-51731.0693
 -469.5247   -1.7578-77876.9026
 -440.0426   -1.9634-76654.9118
 -365.6047   -1.2303-62118.0243
 -410.9856   -1.1190-66049.6554
 -136.1656   -0.8962-22268.5639
 -369.0088   -1.3142-61644.3643
 -533.9811   -0.8968-68784.7611
 -442.6768   -0.7257-59416.2131
 -507.4257   -0.9822-66650.9629
 -443.6008   -1.1184-65323.0907
 -489.5899   -1.3294-72483.9913
 -359.3333   -1.7335-60280.1487
 -485.2462   -0.8865-66192.4108
 -228.9585   -0.7284-49588.2084
 -435.6576   -1.1748-60782.1527
 -368.0328   -0.0378-29839.9581
 -558.3333   -1.0147-72324.3305
 -545.1107   -1.0090-76481.1353
 -595.9865   -1.0313-80252.0073
 -577.5167   -1.0272-78299.5278
 -603.0115   -1.0486-79494.8772
 -536.4679   -1.3385-83057.1828
 -380.6202   -1.5761-63939.3838
 -487.9964   -1.6929-74452.7693
 -492.2164   -2.0354-77476.1977
 -483.0457   -1.7036-74331.8675
 -461.0062   -1.5331-68683.9650
 -428.6732   -1.9582-73565.0149
 -420.3458   -1.7501-70958.0370
 -185.7397   -1.9998-39188.2443
 -307.5914   -2.9333-68673.8814
 -248.0791   -0.3369-41639.4837
 -330.4220   -1.6093-58954.7196
 -261.1897   -2.5356-54113.5267
 -374.3907   -2.1313-72005.0906
 -442.1932   -1.6426-73645.0393
 -325.5454   -2.2577-65492.6760
 -407.4563   -1.7142-79298.8675
 -280.7768   -2.0890-55835.4428
 -345.4445   -2.2639-66935.4850
 -337.8766   -1.7123-65225.4544
 -380.5099   -0.6146-47362.4095
 -423.7886   -1.3121-68132.9194
 -412.9137   -0.7221-59055.9302
 -389.7163   -1.2975-60315.7332
 -243.9299   -1.5816-43427.1956
 -418.8166   -1.1219-61444.5239
 -463.1094   -1.4660-81856.9346
 -260.4919   -1.9421-59060.6871
 -461.1271   -1.5697-75813.0466
 -434.9195   -1.9723-80545.7853
 -411.2741   -1.7072-85333.3874
 -593.8157   -1.0758-82484.6477
 -331.6431   -1.2261-62332.4475
 -461.8788   -1.5726-80820.6379
 -386.3988   -1.9098-76223.9832
 -458.6168   -1.3865-78606.8274
 -386.1546   -1.7969-73308.3934
 -420.6757   -1.8963-83069.8760
 -256.3444   -2.2542-53258.3199
 -343.7864   -1.8975-72697.8828
 -317.0968   -1.9236-66141.3310
 -405.5608   -1.9380-81223.2023
 -579.2708   -1.0437-87100.5169
 -297.2664   -2.2664-61771.9743
 -230.0024   -1.7750-53153.7094
 -296.3126   -0.8946-60049.3899
 -625.1337   -1.1253-94708.7918
 -559.4404   -1.5604-98460.5528
 -350.2734   -2.6724-74202.1381
 -483.8073   -1.5770-91455.1658
 -333.6048   -1.8340-67470.0844
 -401.3639   -1.5176-75081.6898
 -339.8147   -1.1731-68370.6235
 -619.8270   -1.3159-92324.8900
 -456.6095   -1.0320-73399.8497
 -527.1160   -1.2052-80673.3135
 -182.0132   -2.1459-33836.3245
 -299.4935   -1.9115-62779.5207
 -342.4831   -1.8084-73190.6083
 -292.5484   -2.1003-64376.6034
 -284.1961   -2.0337-60695.8700
 -418.6794   -1.5121-75788.0791
 -272.5130   -1.9527-60034.6655
 -324.9663   -1.9969-65021.8788
 -361.4059   -2.0913-69395.5054
 -310.1195   -1.9192-61302.0228
 -321.0298   -2.0199-62665.9535
 -408.2643   -1.5818-76317.7672
 -398.2560   -1.9114-74552.8783
 -437.9660   -1.8110-79745.2693
 -402.9772   -1.8842-75747.1961
 -367.7646   -1.7661-65605.9795
 -392.9406   -1.8913-69484.2021
 -317.1051   -2.1952-63761.7220
 -355.6015   -1.8014-64450.3268
 -438.2688   -2.1205-87348.6010
 -334.7339   -2.0407-65124.3183
 -514.0293   -1.5443-93643.6527
 -526.1093   -1.9176-98663.7705
 -555.0826   -1.4101-91162.3449
 -653.9760   -1.1215-96005.8355
 -613.3157   -1.3545-102903.8092
 -574.5688   -1.4762-99854.6710
 -596.1996   -1.5851-97568.0584
 -673.8733   -1.3085-96609.9429
 -570.9253   -1.5720-97057.6408
 -453.6160   -1.8559-85374.7271
 -512.3685   -1.7799-93175.9066
 -384.8236   -1.8510-77997.5467
 -536.0149   -1.7113-96497.9814
 -289.9712   -1.9717-66399.4183
 -596.7186   -0.9982-92484.7776
 -390.5278   -0.8869-64360.6166
 -429.9865   -0.7968-68899.7837
 -397.0291   -1.0850-76450.3138
 -413.4216   -1.7276-80202.5821
 -512.4700   -1.6664-92116.8858
 -627.3105   -1.5880-103558.9154
 -459.2870   -1.8760-85164.1567
 -489.1206   -1.8652-89171.2803
 -523.3253   -1.8184-92589.2154
 -483.7090   -2.0071-89596.8710
 -506.5947   -1.8726-91082.8276
 -414.5373   -1.4395-76845.5530
 -497.6451   -1.5944-86257.9869
 -387.4478   -1.5175-74536.3039
 -605.3055   -1.7013-100894.6560
 -330.1772   -2.3875-72121.0094
 -430.6648   -2.0605-85776.8507
 -379.2996   -1.2350-79505.9871
 -373.9609   -1.7620-76874.3459
 -304.9460   -1.8920-67570.8658
 -474.1479   -1.6447-89096.7259
 -697.1304   -1.0954-95259.3377
 -631.9917   -1.0162-84624.4465
 -558.3350   -1.1524-81235.4409
 -538.8941   -1.7821-87423.2325
 -532.2577   -1.8137-86651.4137
 -537.4512   -1.7521-88190.6916
 -491.7626   -1.9241-83827.9231

 Input data matrix of corresponding Pareto front:
        x1        x2        x3        x4        x5        x6
    0.0000    0.3900    0.1300    0.0700    0.0300    0.3800
    0.0000    0.0000    0.0000    0.0000    0.0000    1.0000
    0.0100    0.3900    0.0000    0.0200    0.0100    0.5700
    0.0000    0.0000    0.0000    0.0200    0.0000    0.9800
    0.3500    0.0000    0.0000    0.0100    0.0000    0.6400
    0.3900    0.0000    0.0000    0.0200    0.0100    0.5800
    0.3900    0.3100    0.0000    0.0000    0.2200    0.0800
    0.3500    0.0000    0.0000    0.0000    0.2100    0.4400
    0.4400    0.0000    0.0000    0.0500    0.1300    0.3800
    0.4200    0.1100    0.0000    0.0000    0.0400    0.4300
    0.4000    0.1300    0.0000    0.0000    0.0800    0.3900
    0.3700    0.3700    0.0000    0.0000    0.1900    0.0700

 Output data matrix of corresponding Pareto front:
        f1        f2        f3
 -492.2164   -2.0354-77476.1977
 -307.5914   -2.9333-68673.8814
 -374.3907   -2.1313-72005.0906
 -350.2734   -2.6724-74202.1381
 -438.2688   -2.1205-87348.6010
 -526.1093   -1.9176-98663.7705
 -673.8733   -1.3085-96609.9429
 -536.0149   -1.7113-96497.9814
 -627.3105   -1.5880-103558.9154
 -483.7090   -2.0071-89596.8710
 -605.3055   -1.7013-100894.6560
 -697.1304   -1.0954-95259.3377

 Input data matrix of Pareto front of final Gaussian process model:
        x1        x2        x3        x4        x5        x6
    0.3778    0.2702    0.0000    0.0013    0.3241    0.0266
    0.0000    0.0076    0.0000    0.0409    0.0011    0.9504
    0.0000    0.0000    0.0000    0.0000    0.0000    1.0000
    0.3208    0.5332    0.0000    0.0046    0.1258    0.0156
    0.3778    0.2702    0.0000    0.0013    0.3241    0.0266
    0.0000    0.3642    0.0000    0.0005    0.0002    0.6351
    0.2802    0.0807    0.0000    0.0012    0.0000    0.6378
    0.2504    0.2106    0.0000    0.0008    0.0003    0.5378
    0.1467    0.0000    0.0000    0.0015    0.0000    0.8517
    0.1196    0.0000    0.0000    0.0046    0.0004    0.8754
    0.0996    0.0000    0.0000    0.0015    0.0001    0.8988
    0.1812    0.0000    0.0000    0.0046    0.0000    0.8142
    0.4021    0.1216    0.0000    0.0143    0.0013    0.4606
    0.3979    0.2402    0.0000    0.0067    0.1325    0.2226
    0.1411    0.0000    0.0000    0.0015    0.0001    0.8573
    0.3791    0.1555    0.0000    0.0014    0.0000    0.4640
    0.1317    0.0000    0.0000    0.0031    0.0000    0.8652
    0.2631    0.1595    0.0000    0.0010    0.0004    0.5760
    0.1358    0.0000    0.0000    0.0048    0.0000    0.8594
    0.0056    0.0134    0.0000    0.0782    0.0003    0.9025
    0.3363    0.1240    0.0000    0.0008    0.0003    0.5387
    0.1573    0.0000    0.0000    0.0012    0.0005    0.8409
    0.2367    0.0738    0.0000    0.0060    0.0001    0.6834
    0.1285    0.0000    0.0000    0.0030    0.0000    0.8685
    0.0000    0.3885    0.0000    0.0000    0.0002    0.6114
    0.3578    0.1608    0.0000    0.0058    0.2286    0.2470
    0.3927    0.2672    0.0000    0.0078    0.2756    0.0568
    0.3110    0.1109    0.0000    0.0006    0.0000    0.5775
    0.3828    0.2508    0.0000    0.0000    0.0960    0.2704
    0.3917    0.0999    0.0000    0.0111    0.1362    0.3612
    0.4086    0.0601    0.0000    0.0138    0.0037    0.5138
    0.0918    0.0000    0.0000    0.0032    0.0004    0.9045
    0.2307    0.0000    0.0000    0.0009    0.0000    0.7683
    0.3099    0.1984    0.0000    0.0008    0.0000    0.4908
    0.3385    0.3935    0.0000    0.0016    0.1724    0.0940
    0.2392    0.0000    0.0000    0.0012    0.0004    0.7592
    0.4308    0.0878    0.0000    0.0063    0.0777    0.3973
    0.3258    0.1249    0.0000    0.0046    0.0001    0.5446
    0.4088    0.2108    0.0000    0.0078    0.0001    0.3725
    0.2710    0.1069    0.0000    0.0159    0.0014    0.6048
    0.0151    0.0000    0.0000    0.0014    0.0000    0.9835
    0.3882    0.2874    0.0000    0.0055    0.1893    0.1297
    0.3336    0.4432    0.0000    0.0033    0.1221    0.0978
    0.2523    0.1265    0.0000    0.0009    0.0000    0.6203
    0.3814    0.2727    0.0000    0.0000    0.3097    0.0361
    0.4533    0.0000    0.0000    0.0063    0.0786    0.4619
    0.1682    0.0095    0.0000    0.0004    0.0000    0.8219
    0.3350    0.4833    0.0000    0.0008    0.1291    0.0517
    0.3918    0.3771    0.0000    0.0012    0.0000    0.2300
    0.2702    0.0000    0.0000    0.0000    0.0001    0.7297
    0.1197    0.0069    0.0000    0.0034    0.0001    0.8699
    0.3806    0.3116    0.0000    0.0016    0.2104    0.0958
    0.2613    0.0000    0.0000    0.0030    0.0003    0.7354
    0.0653    0.3747    0.0000    0.0013    0.0000    0.5588
    0.3381    0.1678    0.0000    0.0019    0.1573    0.3349
    0.3856    0.2855    0.0000    0.0025    0.1772    0.1493
    0.3883    0.2424    0.0000    0.0018    0.1359    0.2316
    0.4006    0.1492    0.0000    0.0045    0.0039    0.4419
    0.2123    0.0031    0.0000    0.0000    0.0000    0.7845
    0.3778    0.4004    0.0000    0.0066    0.1550    0.0601
    0.1926    0.0000    0.0000    0.0012    0.0005    0.8057
    0.1137    0.0026    0.0000    0.0012    0.0001    0.8824
    0.3867    0.2236    0.0000    0.0000    0.1243    0.2654
    0.2955    0.1003    0.0000    0.0008    0.0000    0.6034
    0.2764    0.0741    0.0000    0.0009    0.0000    0.6485
    0.3593    0.3189    0.0000    0.0038    0.2546    0.0635
    0.3676    0.2587    0.0000    0.0050    0.2036    0.1651
    0.3051    0.1030    0.0000    0.0038    0.0001    0.5881
    0.3217    0.0806    0.0000    0.0005    0.0000    0.5972
    0.1461    0.0070    0.0000    0.0000    0.0000    0.8470
    0.4470    0.0981    0.0000    0.0145    0.0005    0.4399
    0.2401    0.0248    0.0000    0.0018    0.0007    0.7327
    0.2887    0.0000    0.0000    0.0003    0.0013    0.7097
    0.3867    0.2798    0.0000    0.0000    0.2965    0.0370
    0.3805    0.2722    0.0000    0.0013    0.3192    0.0268
    0.2476    0.0000    0.0000    0.0025    0.0000    0.7499
    0.0470    0.0000    0.0000    0.0738    0.0003    0.8789
    0.2866    0.1084    0.0000    0.0040    0.0001    0.6010
    0.1751    0.0004    0.0000    0.0010    0.0001    0.8235
    0.3988    0.0103    0.0000    0.0017    0.1000    0.4892
    0.2861    0.1515    0.0000    0.0004    0.0000    0.5620
    0.2486    0.1235    0.0000    0.0047    0.0001    0.6232
    0.3775    0.3634    0.0000    0.0011    0.0032    0.2547
    0.2361    0.0000    0.0000    0.0010    0.0001    0.7628
    0.1604    0.0000    0.0000    0.0031    0.0000    0.8365
    0.4291    0.0170    0.0000    0.0140    0.0467    0.4933
    0.1742    0.1555    0.0000    0.0025    0.0000    0.6679
    0.4061    0.0890    0.0000    0.0033    0.0000    0.5016
    0.3391    0.1661    0.0000    0.0038    0.0001    0.4909
    0.3746    0.3587    0.0000    0.0056    0.2008    0.0602
    0.3274    0.0957    0.0000    0.0142    0.0013    0.5614
    0.0722    0.0007    0.0000    0.0012    0.0001    0.9258
    0.3729    0.2214    0.0000    0.0059    0.0002    0.3996
    0.3199    0.0801    0.0000    0.0005    0.0000    0.5994
    0.3606    0.2405    0.0000    0.0013    0.2118    0.1858
    0.2207    0.0920    0.0000    0.0042    0.0005    0.6827
    0.3810    0.0060    0.0000    0.0000    0.0000    0.6130
    0.4317    0.2117    0.0000    0.0017    0.1313    0.2237
    0.3855    0.2303    0.0000    0.0010    0.0000    0.3832
    0.3229    0.2145    0.0000    0.0056    0.0001    0.4570
    0.3506    0.2608    0.0000    0.0019    0.1463    0.2403
    0.3778    0.2782    0.0000    0.0098    0.1534    0.1808
    0.1025    0.0000    0.0000    0.0016    0.0001    0.8958
    0.4382    0.1471    0.0000    0.0064    0.0001    0.4081
    0.4092    0.2495    0.0000    0.0104    0.0000    0.3308
    0.3519    0.0824    0.0000    0.0018    0.0003    0.5637
    0.4448    0.1745    0.0000    0.0016    0.0000    0.3791
    0.3329    0.1255    0.0000    0.0020    0.0000    0.5395
    0.3453    0.1714    0.0000    0.0019    0.1392    0.3421
    0.2484    0.1313    0.0000    0.0006    0.0000    0.6197
    0.3866    0.1705    0.0000    0.0090    0.1195    0.3144
    0.3713    0.3297    0.0000    0.0027    0.2511    0.0451
    0.0612    0.0004    0.0000    0.0072    0.0000    0.9312
    0.3629    0.1529    0.0000    0.0006    0.1268    0.3568
    0.3689    0.3108    0.0000    0.0085    0.1573    0.1545
    0.3817    0.3044    0.0000    0.0055    0.2440    0.0644
    0.2657    0.0425    0.0000    0.0046    0.0000    0.6872
    0.2759    0.1505    0.0000    0.0011    0.0005    0.5719
    0.0337    0.0003    0.0000    0.0013    0.0000    0.9646
    0.3787    0.2056    0.0000    0.0021    0.1375    0.2761
    0.3423    0.2450    0.0000    0.0001    0.2106    0.2021
    0.2238    0.1000    0.0000    0.0017    0.0000    0.6745
    0.2438    0.1550    0.0000    0.0008    0.0000    0.6004
    0.3913    0.1758    0.0000    0.0030    0.1298    0.3000
    0.3760    0.3036    0.0000    0.0073    0.2525    0.0605
    0.2193    0.1961    0.0000    0.0020    0.0001    0.5825
    0.3120    0.0822    0.0000    0.0001    0.0000    0.6058
    0.3501    0.2086    0.0000    0.0043    0.1554    0.2815
    0.3811    0.3103    0.0000    0.0029    0.1324    0.1733
    0.3797    0.2982    0.0000    0.0013    0.2874    0.0335
    0.1884    0.0766    0.0000    0.0000    0.0000    0.7350
    0.1461    0.2008    0.0000    0.0008    0.0000    0.6522
    0.3881    0.2732    0.0000    0.0037    0.1607    0.1743
    0.2097    0.0000    0.0000    0.0015    0.0000    0.7888
    0.0634    0.0000    0.0000    0.0421    0.0005    0.8940
    0.4037    0.1643    0.0000    0.0089    0.0078    0.4152
    0.4344    0.2640    0.0000    0.0098    0.0000    0.2919
    0.3494    0.2351    0.0000    0.0001    0.2360    0.1795
    0.3834    0.1451    0.0000    0.0103    0.1262    0.3349
    0.3706    0.1322    0.0000    0.0008    0.0000    0.4964
    0.0549    0.0000    0.0000    0.0015    0.0004    0.9432
    0.3891    0.2732    0.0000    0.0096    0.1506    0.1775
    0.2402    0.0000    0.0000    0.0031    0.0000    0.7566
    0.1941    0.0211    0.0000    0.0000    0.0000    0.7848
    0.0527    0.0000    0.0000    0.0143    0.0004    0.9326
    0.0487    0.0000    0.0000    0.0013    0.0003    0.9496
    0.0615    0.0000    0.0000    0.0000    0.0000    0.9385
    0.4087    0.0833    0.0000    0.0116    0.1195    0.3769
    0.3860    0.2721    0.0000    0.0184    0.0056    0.3178
    0.0284    0.0000    0.0000    0.0027    0.0000    0.9689
    0.3566    0.1239    0.0000    0.0024    0.1399    0.3772
    0.2283    0.0016    0.0000    0.0009    0.0000    0.7692
    0.2080    0.0024    0.0000    0.0008    0.0000    0.7889
    0.0827    0.0000    0.0000    0.0016    0.0001    0.9157
    0.3550    0.1616    0.0000    0.0009    0.0000    0.4824
    0.3898    0.1448    0.0000    0.0006    0.1498    0.3150
    0.2712    0.0000    0.0000    0.0048    0.0000    0.7240
    0.1444    0.0158    0.0000    0.0015    0.0000    0.8382
    0.1757    0.0000    0.0000    0.0051    0.0000    0.8192
    0.4752    0.0139    0.0000    0.0088    0.1189    0.3832
    0.4144    0.1507    0.0000    0.0142    0.1114    0.3094
    0.3237    0.1403    0.0000    0.0005    0.0001    0.5354
    0.2947    0.1789    0.0000    0.0067    0.0004    0.5193
    0.1962    0.0005    0.0000    0.0009    0.0004    0.8021
    0.4403    0.1177    0.0000    0.0004    0.0000    0.4416
    0.3453    0.2472    0.0000    0.0265    0.1772    0.2038
    0.3804    0.2820    0.0000    0.0021    0.2255    0.1100
    0.0000    0.4238    0.0000    0.0013    0.0005    0.5744
    0.4130    0.1312    0.0000    0.0072    0.0001    0.4486
    0.3863    0.2296    0.0000    0.0065    0.1269    0.2508
    0.3876    0.2961    0.0000    0.0208    0.0005    0.2950
    0.3657    0.1161    0.0000    0.0060    0.1151    0.3970
    0.3223    0.1024    0.0000    0.0056    0.0001    0.5697
    0.3785    0.2278    0.0000    0.0003    0.1377    0.2557
    0.2181    0.1951    0.0000    0.0020    0.0001    0.5846
    0.1486    0.0000    0.0000    0.0068    0.0000    0.8445
    0.3966    0.2903    0.0000    0.0097    0.0026    0.3008
    0.3040    0.1046    0.0000    0.0012    0.0000    0.5902
    0.3746    0.1458    0.0000    0.0036    0.0000    0.4760
    0.3754    0.2805    0.0000    0.0004    0.2217    0.1221
