
 TSEMO log file created on 05-Mar-2020 

 This file shows the initial specifications of TSEMO and logs the output.
 ¯¯¯¯¯¯¯¯¯¯¯¯¯¯¯¯¯¯¯¯¯¯¯¯¯¯¯¯¯¯¯¯¯¯¯¯¯¯¯¯¯¯¯¯¯¯¯¯¯¯¯¯¯¯¯¯¯¯¯¯¯¯¯¯¯¯¯¯¯¯¯¯¯¯¯¯¯¯¯¯¯¯¯¯¯¯¯¯¯¯¯¯¯¯¯¯¯¯¯¯¯¯
 License information 

 BSD 2-Clause License 

 Copyright (c) 2017, Eric Bradford, Artur M. Schweidtmann and Alexei Lapkin
 All rights reserved. 

 Redistribution and use in source and binary forms, with or without
 modification, are permitted provided that the following conditions are met: 

 *Redistributions of source code must retain the above copyright notice, this   
  list of conditions and the following disclaimer. 

 *Redistributions in binary form must reproduce the above copyright notice,   
  this list of conditions and the following disclaimer in the documentation   
  and/or other materials provided with the distribution. 

 Modified by Mina Konakovic Lukovic 2019. 

 ¯¯¯¯¯¯¯¯¯¯¯¯¯¯¯¯¯¯¯¯¯¯¯¯¯¯¯¯¯¯¯¯¯¯¯¯¯¯¯¯¯¯¯¯¯¯¯¯¯¯¯¯¯¯¯¯¯¯¯¯¯¯¯¯¯¯¯¯¯¯¯¯¯¯¯¯¯¯¯¯¯¯¯¯¯¯¯¯¯¯¯¯¯¯¯¯¯¯¯¯¯¯
 Problem specifications 

 Function used:   consta 

 Number of inputs:   6
 Number of outputs:  3 

 Lower bounds of decision variables:
      x1      x2      x3      x4      x5      x6
  0.0000  0.0000  0.0000  0.0000  0.0000  0.0000
 
 Upper bounds of decision variables:
      x1      x2      x3      x4      x5      x6
  1.0000  1.0000  0.5000  1.0000  1.0000  1.0000
 ¯¯¯¯¯¯¯¯¯¯¯¯¯¯¯¯¯¯¯¯¯¯¯¯¯¯¯¯¯¯¯¯¯¯¯¯¯¯¯¯¯¯¯¯¯¯¯¯¯¯¯¯¯¯¯¯¯¯¯¯¯¯¯¯¯¯¯¯¯¯¯¯¯¯¯¯¯¯¯¯¯¯¯¯¯¯¯¯¯¯¯¯¯¯¯¯¯¯¯¯¯¯
 Algorithm options 

 Maximum number of function evaluations:  4
 Sample batch size:                       4
 Number of algorithm iterations:          1 

 Genetic algorithm population size:        200
 Genetic algorithm number of generations:  200 

                                               f1      f2      f3
 Number of spectral sampling points:         4000    4000    4000
 Type of matern function:                       5       5       5
 Direct evaluations per input dimension:      200     200     200
 ¯¯¯¯¯¯¯¯¯¯¯¯¯¯¯¯¯¯¯¯¯¯¯¯¯¯¯¯¯¯¯¯¯¯¯¯¯¯¯¯¯¯¯¯¯¯¯¯¯¯¯¯¯¯¯¯¯¯¯¯¯¯¯¯¯¯¯¯¯¯¯¯¯¯¯¯¯¯¯¯¯¯¯¯¯¯¯¯¯¯¯¯¯¯¯¯¯¯¯¯¯¯
 Initial data set 

 Number of initial data points:  138 

 Initial input data matrix:
      x1      x2      x3      x4      x5      x6
  0.3200  0.1300  0.0500  0.2100  0.0400  0.2500
  0.0000  0.1800  0.2100  0.2800  0.2000  0.1300
  0.0000  0.0200  0.3800  0.0400  0.2900  0.2700
  0.1900  0.3000  0.1000  0.0600  0.0700  0.2800
  0.0800  0.1600  0.1400  0.0400  0.1900  0.3900
  0.3400  0.0600  0.2300  0.1600  0.1900  0.0200
  0.1400  0.1000  0.0700  0.2000  0.2700  0.2200
  0.0700  0.0700  0.3200  0.2100  0.0300  0.3000
  0.0200  0.0100  0.2700  0.1300  0.4900  0.0800
  0.0900  0.3200  0.0300  0.1300  0.3700  0.0600
  0.0800  0.2100  0.0200  0.0000  0.6100  0.0800
  0.0900  0.3200  0.0400  0.2100  0.1700  0.1700
  0.1400  0.3000  0.0700  0.1000  0.2500  0.1400
  0.0400  0.1700  0.0700  0.2200  0.2400  0.2600
  0.1700  0.1500  0.2800  0.2900  0.0000  0.1100
  0.1000  0.1400  0.1400  0.2600  0.2700  0.0900
  1.0000  0.0000  0.0000  0.0000  0.0000  0.0000
  0.0000  1.0000  0.0000  0.0000  0.0000  0.0000
  0.0000  0.0000  0.0000  1.0000  0.0000  0.0000
  0.6000  0.4000  0.0000  0.0000  0.0000  0.0000
  0.5500  0.4500  0.0000  0.0000  0.0000  0.0000
  0.5000  0.5000  0.0000  0.0000  0.0000  0.0000
  0.4500  0.5500  0.0000  0.0000  0.0000  0.0000
  0.4000  0.6000  0.0000  0.0000  0.0000  0.0000
  0.2700  0.4400  0.0900  0.0400  0.0800  0.0800
  0.0400  0.1900  0.3600  0.2000  0.1200  0.0900
  0.0000  0.5900  0.0000  0.0800  0.0800  0.2500
  0.0000  0.3900  0.1300  0.0700  0.0300  0.3800
  0.0100  0.5100  0.0000  0.1000  0.0200  0.3600
  0.0100  0.6200  0.0100  0.0300  0.1000  0.2300
  0.0600  0.3000  0.4100  0.0100  0.0100  0.2100
  0.0800  0.3200  0.5000  0.0700  0.0200  0.0100
  0.1500  0.2800  0.2500  0.0100  0.0600  0.2500
  0.0000  0.0000  0.0000  0.0000  0.0000  1.0000
  0.0000  0.0000  0.0000  0.0000  1.0000  0.0000
  0.0200  0.1100  0.0000  0.5000  0.0300  0.3400
  0.0100  0.1900  0.0000  0.0000  0.0000  0.8000
  0.0100  0.3900  0.0000  0.0200  0.0100  0.5700
  0.1800  0.1200  0.0000  0.3600  0.0000  0.3400
  0.0100  0.0000  0.1300  0.2500  0.0000  0.6100
  0.3200  0.0000  0.1200  0.0100  0.0000  0.5500
  0.0100  0.1500  0.1000  0.2100  0.0000  0.5300
  0.0100  0.0000  0.1500  0.2500  0.0000  0.5900
  0.1500  0.4500  0.0400  0.0300  0.0100  0.3200
  0.0500  0.3200  0.0000  0.5700  0.0600  0.0000
  0.3100  0.5200  0.0000  0.0800  0.0200  0.0700
  0.1500  0.0400  0.1300  0.6700  0.0100  0.0000
  0.0000  0.2100  0.2000  0.5800  0.0100  0.0000
  0.0000  0.0100  0.2800  0.6700  0.0100  0.0300
  0.0100  0.2800  0.1100  0.4600  0.1100  0.0300
  0.4900  0.0600  0.0000  0.1400  0.0200  0.2900
  0.1400  0.0000  0.0700  0.0100  0.0100  0.7700
  0.0300  0.5800  0.1800  0.0400  0.1000  0.0700
  0.0000  0.3100  0.0100  0.0200  0.1500  0.5100
  0.2500  0.0100  0.0100  0.0400  0.1300  0.5600
  0.2900  0.4500  0.0600  0.0800  0.1200  0.0000
  0.0200  0.0100  0.1600  0.0100  0.5000  0.3000
  0.0200  0.2400  0.0000  0.0300  0.2600  0.4500
  0.0000  0.0100  0.0000  0.0100  0.2700  0.7100
  0.0900  0.0200  0.0000  0.0600  0.4000  0.4300
  0.0000  0.1600  0.0000  0.0000  0.2500  0.5900
  0.3200  0.0900  0.0200  0.0100  0.0100  0.5500
  0.0000  0.0800  0.1300  0.0000  0.1100  0.6800
  0.3900  0.0100  0.0300  0.0000  0.0000  0.5700
  0.2600  0.1800  0.0200  0.0100  0.0100  0.5200
  0.2000  0.1600  0.0000  0.0000  0.0000  0.6400
  0.5100  0.3100  0.0700  0.0100  0.0100  0.0900
  0.1400  0.1700  0.0200  0.0000  0.0000  0.6700
  0.0000  0.0300  0.0200  0.2100  0.3200  0.4200
  0.5700  0.0000  0.1100  0.0100  0.1000  0.2100
  0.5100  0.2500  0.1000  0.0200  0.1200  0.0000
  0.5100  0.0100  0.0700  0.0200  0.1100  0.2800
  0.0000  0.0000  0.0000  0.0200  0.0000  0.9800
  0.6000  0.0000  0.0300  0.0000  0.0200  0.3500
  0.3400  0.0000  0.1100  0.0100  0.0600  0.4800
  0.4400  0.1100  0.1100  0.0000  0.0600  0.2800
  0.6600  0.0000  0.0800  0.0000  0.0000  0.2600
  0.3700  0.4700  0.1000  0.0000  0.0600  0.0000
  0.4400  0.3000  0.0900  0.0400  0.1300  0.0000
  0.2700  0.6100  0.1200  0.0000  0.0000  0.0000
  0.0100  0.0000  0.0000  0.0200  0.0800  0.8900
  0.2100  0.1100  0.0600  0.0000  0.1400  0.4800
  0.5200  0.0100  0.0100  0.0000  0.0000  0.4600
  0.0000  0.3800  0.0100  0.0000  0.0000  0.6100
  0.0000  0.3100  0.0100  0.0000  0.0000  0.6800
  0.3200  0.3400  0.0200  0.0000  0.0100  0.3100
  0.0100  0.4100  0.0000  0.0000  0.0100  0.5700
  0.0000  0.4100  0.0000  0.1300  0.0000  0.4600
  0.0000  0.1800  0.0000  0.2600  0.0100  0.5500
  0.0400  0.4500  0.0000  0.0700  0.0100  0.4300
  0.0000  0.2500  0.0000  0.2500  0.0000  0.5000
  0.3600  0.2000  0.0200  0.0800  0.0000  0.3400
  0.2100  0.0000  0.0000  0.3300  0.0100  0.4500
  0.2500  0.0000  0.0000  0.3100  0.0100  0.4300
  0.1900  0.0000  0.0000  0.3200  0.0100  0.4800
  0.0000  0.6300  0.1000  0.0000  0.0000  0.2700
  0.0000  0.6600  0.0900  0.0000  0.0000  0.2500
  0.0000  0.3300  0.1100  0.0100  0.0000  0.5500
  0.0000  0.6800  0.0900  0.0000  0.0100  0.2200
  0.3500  0.0000  0.0000  0.0100  0.0000  0.6400
  0.0100  0.0000  0.0000  0.3600  0.0000  0.6300
  0.4800  0.0000  0.0100  0.0000  0.1200  0.3900
  0.3900  0.0000  0.0000  0.0200  0.0100  0.5800
  0.4000  0.1700  0.0000  0.0000  0.1200  0.3100
  0.4400  0.2700  0.0000  0.0000  0.1700  0.1200
  0.3400  0.1400  0.0000  0.0000  0.1300  0.3900
  0.3300  0.1200  0.0000  0.0000  0.1300  0.4200
  0.3900  0.0000  0.0000  0.0000  0.2200  0.3900
  0.3900  0.3100  0.0000  0.0000  0.2200  0.0800
  0.4100  0.0000  0.0000  0.0000  0.2500  0.3400
  0.3500  0.0000  0.0000  0.0000  0.2000  0.4500
  0.3300  0.0000  0.0000  0.0000  0.2100  0.4600
  0.3100  0.0000  0.0000  0.0000  0.2000  0.4900
  0.3500  0.0000  0.0000  0.0000  0.2100  0.4400
  0.2000  0.0000  0.0000  0.0000  0.0100  0.7900
  0.5000  0.0000  0.0000  0.0000  0.3000  0.2000
  0.5300  0.0600  0.0000  0.0000  0.3200  0.0900
  0.5300  0.0000  0.0000  0.0000  0.3300  0.1400
  0.4200  0.0000  0.0000  0.0000  0.2700  0.3100
  0.4200  0.0100  0.0000  0.0000  0.1400  0.4300
  0.3900  0.0000  0.0000  0.0000  0.1300  0.4800
  0.4400  0.0000  0.0000  0.0500  0.1300  0.3800
  0.2800  0.0000  0.0000  0.1100  0.0800  0.5300
  0.4200  0.1200  0.0000  0.0000  0.0600  0.4000
  0.4200  0.1100  0.0000  0.0100  0.0700  0.3900
  0.4200  0.1100  0.0000  0.0000  0.0400  0.4300
  0.4500  0.0800  0.0000  0.0000  0.0500  0.4200
  0.4100  0.1400  0.0000  0.0000  0.0700  0.3800
  0.4100  0.1200  0.0000  0.0000  0.0600  0.4100
  0.4200  0.1600  0.0000  0.0000  0.0700  0.3500
  0.4000  0.1300  0.0000  0.0000  0.0800  0.3900
  0.2500  0.0000  0.0000  0.0000  0.0000  0.7500
  0.2700  0.0000  0.0000  0.0000  0.0000  0.7300
  0.2300  0.0000  0.0000  0.0000  0.0000  0.7700
  0.2400  0.0000  0.0000  0.0000  0.0000  0.7600
  0.2700  0.0000  0.0000  0.0000  0.1400  0.5900
  0.3000  0.0000  0.0000  0.0000  0.0900  0.6100
  0.3200  0.0100  0.0000  0.0000  0.0900  0.5800

 Initial output data matrix:
      f1      f2      f3
-477.3645 -1.2974-78049.1925
-454.7535 -1.3662-68112.8155
-279.9044 -2.1133-51731.0693
-469.5247 -1.7578-77876.9026
-440.0426 -1.9634-76654.9118
-365.6047 -1.2303-62118.0243
-410.9856 -1.1190-66049.6554
-136.1656 -0.8962-22268.5639
-369.0088 -1.3142-61644.3643
-533.9811 -0.8968-68784.7611
-442.6768 -0.7257-59416.2131
-507.4257 -0.9822-66650.9629
-443.6008 -1.1184-65323.0907
-489.5899 -1.3294-72483.9913
-359.3333 -1.7335-60280.1487
-485.2462 -0.8865-66192.4108
-228.9585 -0.7284-49588.2084
-435.6576 -1.1748-60782.1527
-368.0328 -0.0378-29839.9581
-558.3333 -1.0147-72324.3305
-545.1107 -1.0090-76481.1353
-595.9865 -1.0313-80252.0073
-577.5167 -1.0272-78299.5278
-603.0115 -1.0486-79494.8772
-536.4679 -1.3385-83057.1828
-380.6202 -1.5761-63939.3838
-487.9964 -1.6929-74452.7693
-492.2164 -2.0354-77476.1977
-483.0457 -1.7036-74331.8675
-461.0062 -1.5331-68683.9650
-428.6732 -1.9582-73565.0149
-420.3458 -1.7501-70958.0370
-185.7397 -1.9998-39188.2443
-307.5914 -2.9333-68673.8814
-248.0791 -0.3369-41639.4837
-330.4220 -1.6093-58954.7196
-261.1897 -2.5356-54113.5267
-374.3907 -2.1313-72005.0906
-442.1932 -1.6426-73645.0393
-325.5454 -2.2577-65492.6760
-407.4563 -1.7142-79298.8675
-280.7768 -2.0890-55835.4428
-345.4445 -2.2639-66935.4850
-337.8766 -1.7123-65225.4544
-380.5099 -0.6146-47362.4095
-423.7886 -1.3121-68132.9194
-412.9137 -0.7221-59055.9302
-389.7163 -1.2975-60315.7332
-243.9299 -1.5816-43427.1956
-418.8166 -1.1219-61444.5239
-463.1094 -1.4660-81856.9346
-260.4919 -1.9421-59060.6871
-461.1271 -1.5697-75813.0466
-434.9195 -1.9723-80545.7853
-411.2741 -1.7072-85333.3874
-593.8157 -1.0758-82484.6477
-331.6431 -1.2261-62332.4475
-461.8788 -1.5726-80820.6379
-386.3988 -1.9098-76223.9832
-458.6168 -1.3865-78606.8274
-386.1546 -1.7969-73308.3934
-420.6757 -1.8963-83069.8760
-256.3444 -2.2542-53258.3199
-343.7864 -1.8975-72697.8828
-317.0968 -1.9236-66141.3310
-405.5608 -1.9380-81223.2023
-579.2708 -1.0437-87100.5169
-297.2664 -2.2664-61771.9743
-230.0024 -1.7750-53153.7094
-296.3126 -0.8946-60049.3899
-625.1337 -1.1253-94708.7918
-559.4404 -1.5604-98460.5528
-350.2734 -2.6724-74202.1381
-483.8073 -1.5770-91455.1658
-333.6048 -1.8340-67470.0844
-401.3639 -1.5176-75081.6898
-339.8147 -1.1731-68370.6235
-619.8270 -1.3159-92324.8900
-456.6095 -1.0320-73399.8497
-527.1160 -1.2052-80673.3135
-182.0132 -2.1459-33836.3245
-299.4935 -1.9115-62779.5207
-342.4831 -1.8084-73190.6083
-292.5484 -2.1003-64376.6034
-284.1961 -2.0337-60695.8700
-418.6794 -1.5121-75788.0791
-272.5130 -1.9527-60034.6655
-324.9663 -1.9969-65021.8788
-361.4059 -2.0913-69395.5054
-310.1195 -1.9192-61302.0228
-321.0298 -2.0199-62665.9535
-408.2643 -1.5818-76317.7672
-398.2560 -1.9114-74552.8783
-437.9660 -1.8110-79745.2693
-402.9772 -1.8842-75747.1961
-367.7646 -1.7661-65605.9795
-392.9406 -1.8913-69484.2021
-317.1051 -2.1952-63761.7220
-355.6015 -1.8014-64450.3268
-438.2688 -2.1205-87348.6010
-334.7339 -2.0407-65124.3183
-514.0293 -1.5443-93643.6527
-526.1093 -1.9176-98663.7705
-555.0826 -1.4101-91162.3449
-653.9760 -1.1215-96005.8355
-613.3157 -1.3545-102903.8092
-574.5688 -1.4762-99854.6710
-596.1996 -1.5851-97568.0584
-673.8733 -1.3085-96609.9429
-570.9253 -1.5720-97057.6408
-453.6160 -1.8559-85374.7271
-512.3685 -1.7799-93175.9066
-384.8236 -1.8510-77997.5467
-536.0149 -1.7113-96497.9814
-289.9712 -1.9717-66399.4183
-596.7186 -0.9982-92484.7776
-390.5278 -0.8869-64360.6166
-429.9865 -0.7968-68899.7837
-397.0291 -1.0850-76450.3138
-413.4216 -1.7276-80202.5821
-512.4700 -1.6664-92116.8858
-627.3105 -1.5880-103558.9154
-459.2870 -1.8760-85164.1567
-489.1206 -1.8652-89171.2803
-523.3253 -1.8184-92589.2154
-483.7090 -2.0071-89596.8710
-506.5947 -1.8726-91082.8276
-414.5373 -1.4395-76845.5530
-497.6451 -1.5944-86257.9869
-387.4478 -1.5175-74536.3039
-605.3055 -1.7013-100894.6560
-330.1772 -2.3875-72121.0094
-430.6648 -2.0605-85776.8507
-379.2996 -1.2350-79505.9871
-229.3444 -2.2913-55840.0617
-373.9609 -1.7620-76874.3459
-304.9460 -1.8920-67570.8658
-474.1479 -1.6447-89096.7259

 ¯¯¯¯¯¯¯¯¯¯¯¯¯¯¯¯¯¯¯¯¯¯¯¯¯¯¯¯¯¯¯¯¯¯¯¯¯¯¯¯¯¯¯¯¯¯¯¯¯¯¯¯¯¯¯¯¯¯¯¯¯¯¯¯¯¯¯¯¯¯¯¯¯¯¯¯¯¯¯¯¯¯¯¯¯¯¯¯¯¯¯¯¯¯¯¯¯¯¯¯¯¯
 Algorithm iteration 1 

 Predicted hypervolume improvement:    0.0165
 Time taken:   34.6977 

 Proposed evaluation point(s): 
      x1      x2      x3      x4      x5      x6
  0.1800  0.0000  0.0000  0.0000  0.0000  0.8200
  0.3900  0.4300  0.0000  0.0000  0.1800  0.0000
  0.1600  0.0000  0.0000  0.0000  0.0000  0.8400
  0.3900  0.4200  0.0000  0.0000  0.1800  0.0100

 Corresponding observation(s): 
      f1      f2      f3
-313.7408 -2.1767-76719.0974
-683.4567 -0.8636-82239.3777
-305.4060 -2.2209-75738.6498
-678.9746 -0.8875-82805.2030

 ¯¯¯¯¯¯¯¯¯¯¯¯¯¯¯¯¯¯¯¯¯¯¯¯¯¯¯¯¯¯¯¯¯¯¯¯¯¯¯¯¯¯¯¯¯¯¯¯¯¯¯¯¯¯¯¯¯¯¯¯¯¯¯¯¯¯¯¯¯¯¯¯¯¯¯¯¯¯¯¯¯¯¯¯¯¯¯¯¯¯¯¯¯¯¯¯¯¯¯¯¯¯
 Final algorithm output 

 Final input data matrix:
        x1        x2        x3        x4        x5        x6
    0.3200    0.1300    0.0500    0.2100    0.0400    0.2500
    0.0000    0.1800    0.2100    0.2800    0.2000    0.1300
    0.0000    0.0200    0.3800    0.0400    0.2900    0.2700
    0.1900    0.3000    0.1000    0.0600    0.0700    0.2800
    0.0800    0.1600    0.1400    0.0400    0.1900    0.3900
    0.3400    0.0600    0.2300    0.1600    0.1900    0.0200
    0.1400    0.1000    0.0700    0.2000    0.2700    0.2200
    0.0700    0.0700    0.3200    0.2100    0.0300    0.3000
    0.0200    0.0100    0.2700    0.1300    0.4900    0.0800
    0.0900    0.3200    0.0300    0.1300    0.3700    0.0600
    0.0800    0.2100    0.0200    0.0000    0.6100    0.0800
    0.0900    0.3200    0.0400    0.2100    0.1700    0.1700
    0.1400    0.3000    0.0700    0.1000    0.2500    0.1400
    0.0400    0.1700    0.0700    0.2200    0.2400    0.2600
    0.1700    0.1500    0.2800    0.2900    0.0000    0.1100
    0.1000    0.1400    0.1400    0.2600    0.2700    0.0900
    1.0000    0.0000    0.0000    0.0000    0.0000    0.0000
    0.0000    1.0000    0.0000    0.0000    0.0000    0.0000
    0.0000    0.0000    0.0000    1.0000    0.0000    0.0000
    0.6000    0.4000    0.0000    0.0000    0.0000    0.0000
    0.5500    0.4500    0.0000    0.0000    0.0000    0.0000
    0.5000    0.5000    0.0000    0.0000    0.0000    0.0000
    0.4500    0.5500    0.0000    0.0000    0.0000    0.0000
    0.4000    0.6000    0.0000    0.0000    0.0000    0.0000
    0.2700    0.4400    0.0900    0.0400    0.0800    0.0800
    0.0400    0.1900    0.3600    0.2000    0.1200    0.0900
    0.0000    0.5900    0.0000    0.0800    0.0800    0.2500
    0.0000    0.3900    0.1300    0.0700    0.0300    0.3800
    0.0100    0.5100    0.0000    0.1000    0.0200    0.3600
    0.0100    0.6200    0.0100    0.0300    0.1000    0.2300
    0.0600    0.3000    0.4100    0.0100    0.0100    0.2100
    0.0800    0.3200    0.5000    0.0700    0.0200    0.0100
    0.1500    0.2800    0.2500    0.0100    0.0600    0.2500
    0.0000    0.0000    0.0000    0.0000    0.0000    1.0000
    0.0000    0.0000    0.0000    0.0000    1.0000    0.0000
    0.0200    0.1100    0.0000    0.5000    0.0300    0.3400
    0.0100    0.1900    0.0000    0.0000    0.0000    0.8000
    0.0100    0.3900    0.0000    0.0200    0.0100    0.5700
    0.1800    0.1200    0.0000    0.3600    0.0000    0.3400
    0.0100    0.0000    0.1300    0.2500    0.0000    0.6100
    0.3200    0.0000    0.1200    0.0100    0.0000    0.5500
    0.0100    0.1500    0.1000    0.2100    0.0000    0.5300
    0.0100    0.0000    0.1500    0.2500    0.0000    0.5900
    0.1500    0.4500    0.0400    0.0300    0.0100    0.3200
    0.0500    0.3200    0.0000    0.5700    0.0600    0.0000
    0.3100    0.5200    0.0000    0.0800    0.0200    0.0700
    0.1500    0.0400    0.1300    0.6700    0.0100    0.0000
    0.0000    0.2100    0.2000    0.5800    0.0100    0.0000
    0.0000    0.0100    0.2800    0.6700    0.0100    0.0300
    0.0100    0.2800    0.1100    0.4600    0.1100    0.0300
    0.4900    0.0600    0.0000    0.1400    0.0200    0.2900
    0.1400    0.0000    0.0700    0.0100    0.0100    0.7700
    0.0300    0.5800    0.1800    0.0400    0.1000    0.0700
    0.0000    0.3100    0.0100    0.0200    0.1500    0.5100
    0.2500    0.0100    0.0100    0.0400    0.1300    0.5600
    0.2900    0.4500    0.0600    0.0800    0.1200    0.0000
    0.0200    0.0100    0.1600    0.0100    0.5000    0.3000
    0.0200    0.2400    0.0000    0.0300    0.2600    0.4500
    0.0000    0.0100    0.0000    0.0100    0.2700    0.7100
    0.0900    0.0200    0.0000    0.0600    0.4000    0.4300
    0.0000    0.1600    0.0000    0.0000    0.2500    0.5900
    0.3200    0.0900    0.0200    0.0100    0.0100    0.5500
    0.0000    0.0800    0.1300    0.0000    0.1100    0.6800
    0.3900    0.0100    0.0300    0.0000    0.0000    0.5700
    0.2600    0.1800    0.0200    0.0100    0.0100    0.5200
    0.2000    0.1600    0.0000    0.0000    0.0000    0.6400
    0.5100    0.3100    0.0700    0.0100    0.0100    0.0900
    0.1400    0.1700    0.0200    0.0000    0.0000    0.6700
    0.0000    0.0300    0.0200    0.2100    0.3200    0.4200
    0.5700    0.0000    0.1100    0.0100    0.1000    0.2100
    0.5100    0.2500    0.1000    0.0200    0.1200    0.0000
    0.5100    0.0100    0.0700    0.0200    0.1100    0.2800
    0.0000    0.0000    0.0000    0.0200    0.0000    0.9800
    0.6000    0.0000    0.0300    0.0000    0.0200    0.3500
    0.3400    0.0000    0.1100    0.0100    0.0600    0.4800
    0.4400    0.1100    0.1100    0.0000    0.0600    0.2800
    0.6600    0.0000    0.0800    0.0000    0.0000    0.2600
    0.3700    0.4700    0.1000    0.0000    0.0600    0.0000
    0.4400    0.3000    0.0900    0.0400    0.1300    0.0000
    0.2700    0.6100    0.1200    0.0000    0.0000    0.0000
    0.0100    0.0000    0.0000    0.0200    0.0800    0.8900
    0.2100    0.1100    0.0600    0.0000    0.1400    0.4800
    0.5200    0.0100    0.0100    0.0000    0.0000    0.4600
    0.0000    0.3800    0.0100    0.0000    0.0000    0.6100
    0.0000    0.3100    0.0100    0.0000    0.0000    0.6800
    0.3200    0.3400    0.0200    0.0000    0.0100    0.3100
    0.0100    0.4100    0.0000    0.0000    0.0100    0.5700
    0.0000    0.4100    0.0000    0.1300    0.0000    0.4600
    0.0000    0.1800    0.0000    0.2600    0.0100    0.5500
    0.0400    0.4500    0.0000    0.0700    0.0100    0.4300
    0.0000    0.2500    0.0000    0.2500    0.0000    0.5000
    0.3600    0.2000    0.0200    0.0800    0.0000    0.3400
    0.2100    0.0000    0.0000    0.3300    0.0100    0.4500
    0.2500    0.0000    0.0000    0.3100    0.0100    0.4300
    0.1900    0.0000    0.0000    0.3200    0.0100    0.4800
    0.0000    0.6300    0.1000    0.0000    0.0000    0.2700
    0.0000    0.6600    0.0900    0.0000    0.0000    0.2500
    0.0000    0.3300    0.1100    0.0100    0.0000    0.5500
    0.0000    0.6800    0.0900    0.0000    0.0100    0.2200
    0.3500    0.0000    0.0000    0.0100    0.0000    0.6400
    0.0100    0.0000    0.0000    0.3600    0.0000    0.6300
    0.4800    0.0000    0.0100    0.0000    0.1200    0.3900
    0.3900    0.0000    0.0000    0.0200    0.0100    0.5800
    0.4000    0.1700    0.0000    0.0000    0.1200    0.3100
    0.4400    0.2700    0.0000    0.0000    0.1700    0.1200
    0.3400    0.1400    0.0000    0.0000    0.1300    0.3900
    0.3300    0.1200    0.0000    0.0000    0.1300    0.4200
    0.3900    0.0000    0.0000    0.0000    0.2200    0.3900
    0.3900    0.3100    0.0000    0.0000    0.2200    0.0800
    0.4100    0.0000    0.0000    0.0000    0.2500    0.3400
    0.3500    0.0000    0.0000    0.0000    0.2000    0.4500
    0.3300    0.0000    0.0000    0.0000    0.2100    0.4600
    0.3100    0.0000    0.0000    0.0000    0.2000    0.4900
    0.3500    0.0000    0.0000    0.0000    0.2100    0.4400
    0.2000    0.0000    0.0000    0.0000    0.0100    0.7900
    0.5000    0.0000    0.0000    0.0000    0.3000    0.2000
    0.5300    0.0600    0.0000    0.0000    0.3200    0.0900
    0.5300    0.0000    0.0000    0.0000    0.3300    0.1400
    0.4200    0.0000    0.0000    0.0000    0.2700    0.3100
    0.4200    0.0100    0.0000    0.0000    0.1400    0.4300
    0.3900    0.0000    0.0000    0.0000    0.1300    0.4800
    0.4400    0.0000    0.0000    0.0500    0.1300    0.3800
    0.2800    0.0000    0.0000    0.1100    0.0800    0.5300
    0.4200    0.1200    0.0000    0.0000    0.0600    0.4000
    0.4200    0.1100    0.0000    0.0100    0.0700    0.3900
    0.4200    0.1100    0.0000    0.0000    0.0400    0.4300
    0.4500    0.0800    0.0000    0.0000    0.0500    0.4200
    0.4100    0.1400    0.0000    0.0000    0.0700    0.3800
    0.4100    0.1200    0.0000    0.0000    0.0600    0.4100
    0.4200    0.1600    0.0000    0.0000    0.0700    0.3500
    0.4000    0.1300    0.0000    0.0000    0.0800    0.3900
    0.2500    0.0000    0.0000    0.0000    0.0000    0.7500
    0.2700    0.0000    0.0000    0.0000    0.0000    0.7300
    0.2300    0.0000    0.0000    0.0000    0.0000    0.7700
    0.2400    0.0000    0.0000    0.0000    0.0000    0.7600
    0.2700    0.0000    0.0000    0.0000    0.1400    0.5900
    0.3000    0.0000    0.0000    0.0000    0.0900    0.6100
    0.3200    0.0100    0.0000    0.0000    0.0900    0.5800
    0.1800    0.0000    0.0000    0.0000    0.0000    0.8200
    0.3900    0.4300    0.0000    0.0000    0.1800    0.0000
    0.1600    0.0000    0.0000    0.0000    0.0000    0.8400
    0.3900    0.4200    0.0000    0.0000    0.1800    0.0100

 Final output data matrix:
        f1        f2        f3
 -477.3645   -1.2974-78049.1925
 -454.7535   -1.3662-68112.8155
 -279.9044   -2.1133-51731.0693
 -469.5247   -1.7578-77876.9026
 -440.0426   -1.9634-76654.9118
 -365.6047   -1.2303-62118.0243
 -410.9856   -1.1190-66049.6554
 -136.1656   -0.8962-22268.5639
 -369.0088   -1.3142-61644.3643
 -533.9811   -0.8968-68784.7611
 -442.6768   -0.7257-59416.2131
 -507.4257   -0.9822-66650.9629
 -443.6008   -1.1184-65323.0907
 -489.5899   -1.3294-72483.9913
 -359.3333   -1.7335-60280.1487
 -485.2462   -0.8865-66192.4108
 -228.9585   -0.7284-49588.2084
 -435.6576   -1.1748-60782.1527
 -368.0328   -0.0378-29839.9581
 -558.3333   -1.0147-72324.3305
 -545.1107   -1.0090-76481.1353
 -595.9865   -1.0313-80252.0073
 -577.5167   -1.0272-78299.5278
 -603.0115   -1.0486-79494.8772
 -536.4679   -1.3385-83057.1828
 -380.6202   -1.5761-63939.3838
 -487.9964   -1.6929-74452.7693
 -492.2164   -2.0354-77476.1977
 -483.0457   -1.7036-74331.8675
 -461.0062   -1.5331-68683.9650
 -428.6732   -1.9582-73565.0149
 -420.3458   -1.7501-70958.0370
 -185.7397   -1.9998-39188.2443
 -307.5914   -2.9333-68673.8814
 -248.0791   -0.3369-41639.4837
 -330.4220   -1.6093-58954.7196
 -261.1897   -2.5356-54113.5267
 -374.3907   -2.1313-72005.0906
 -442.1932   -1.6426-73645.0393
 -325.5454   -2.2577-65492.6760
 -407.4563   -1.7142-79298.8675
 -280.7768   -2.0890-55835.4428
 -345.4445   -2.2639-66935.4850
 -337.8766   -1.7123-65225.4544
 -380.5099   -0.6146-47362.4095
 -423.7886   -1.3121-68132.9194
 -412.9137   -0.7221-59055.9302
 -389.7163   -1.2975-60315.7332
 -243.9299   -1.5816-43427.1956
 -418.8166   -1.1219-61444.5239
 -463.1094   -1.4660-81856.9346
 -260.4919   -1.9421-59060.6871
 -461.1271   -1.5697-75813.0466
 -434.9195   -1.9723-80545.7853
 -411.2741   -1.7072-85333.3874
 -593.8157   -1.0758-82484.6477
 -331.6431   -1.2261-62332.4475
 -461.8788   -1.5726-80820.6379
 -386.3988   -1.9098-76223.9832
 -458.6168   -1.3865-78606.8274
 -386.1546   -1.7969-73308.3934
 -420.6757   -1.8963-83069.8760
 -256.3444   -2.2542-53258.3199
 -343.7864   -1.8975-72697.8828
 -317.0968   -1.9236-66141.3310
 -405.5608   -1.9380-81223.2023
 -579.2708   -1.0437-87100.5169
 -297.2664   -2.2664-61771.9743
 -230.0024   -1.7750-53153.7094
 -296.3126   -0.8946-60049.3899
 -625.1337   -1.1253-94708.7918
 -559.4404   -1.5604-98460.5528
 -350.2734   -2.6724-74202.1381
 -483.8073   -1.5770-91455.1658
 -333.6048   -1.8340-67470.0844
 -401.3639   -1.5176-75081.6898
 -339.8147   -1.1731-68370.6235
 -619.8270   -1.3159-92324.8900
 -456.6095   -1.0320-73399.8497
 -527.1160   -1.2052-80673.3135
 -182.0132   -2.1459-33836.3245
 -299.4935   -1.9115-62779.5207
 -342.4831   -1.8084-73190.6083
 -292.5484   -2.1003-64376.6034
 -284.1961   -2.0337-60695.8700
 -418.6794   -1.5121-75788.0791
 -272.5130   -1.9527-60034.6655
 -324.9663   -1.9969-65021.8788
 -361.4059   -2.0913-69395.5054
 -310.1195   -1.9192-61302.0228
 -321.0298   -2.0199-62665.9535
 -408.2643   -1.5818-76317.7672
 -398.2560   -1.9114-74552.8783
 -437.9660   -1.8110-79745.2693
 -402.9772   -1.8842-75747.1961
 -367.7646   -1.7661-65605.9795
 -392.9406   -1.8913-69484.2021
 -317.1051   -2.1952-63761.7220
 -355.6015   -1.8014-64450.3268
 -438.2688   -2.1205-87348.6010
 -334.7339   -2.0407-65124.3183
 -514.0293   -1.5443-93643.6527
 -526.1093   -1.9176-98663.7705
 -555.0826   -1.4101-91162.3449
 -653.9760   -1.1215-96005.8355
 -613.3157   -1.3545-102903.8092
 -574.5688   -1.4762-99854.6710
 -596.1996   -1.5851-97568.0584
 -673.8733   -1.3085-96609.9429
 -570.9253   -1.5720-97057.6408
 -453.6160   -1.8559-85374.7271
 -512.3685   -1.7799-93175.9066
 -384.8236   -1.8510-77997.5467
 -536.0149   -1.7113-96497.9814
 -289.9712   -1.9717-66399.4183
 -596.7186   -0.9982-92484.7776
 -390.5278   -0.8869-64360.6166
 -429.9865   -0.7968-68899.7837
 -397.0291   -1.0850-76450.3138
 -413.4216   -1.7276-80202.5821
 -512.4700   -1.6664-92116.8858
 -627.3105   -1.5880-103558.9154
 -459.2870   -1.8760-85164.1567
 -489.1206   -1.8652-89171.2803
 -523.3253   -1.8184-92589.2154
 -483.7090   -2.0071-89596.8710
 -506.5947   -1.8726-91082.8276
 -414.5373   -1.4395-76845.5530
 -497.6451   -1.5944-86257.9869
 -387.4478   -1.5175-74536.3039
 -605.3055   -1.7013-100894.6560
 -330.1772   -2.3875-72121.0094
 -430.6648   -2.0605-85776.8507
 -379.2996   -1.2350-79505.9871
 -229.3444   -2.2913-55840.0617
 -373.9609   -1.7620-76874.3459
 -304.9460   -1.8920-67570.8658
 -474.1479   -1.6447-89096.7259
 -313.7408   -2.1767-76719.0974
 -683.4567   -0.8636-82239.3777
 -305.4060   -2.2209-75738.6498
 -678.9746   -0.8875-82805.2030

 Input data matrix of corresponding Pareto front:
        x1        x2        x3        x4        x5        x6
    0.0000    0.3900    0.1300    0.0700    0.0300    0.3800
    0.0000    0.0000    0.0000    0.0000    0.0000    1.0000
    0.0100    0.3900    0.0000    0.0200    0.0100    0.5700
    0.0000    0.0000    0.0000    0.0200    0.0000    0.9800
    0.3500    0.0000    0.0000    0.0100    0.0000    0.6400
    0.3900    0.0000    0.0000    0.0200    0.0100    0.5800
    0.3900    0.3100    0.0000    0.0000    0.2200    0.0800
    0.3500    0.0000    0.0000    0.0000    0.2100    0.4400
    0.4400    0.0000    0.0000    0.0500    0.1300    0.3800
    0.4200    0.1100    0.0000    0.0000    0.0400    0.4300
    0.4000    0.1300    0.0000    0.0000    0.0800    0.3900

 Output data matrix of corresponding Pareto front:
        f1        f2        f3
 -492.2164   -2.0354-77476.1977
 -307.5914   -2.9333-68673.8814
 -374.3907   -2.1313-72005.0906
 -350.2734   -2.6724-74202.1381
 -438.2688   -2.1205-87348.6010
 -526.1093   -1.9176-98663.7705
 -673.8733   -1.3085-96609.9429
 -536.0149   -1.7113-96497.9814
 -627.3105   -1.5880-103558.9154
 -483.7090   -2.0071-89596.8710
 -605.3055   -1.7013-100894.6560

 Input data matrix of Pareto front of final Gaussian process model:
        x1        x2        x3        x4        x5        x6
    0.4187    0.0443    0.0000    0.0000    0.1683    0.3687
    0.0160    0.0000    0.0000    0.0000    0.0000    0.9840
    0.0030    0.0180    0.0000    0.0004    0.0606    0.9179
    0.0000    0.0000    0.0000    0.0000    0.0000    1.0000
    0.3981    0.3919    0.0000    0.0004    0.2000    0.0097
    0.4009    0.3899    0.0000    0.0006    0.1990    0.0097
    0.0745    0.0022    0.0000    0.0000    0.0007    0.9227
    0.2725    0.0069    0.0000    0.0006    0.0001    0.7199
    0.3351    0.0877    0.0000    0.0000    0.0005    0.5767
    0.1997    0.0000    0.0000    0.0000    0.0000    0.8003
    0.2980    0.0000    0.0000    0.0010    0.0008    0.7002
    0.0949    0.0000    0.0000    0.0000    0.0000    0.9051
    0.3434    0.0866    0.0000    0.0000    0.0005    0.5695
    0.0893    0.0000    0.0000    0.0000    0.0000    0.9107
    0.3804    0.3642    0.0000    0.0055    0.1523    0.0976
    0.2189    0.0000    0.0000    0.0000    0.0010    0.7801
    0.3345    0.0000    0.0000    0.0007    0.0001    0.6646
    0.2121    0.0000    0.0000    0.0000    0.0000    0.7879
    0.3881    0.0368    0.0000    0.0004    0.0961    0.4785
    0.3241    0.0362    0.0000    0.0000    0.0064    0.6333
    0.3265    0.0000    0.0000    0.0005    0.0000    0.6730
    0.1366    0.0000    0.0000    0.0004    0.0003    0.8627
    0.2600    0.0000    0.0000    0.0000    0.0006    0.7394
    0.1734    0.0015    0.0000    0.0002    0.0010    0.8239
    0.3741    0.3501    0.0000    0.0000    0.1607    0.1151
    0.1456    0.0000    0.0000    0.0000    0.0003    0.8541
    0.1304    0.0000    0.0000    0.0000    0.0006    0.8690
    0.3262    0.0702    0.0000    0.0000    0.0000    0.6036
    0.4129    0.0894    0.0000    0.0001    0.0427    0.4549
    0.1663    0.0000    0.0000    0.0005    0.0003    0.8330
    0.1191    0.0000    0.0000    0.0000    0.0007    0.8802
    0.3903    0.2938    0.0000    0.0005    0.1064    0.2090
    0.1142    0.0000    0.0000    0.0001    0.0000    0.8858
    0.1099    0.0000    0.0000    0.0001    0.0000    0.8901
    0.1408    0.0000    0.0000    0.0009    0.0002    0.8582
    0.3179    0.1373    0.0000    0.0006    0.0827    0.4614
    0.0616    0.0000    0.0000    0.0002    0.0000    0.9382
    0.3721    0.3075    0.0000    0.0000    0.1598    0.1605
    0.0306    0.0000    0.0000    0.0000    0.0341    0.9353
    0.2159    0.0000    0.0000    0.0003    0.0000    0.7838
    0.3373    0.1229    0.0000    0.0000    0.0038    0.5359
    0.2634    0.0000    0.0000    0.0058    0.0000    0.7307
    0.3973    0.3027    0.0000    0.0000    0.1562    0.1438
    0.3019    0.0000    0.0000    0.0002    0.0009    0.6970
    0.3681    0.4245    0.0000    0.0003    0.1821    0.0250
    0.3151    0.0014    0.0000    0.0007    0.0002    0.6825
    0.3686    0.3973    0.0000    0.0002    0.1816    0.0522
    0.1659    0.0064    0.0000    0.0002    0.0001    0.8274
    0.3938    0.0255    0.0000    0.0000    0.0631    0.5177
    0.1591    0.0000    0.0000    0.0000    0.0000    0.8409
    0.2055    0.0000    0.0000    0.0000    0.0000    0.7945
    0.2253    0.0000    0.0000    0.0002    0.0000    0.7745
    0.2501    0.0000    0.0000    0.0003    0.0009    0.7487
    0.2440    0.0000    0.0000    0.0002    0.0000    0.7558
    0.1262    0.0000    0.0000    0.0001    0.0000    0.8737
    0.3985    0.3000    0.0000    0.0005    0.1086    0.1924
    0.3792    0.2515    0.0000    0.0006    0.1330    0.2357
    0.3829    0.3385    0.0000    0.0011    0.1565    0.1210
    0.3477    0.0852    0.0000    0.0002    0.0005    0.5664
    0.3799    0.0847    0.0000    0.0000    0.0149    0.5204
    0.3791    0.1524    0.0000    0.0000    0.1415    0.3270
    0.3914    0.0780    0.0000    0.0013    0.1198    0.4095
    0.3599    0.1954    0.0000    0.0000    0.1343    0.3104
    0.4028    0.1836    0.0000    0.0016    0.1610    0.2510
    0.3120    0.0000    0.0000    0.0010    0.0000    0.6870
    0.3832    0.2166    0.0000    0.0044    0.1666    0.2292
    0.3462    0.0000    0.0000    0.0015    0.0017    0.6506
    0.2476    0.0000    0.0000    0.0004    0.0000    0.7520
    0.4094    0.4078    0.0000    0.0019    0.1710    0.0099
    0.4198    0.0936    0.0000    0.0000    0.0006    0.4860
    0.3620    0.2162    0.0000    0.0005    0.1232    0.2981
    0.3527    0.2867    0.0000    0.0000    0.1700    0.1906
    0.2055    0.0000    0.0000    0.0010    0.0015    0.7919
    0.3620    0.3765    0.0000    0.0000    0.1211    0.1404
    0.0033    0.0000    0.0000    0.0005    0.0000    0.9962
    0.0434    0.0000    0.0000    0.0000    0.0000    0.9566
    0.3388    0.3419    0.0000    0.0005    0.1510    0.1678
    0.2795    0.0000    0.0000    0.0001    0.0000    0.7204
    0.2403    0.0000    0.0000    0.0000    0.0007    0.7590
    0.3832    0.0840    0.0000    0.0002    0.0803    0.4523
    0.3727    0.3389    0.0000    0.0000    0.1964    0.0920
    0.3489    0.2443    0.0000    0.0037    0.1538    0.2493
    0.2543    0.0000    0.0000    0.0000    0.0007    0.7450
    0.3702    0.1039    0.0000    0.0000    0.0056    0.5202
    0.3957    0.0913    0.0000    0.0028    0.1132    0.3971
    0.3905    0.1533    0.0000    0.0000    0.1594    0.2968
    0.3367    0.0000    0.0000    0.0002    0.0008    0.6623
    0.3587    0.2073    0.0000    0.0000    0.1629    0.2711
    0.2849    0.0000    0.0000    0.0001    0.0000    0.7151
    0.3939    0.1418    0.0000    0.0000    0.1583    0.3060
    0.3419    0.0802    0.0000    0.0005    0.1410    0.4363
    0.3010    0.3548    0.0000    0.0000    0.1654    0.1788
    0.3525    0.3312    0.0000    0.0000    0.1589    0.1574
    0.3935    0.4368    0.0000    0.0030    0.1449    0.0219
    0.3989    0.3360    0.0000    0.0000    0.1671    0.0981
    0.3568    0.0929    0.0000    0.0000    0.1061    0.4442
    0.2265    0.0000    0.0000    0.0000    0.0002    0.7733
    0.2313    0.0000    0.0000    0.0001    0.0000    0.7685
    0.3403    0.2521    0.0000    0.0000    0.1443    0.2633
    0.2656    0.0060    0.0000    0.0005    0.0006    0.7273
    0.3668    0.2109    0.0000    0.0020    0.1559    0.2644
    0.3256    0.1484    0.0000    0.0002    0.1284    0.3974
    0.0294    0.0000    0.0000    0.0000    0.0053    0.9653
    0.1549    0.0000    0.0000    0.0000    0.0001    0.8451
    0.3892    0.1799    0.0000    0.0008    0.1673    0.2628
    0.3546    0.4333    0.0000    0.0024    0.1668    0.0429
    0.3640    0.0704    0.0000    0.0000    0.0442    0.5214
    0.2877    0.0000    0.0000    0.0000    0.0000    0.7123
    0.3385    0.1838    0.0000    0.0000    0.1178    0.3599
    0.3394    0.2869    0.0000    0.0007    0.1200    0.2530
    0.2569    0.0000    0.0000    0.0000    0.0002    0.7429
    0.3063    0.0000    0.0000    0.0000    0.0005    0.6932
    0.1018    0.0000    0.0000    0.0006    0.0000    0.8977
    0.3658    0.0723    0.0000    0.0005    0.1039    0.4575
    0.2323    0.0000    0.0000    0.0005    0.0000    0.7673
    0.4097    0.0766    0.0000    0.0013    0.0309    0.4815
    0.2364    0.0000    0.0000    0.0000    0.0007    0.7629
    0.3696    0.4288    0.0000    0.0000    0.1481    0.0536
    0.3742    0.2372    0.0000    0.0034    0.1860    0.1992
    0.3847    0.2687    0.0000    0.0000    0.1651    0.1815
    0.3546    0.2843    0.0000    0.0011    0.1455    0.2145
    0.3839    0.0856    0.0000    0.0000    0.0046    0.5259
    0.0026    0.0156    0.0000    0.0004    0.1286    0.8528
    0.3520    0.0790    0.0000    0.0005    0.1389    0.4296
    0.3248    0.0000    0.0000    0.0000    0.0000    0.6752
    0.3877    0.0761    0.0000    0.0015    0.0606    0.4741
    0.2812    0.0000    0.0000    0.0006    0.0000    0.7182
    0.3083    0.0000    0.0000    0.0000    0.0005    0.6912
    0.0730    0.0000    0.0000    0.0000    0.0122    0.9148
    0.3938    0.0000    0.0000    0.0014    0.1777    0.4272
    0.4009    0.0827    0.0000    0.0017    0.1438    0.3709
    0.0323    0.0000    0.0000    0.0000    0.0000    0.9677
    0.4149    0.2634    0.0000    0.0000    0.1974    0.1243
    0.3890    0.3524    0.0000    0.0000    0.1629    0.0956
    0.0473    0.0000    0.0000    0.0000    0.0000    0.9527
    0.1789    0.0002    0.0000    0.0003    0.0000    0.8205
    0.0043    0.0000    0.0000    0.0029    0.0166    0.9762
    0.3631    0.0950    0.0000    0.0000    0.0006    0.5413
    0.0041    0.0000    0.0000    0.0450    0.0159    0.9350
    0.3699    0.1482    0.0000    0.0010    0.1343    0.3466
    0.2864    0.0161    0.0000    0.0005    0.0007    0.6963
    0.4089    0.1539    0.0000    0.0005    0.1277    0.3090
    0.0042    0.0000    0.0000    0.0005    0.0160    0.9794
    0.3492    0.4066    0.0000    0.0000    0.1308    0.1134
    0.3981    0.0230    0.0000    0.0000    0.0161    0.5629
    0.4013    0.4073    0.0000    0.0000    0.1407    0.0507
    0.3735    0.0629    0.0000    0.0000    0.0048    0.5588
    0.3597    0.0000    0.0000    0.0008    0.0002    0.6394
    0.3137    0.1816    0.0000    0.0033    0.1566    0.3448
    0.3633    0.0612    0.0000    0.0014    0.1299    0.4442
    0.3701    0.0591    0.0000    0.0000    0.0842    0.4866
    0.3700    0.2138    0.0000    0.0001    0.1341    0.2819
    0.3910    0.3803    0.0000    0.0004    0.1941    0.0344
    0.0000    0.0000    0.0000    0.0000    0.0132    0.9868
    0.1504    0.0000    0.0000    0.0002    0.0000    0.8493
    0.3833    0.0753    0.0000    0.0000    0.1018    0.4396
    0.3835    0.1116    0.0000    0.0034    0.0757    0.4259
    0.3818    0.4171    0.0000    0.0001    0.1918    0.0093
    0.3674    0.1331    0.0000    0.0027    0.1124    0.3844
    0.1925    0.0082    0.0000    0.0001    0.0000    0.7993
    0.4046    0.2072    0.0000    0.0043    0.1832    0.2007
    0.3320    0.2627    0.0000    0.0000    0.1056    0.2997
    0.3195    0.0014    0.0000    0.0007    0.0002    0.6782
    0.3570    0.1211    0.0000    0.0011    0.1127    0.4081
    0.3619    0.3395    0.0000    0.0005    0.1633    0.1348
    0.1017    0.0000    0.0000    0.0009    0.0000    0.8974
    0.0531    0.0000    0.0000    0.0002    0.0000    0.9466
    0.1880    0.0000    0.0000    0.0003    0.0000    0.8116
    0.4039    0.3996    0.0000    0.0013    0.1622    0.0329
    0.1785    0.0000    0.0000    0.0000    0.0000    0.8214
    0.3492    0.4066    0.0000    0.0000    0.1308    0.1134
    0.1833    0.0045    0.0000    0.0002    0.0010    0.8110
    0.1944    0.0000    0.0000    0.0000    0.0000    0.8056
    0.3892    0.1052    0.0000    0.0006    0.0302    0.4749
    0.0030    0.0176    0.0000    0.0004    0.0796    0.8994
    0.1919    0.0000    0.0000    0.0000    0.0000    0.8080
    0.3779    0.2184    0.0000    0.0000    0.1181    0.2856
    0.2668    0.0017    0.0000    0.0005    0.0006    0.7304
    0.4211    0.0460    0.0000    0.0008    0.1375    0.3946
    0.3652    0.0975    0.0000    0.0000    0.0049    0.5324
    0.3639    0.0889    0.0000    0.0000    0.0332    0.5141
    0.3655    0.0893    0.0000    0.0000    0.0289    0.5163
    0.0531    0.0000    0.0000    0.0002    0.0000    0.9466
    0.2377    0.0000    0.0000    0.0001    0.0002    0.7620
    0.1506    0.0000    0.0000    0.0000    0.0006    0.8488
    0.3917    0.0778    0.0000    0.0030    0.1653    0.3622
    0.3151    0.0151    0.0000    0.0006    0.0002    0.6689
