
 TSEMO log file created on 05-Mar-2020 

 This file shows the initial specifications of TSEMO and logs the output.
 ¯¯¯¯¯¯¯¯¯¯¯¯¯¯¯¯¯¯¯¯¯¯¯¯¯¯¯¯¯¯¯¯¯¯¯¯¯¯¯¯¯¯¯¯¯¯¯¯¯¯¯¯¯¯¯¯¯¯¯¯¯¯¯¯¯¯¯¯¯¯¯¯¯¯¯¯¯¯¯¯¯¯¯¯¯¯¯¯¯¯¯¯¯¯¯¯¯¯¯¯¯¯
 License information 

 BSD 2-Clause License 

 Copyright (c) 2017, Eric Bradford, Artur M. Schweidtmann and Alexei Lapkin
 All rights reserved. 

 Redistribution and use in source and binary forms, with or without
 modification, are permitted provided that the following conditions are met: 

 *Redistributions of source code must retain the above copyright notice, this   
  list of conditions and the following disclaimer. 

 *Redistributions in binary form must reproduce the above copyright notice,   
  this list of conditions and the following disclaimer in the documentation   
  and/or other materials provided with the distribution. 

 Modified by Mina Konakovic Lukovic 2019. 

 ¯¯¯¯¯¯¯¯¯¯¯¯¯¯¯¯¯¯¯¯¯¯¯¯¯¯¯¯¯¯¯¯¯¯¯¯¯¯¯¯¯¯¯¯¯¯¯¯¯¯¯¯¯¯¯¯¯¯¯¯¯¯¯¯¯¯¯¯¯¯¯¯¯¯¯¯¯¯¯¯¯¯¯¯¯¯¯¯¯¯¯¯¯¯¯¯¯¯¯¯¯¯
 Problem specifications 

 Function used:   consta 

 Number of inputs:   6
 Number of outputs:  3 

 Lower bounds of decision variables:
      x1      x2      x3      x4      x5      x6
  0.0000  0.0000  0.0000  0.0000  0.0000  0.0000
 
 Upper bounds of decision variables:
      x1      x2      x3      x4      x5      x6
  1.0000  1.0000  0.5000  1.0000  1.0000  1.0000
 ¯¯¯¯¯¯¯¯¯¯¯¯¯¯¯¯¯¯¯¯¯¯¯¯¯¯¯¯¯¯¯¯¯¯¯¯¯¯¯¯¯¯¯¯¯¯¯¯¯¯¯¯¯¯¯¯¯¯¯¯¯¯¯¯¯¯¯¯¯¯¯¯¯¯¯¯¯¯¯¯¯¯¯¯¯¯¯¯¯¯¯¯¯¯¯¯¯¯¯¯¯¯
 Algorithm options 

 Maximum number of function evaluations:  4
 Sample batch size:                       4
 Number of algorithm iterations:          1 

 Genetic algorithm population size:        200
 Genetic algorithm number of generations:  200 

                                               f1      f2      f3
 Number of spectral sampling points:         4000    4000    4000
 Type of matern function:                       5       5       5
 Direct evaluations per input dimension:      200     200     200
 ¯¯¯¯¯¯¯¯¯¯¯¯¯¯¯¯¯¯¯¯¯¯¯¯¯¯¯¯¯¯¯¯¯¯¯¯¯¯¯¯¯¯¯¯¯¯¯¯¯¯¯¯¯¯¯¯¯¯¯¯¯¯¯¯¯¯¯¯¯¯¯¯¯¯¯¯¯¯¯¯¯¯¯¯¯¯¯¯¯¯¯¯¯¯¯¯¯¯¯¯¯¯
 Initial data set 

 Number of initial data points:  138 

 Initial input data matrix:
      x1      x2      x3      x4      x5      x6
  0.3200  0.1300  0.0500  0.2100  0.0400  0.2500
  0.0000  0.1800  0.2100  0.2800  0.2000  0.1300
  0.0000  0.0200  0.3800  0.0400  0.2900  0.2700
  0.1900  0.3000  0.1000  0.0600  0.0700  0.2800
  0.0800  0.1600  0.1400  0.0400  0.1900  0.3900
  0.3400  0.0600  0.2300  0.1600  0.1900  0.0200
  0.1400  0.1000  0.0700  0.2000  0.2700  0.2200
  0.0700  0.0700  0.3200  0.2100  0.0300  0.3000
  0.0200  0.0100  0.2700  0.1300  0.4900  0.0800
  0.0900  0.3200  0.0300  0.1300  0.3700  0.0600
  0.0800  0.2100  0.0200  0.0000  0.6100  0.0800
  0.0900  0.3200  0.0400  0.2100  0.1700  0.1700
  0.1400  0.3000  0.0700  0.1000  0.2500  0.1400
  0.0400  0.1700  0.0700  0.2200  0.2400  0.2600
  0.1700  0.1500  0.2800  0.2900  0.0000  0.1100
  0.1000  0.1400  0.1400  0.2600  0.2700  0.0900
  1.0000  0.0000  0.0000  0.0000  0.0000  0.0000
  0.0000  1.0000  0.0000  0.0000  0.0000  0.0000
  0.0000  0.0000  0.0000  1.0000  0.0000  0.0000
  0.6000  0.4000  0.0000  0.0000  0.0000  0.0000
  0.5500  0.4500  0.0000  0.0000  0.0000  0.0000
  0.5000  0.5000  0.0000  0.0000  0.0000  0.0000
  0.4500  0.5500  0.0000  0.0000  0.0000  0.0000
  0.4000  0.6000  0.0000  0.0000  0.0000  0.0000
  0.2700  0.4400  0.0900  0.0400  0.0800  0.0800
  0.0400  0.1900  0.3600  0.2000  0.1200  0.0900
  0.0000  0.5900  0.0000  0.0800  0.0800  0.2500
  0.0000  0.3900  0.1300  0.0700  0.0300  0.3800
  0.0100  0.5100  0.0000  0.1000  0.0200  0.3600
  0.0100  0.6200  0.0100  0.0300  0.1000  0.2300
  0.0600  0.3000  0.4100  0.0100  0.0100  0.2100
  0.0800  0.3200  0.5000  0.0700  0.0200  0.0100
  0.1500  0.2800  0.2500  0.0100  0.0600  0.2500
  0.0000  0.0000  0.0000  0.0000  0.0000  1.0000
  0.0000  0.0000  0.0000  0.0000  1.0000  0.0000
  0.0200  0.1100  0.0000  0.5000  0.0300  0.3400
  0.0100  0.1900  0.0000  0.0000  0.0000  0.8000
  0.0100  0.3900  0.0000  0.0200  0.0100  0.5700
  0.1800  0.1200  0.0000  0.3600  0.0000  0.3400
  0.0100  0.0000  0.1300  0.2500  0.0000  0.6100
  0.3200  0.0000  0.1200  0.0100  0.0000  0.5500
  0.0100  0.1500  0.1000  0.2100  0.0000  0.5300
  0.0100  0.0000  0.1500  0.2500  0.0000  0.5900
  0.1500  0.4500  0.0400  0.0300  0.0100  0.3200
  0.0500  0.3200  0.0000  0.5700  0.0600  0.0000
  0.3100  0.5200  0.0000  0.0800  0.0200  0.0700
  0.1500  0.0400  0.1300  0.6700  0.0100  0.0000
  0.0000  0.2100  0.2000  0.5800  0.0100  0.0000
  0.0000  0.0100  0.2800  0.6700  0.0100  0.0300
  0.0100  0.2800  0.1100  0.4600  0.1100  0.0300
  0.4900  0.0600  0.0000  0.1400  0.0200  0.2900
  0.1400  0.0000  0.0700  0.0100  0.0100  0.7700
  0.0300  0.5800  0.1800  0.0400  0.1000  0.0700
  0.0000  0.3100  0.0100  0.0200  0.1500  0.5100
  0.2500  0.0100  0.0100  0.0400  0.1300  0.5600
  0.2900  0.4500  0.0600  0.0800  0.1200  0.0000
  0.0200  0.0100  0.1600  0.0100  0.5000  0.3000
  0.0200  0.2400  0.0000  0.0300  0.2600  0.4500
  0.0000  0.0100  0.0000  0.0100  0.2700  0.7100
  0.0900  0.0200  0.0000  0.0600  0.4000  0.4300
  0.0000  0.1600  0.0000  0.0000  0.2500  0.5900
  0.3200  0.0900  0.0200  0.0100  0.0100  0.5500
  0.0000  0.0800  0.1300  0.0000  0.1100  0.6800
  0.3900  0.0100  0.0300  0.0000  0.0000  0.5700
  0.2600  0.1800  0.0200  0.0100  0.0100  0.5200
  0.2000  0.1600  0.0000  0.0000  0.0000  0.6400
  0.5100  0.3100  0.0700  0.0100  0.0100  0.0900
  0.1400  0.1700  0.0200  0.0000  0.0000  0.6700
  0.0000  0.0300  0.0200  0.2100  0.3200  0.4200
  0.5700  0.0000  0.1100  0.0100  0.1000  0.2100
  0.5100  0.2500  0.1000  0.0200  0.1200  0.0000
  0.5100  0.0100  0.0700  0.0200  0.1100  0.2800
  0.0000  0.0000  0.0000  0.0200  0.0000  0.9800
  0.6000  0.0000  0.0300  0.0000  0.0200  0.3500
  0.3400  0.0000  0.1100  0.0100  0.0600  0.4800
  0.4400  0.1100  0.1100  0.0000  0.0600  0.2800
  0.6600  0.0000  0.0800  0.0000  0.0000  0.2600
  0.3700  0.4700  0.1000  0.0000  0.0600  0.0000
  0.4400  0.3000  0.0900  0.0400  0.1300  0.0000
  0.2700  0.6100  0.1200  0.0000  0.0000  0.0000
  0.0100  0.0000  0.0000  0.0200  0.0800  0.8900
  0.2100  0.1100  0.0600  0.0000  0.1400  0.4800
  0.5200  0.0100  0.0100  0.0000  0.0000  0.4600
  0.0000  0.3800  0.0100  0.0000  0.0000  0.6100
  0.0000  0.3100  0.0100  0.0000  0.0000  0.6800
  0.3200  0.3400  0.0200  0.0000  0.0100  0.3100
  0.0100  0.4100  0.0000  0.0000  0.0100  0.5700
  0.0000  0.4100  0.0000  0.1300  0.0000  0.4600
  0.0000  0.1800  0.0000  0.2600  0.0100  0.5500
  0.0400  0.4500  0.0000  0.0700  0.0100  0.4300
  0.0000  0.2500  0.0000  0.2500  0.0000  0.5000
  0.3600  0.2000  0.0200  0.0800  0.0000  0.3400
  0.2100  0.0000  0.0000  0.3300  0.0100  0.4500
  0.2500  0.0000  0.0000  0.3100  0.0100  0.4300
  0.1900  0.0000  0.0000  0.3200  0.0100  0.4800
  0.0000  0.6300  0.1000  0.0000  0.0000  0.2700
  0.0000  0.6600  0.0900  0.0000  0.0000  0.2500
  0.0000  0.3300  0.1100  0.0100  0.0000  0.5500
  0.0000  0.6800  0.0900  0.0000  0.0100  0.2200
  0.3500  0.0000  0.0000  0.0100  0.0000  0.6400
  0.0100  0.0000  0.0000  0.3600  0.0000  0.6300
  0.4800  0.0000  0.0100  0.0000  0.1200  0.3900
  0.3900  0.0000  0.0000  0.0200  0.0100  0.5800
  0.4000  0.1700  0.0000  0.0000  0.1200  0.3100
  0.4400  0.2700  0.0000  0.0000  0.1700  0.1200
  0.3400  0.1400  0.0000  0.0000  0.1300  0.3900
  0.3300  0.1200  0.0000  0.0000  0.1300  0.4200
  0.3900  0.0000  0.0000  0.0000  0.2200  0.3900
  0.3900  0.3100  0.0000  0.0000  0.2200  0.0800
  0.4100  0.0000  0.0000  0.0000  0.2500  0.3400
  0.3500  0.0000  0.0000  0.0000  0.2000  0.4500
  0.3300  0.0000  0.0000  0.0000  0.2100  0.4600
  0.3100  0.0000  0.0000  0.0000  0.2000  0.4900
  0.3500  0.0000  0.0000  0.0000  0.2100  0.4400
  0.2000  0.0000  0.0000  0.0000  0.0100  0.7900
  0.5000  0.0000  0.0000  0.0000  0.3000  0.2000
  0.5300  0.0600  0.0000  0.0000  0.3200  0.0900
  0.5300  0.0000  0.0000  0.0000  0.3300  0.1400
  0.4200  0.0000  0.0000  0.0000  0.2700  0.3100
  0.4200  0.0100  0.0000  0.0000  0.1400  0.4300
  0.3900  0.0000  0.0000  0.0000  0.1300  0.4800
  0.4400  0.0000  0.0000  0.0500  0.1300  0.3800
  0.2800  0.0000  0.0000  0.1100  0.0800  0.5300
  0.4200  0.1200  0.0000  0.0000  0.0600  0.4000
  0.4200  0.1100  0.0000  0.0100  0.0700  0.3900
  0.4200  0.1100  0.0000  0.0000  0.0400  0.4300
  0.4500  0.0800  0.0000  0.0000  0.0500  0.4200
  0.4100  0.1400  0.0000  0.0000  0.0700  0.3800
  0.4100  0.1200  0.0000  0.0000  0.0600  0.4100
  0.4200  0.1600  0.0000  0.0000  0.0700  0.3500
  0.4000  0.1300  0.0000  0.0000  0.0800  0.3900
  0.2500  0.0000  0.0000  0.0000  0.0000  0.7500
  0.2700  0.0000  0.0000  0.0000  0.0000  0.7300
  0.2300  0.0000  0.0000  0.0000  0.0000  0.7700
  0.2400  0.0000  0.0000  0.0000  0.0000  0.7600
  0.2700  0.0000  0.0000  0.0000  0.1400  0.5900
  0.3000  0.0000  0.0000  0.0000  0.0900  0.6100
  0.3200  0.0100  0.0000  0.0000  0.0900  0.5800

 Initial output data matrix:
      f1      f2      f3
-477.3645 -1.2974-78049.1925
-454.7535 -1.3662-68112.8155
-279.9044 -2.1133-51731.0693
-469.5247 -1.7578-77876.9026
-440.0426 -1.9634-76654.9118
-365.6047 -1.2303-62118.0243
-410.9856 -1.1190-66049.6554
-136.1656 -0.8962-22268.5639
-369.0088 -1.3142-61644.3643
-533.9811 -0.8968-68784.7611
-442.6768 -0.7257-59416.2131
-507.4257 -0.9822-66650.9629
-443.6008 -1.1184-65323.0907
-489.5899 -1.3294-72483.9913
-359.3333 -1.7335-60280.1487
-485.2462 -0.8865-66192.4108
-228.9585 -0.7284-49588.2084
-435.6576 -1.1748-60782.1527
-368.0328 -0.0378-29839.9581
-558.3333 -1.0147-72324.3305
-545.1107 -1.0090-76481.1353
-595.9865 -1.0313-80252.0073
-577.5167 -1.0272-78299.5278
-603.0115 -1.0486-79494.8772
-536.4679 -1.3385-83057.1828
-380.6202 -1.5761-63939.3838
-487.9964 -1.6929-74452.7693
-492.2164 -2.0354-77476.1977
-483.0457 -1.7036-74331.8675
-461.0062 -1.5331-68683.9650
-428.6732 -1.9582-73565.0149
-420.3458 -1.7501-70958.0370
-185.7397 -1.9998-39188.2443
-307.5914 -2.9333-68673.8814
-248.0791 -0.3369-41639.4837
-330.4220 -1.6093-58954.7196
-261.1897 -2.5356-54113.5267
-374.3907 -2.1313-72005.0906
-442.1932 -1.6426-73645.0393
-325.5454 -2.2577-65492.6760
-407.4563 -1.7142-79298.8675
-280.7768 -2.0890-55835.4428
-345.4445 -2.2639-66935.4850
-337.8766 -1.7123-65225.4544
-380.5099 -0.6146-47362.4095
-423.7886 -1.3121-68132.9194
-412.9137 -0.7221-59055.9302
-389.7163 -1.2975-60315.7332
-243.9299 -1.5816-43427.1956
-418.8166 -1.1219-61444.5239
-463.1094 -1.4660-81856.9346
-260.4919 -1.9421-59060.6871
-461.1271 -1.5697-75813.0466
-434.9195 -1.9723-80545.7853
-411.2741 -1.7072-85333.3874
-593.8157 -1.0758-82484.6477
-331.6431 -1.2261-62332.4475
-461.8788 -1.5726-80820.6379
-386.3988 -1.9098-76223.9832
-458.6168 -1.3865-78606.8274
-386.1546 -1.7969-73308.3934
-420.6757 -1.8963-83069.8760
-256.3444 -2.2542-53258.3199
-343.7864 -1.8975-72697.8828
-317.0968 -1.9236-66141.3310
-405.5608 -1.9380-81223.2023
-579.2708 -1.0437-87100.5169
-297.2664 -2.2664-61771.9743
-230.0024 -1.7750-53153.7094
-296.3126 -0.8946-60049.3899
-625.1337 -1.1253-94708.7918
-559.4404 -1.5604-98460.5528
-350.2734 -2.6724-74202.1381
-483.8073 -1.5770-91455.1658
-333.6048 -1.8340-67470.0844
-401.3639 -1.5176-75081.6898
-339.8147 -1.1731-68370.6235
-619.8270 -1.3159-92324.8900
-456.6095 -1.0320-73399.8497
-527.1160 -1.2052-80673.3135
-182.0132 -2.1459-33836.3245
-299.4935 -1.9115-62779.5207
-342.4831 -1.8084-73190.6083
-292.5484 -2.1003-64376.6034
-284.1961 -2.0337-60695.8700
-418.6794 -1.5121-75788.0791
-272.5130 -1.9527-60034.6655
-324.9663 -1.9969-65021.8788
-361.4059 -2.0913-69395.5054
-310.1195 -1.9192-61302.0228
-321.0298 -2.0199-62665.9535
-408.2643 -1.5818-76317.7672
-398.2560 -1.9114-74552.8783
-437.9660 -1.8110-79745.2693
-402.9772 -1.8842-75747.1961
-367.7646 -1.7661-65605.9795
-392.9406 -1.8913-69484.2021
-317.1051 -2.1952-63761.7220
-355.6015 -1.8014-64450.3268
-438.2688 -2.1205-87348.6010
-334.7339 -2.0407-65124.3183
-514.0293 -1.5443-93643.6527
-526.1093 -1.9176-98663.7705
-555.0826 -1.4101-91162.3449
-653.9760 -1.1215-96005.8355
-613.3157 -1.3545-102903.8092
-574.5688 -1.4762-99854.6710
-596.1996 -1.5851-97568.0584
-673.8733 -1.3085-96609.9429
-570.9253 -1.5720-97057.6408
-453.6160 -1.8559-85374.7271
-512.3685 -1.7799-93175.9066
-384.8236 -1.8510-77997.5467
-536.0149 -1.7113-96497.9814
-289.9712 -1.9717-66399.4183
-596.7186 -0.9982-92484.7776
-390.5278 -0.8869-64360.6166
-429.9865 -0.7968-68899.7837
-397.0291 -1.0850-76450.3138
-413.4216 -1.7276-80202.5821
-512.4700 -1.6664-92116.8858
-627.3105 -1.5880-103558.9154
-459.2870 -1.8760-85164.1567
-489.1206 -1.8652-89171.2803
-523.3253 -1.8184-92589.2154
-483.7090 -2.0071-89596.8710
-506.5947 -1.8726-91082.8276
-414.5373 -1.4395-76845.5530
-497.6451 -1.5944-86257.9869
-387.4478 -1.5175-74536.3039
-605.3055 -1.7013-100894.6560
-330.1772 -2.3875-72121.0094
-430.6648 -2.0605-85776.8507
-379.2996 -1.2350-79505.9871
-229.3444 -2.2913-55840.0617
-373.9609 -1.7620-76874.3459
-304.9460 -1.8920-67570.8658
-474.1479 -1.6447-89096.7259

 ¯¯¯¯¯¯¯¯¯¯¯¯¯¯¯¯¯¯¯¯¯¯¯¯¯¯¯¯¯¯¯¯¯¯¯¯¯¯¯¯¯¯¯¯¯¯¯¯¯¯¯¯¯¯¯¯¯¯¯¯¯¯¯¯¯¯¯¯¯¯¯¯¯¯¯¯¯¯¯¯¯¯¯¯¯¯¯¯¯¯¯¯¯¯¯¯¯¯¯¯¯¯
 Algorithm iteration 1 

 Predicted hypervolume improvement:    0.0000
 Time taken:   47.7084 

 Proposed evaluation point(s): 
      x1      x2      x3      x4      x5      x6
  0.0000  0.0000  0.0000  1.0000  0.0000  0.0000
  0.0000  0.0000  0.0000  1.0000  0.0000  0.0000
  0.0000  0.0000  0.0000  1.0000  0.0000  0.0000
  0.0000  0.0000  0.0000  1.0000  0.0000  0.0000

 Corresponding observation(s): 
      f1      f2      f3
-430.1750 -0.2314-37104.8674
-430.1750 -0.2314-37104.8674
-430.1750 -0.2314-37104.8674
-430.1750 -0.2314-37104.8674

 ¯¯¯¯¯¯¯¯¯¯¯¯¯¯¯¯¯¯¯¯¯¯¯¯¯¯¯¯¯¯¯¯¯¯¯¯¯¯¯¯¯¯¯¯¯¯¯¯¯¯¯¯¯¯¯¯¯¯¯¯¯¯¯¯¯¯¯¯¯¯¯¯¯¯¯¯¯¯¯¯¯¯¯¯¯¯¯¯¯¯¯¯¯¯¯¯¯¯¯¯¯¯
 Final algorithm output 

 Final input data matrix:
        x1        x2        x3        x4        x5        x6
    0.3200    0.1300    0.0500    0.2100    0.0400    0.2500
    0.0000    0.1800    0.2100    0.2800    0.2000    0.1300
    0.0000    0.0200    0.3800    0.0400    0.2900    0.2700
    0.1900    0.3000    0.1000    0.0600    0.0700    0.2800
    0.0800    0.1600    0.1400    0.0400    0.1900    0.3900
    0.3400    0.0600    0.2300    0.1600    0.1900    0.0200
    0.1400    0.1000    0.0700    0.2000    0.2700    0.2200
    0.0700    0.0700    0.3200    0.2100    0.0300    0.3000
    0.0200    0.0100    0.2700    0.1300    0.4900    0.0800
    0.0900    0.3200    0.0300    0.1300    0.3700    0.0600
    0.0800    0.2100    0.0200    0.0000    0.6100    0.0800
    0.0900    0.3200    0.0400    0.2100    0.1700    0.1700
    0.1400    0.3000    0.0700    0.1000    0.2500    0.1400
    0.0400    0.1700    0.0700    0.2200    0.2400    0.2600
    0.1700    0.1500    0.2800    0.2900    0.0000    0.1100
    0.1000    0.1400    0.1400    0.2600    0.2700    0.0900
    1.0000    0.0000    0.0000    0.0000    0.0000    0.0000
    0.0000    1.0000    0.0000    0.0000    0.0000    0.0000
    0.0000    0.0000    0.0000    1.0000    0.0000    0.0000
    0.6000    0.4000    0.0000    0.0000    0.0000    0.0000
    0.5500    0.4500    0.0000    0.0000    0.0000    0.0000
    0.5000    0.5000    0.0000    0.0000    0.0000    0.0000
    0.4500    0.5500    0.0000    0.0000    0.0000    0.0000
    0.4000    0.6000    0.0000    0.0000    0.0000    0.0000
    0.2700    0.4400    0.0900    0.0400    0.0800    0.0800
    0.0400    0.1900    0.3600    0.2000    0.1200    0.0900
    0.0000    0.5900    0.0000    0.0800    0.0800    0.2500
    0.0000    0.3900    0.1300    0.0700    0.0300    0.3800
    0.0100    0.5100    0.0000    0.1000    0.0200    0.3600
    0.0100    0.6200    0.0100    0.0300    0.1000    0.2300
    0.0600    0.3000    0.4100    0.0100    0.0100    0.2100
    0.0800    0.3200    0.5000    0.0700    0.0200    0.0100
    0.1500    0.2800    0.2500    0.0100    0.0600    0.2500
    0.0000    0.0000    0.0000    0.0000    0.0000    1.0000
    0.0000    0.0000    0.0000    0.0000    1.0000    0.0000
    0.0200    0.1100    0.0000    0.5000    0.0300    0.3400
    0.0100    0.1900    0.0000    0.0000    0.0000    0.8000
    0.0100    0.3900    0.0000    0.0200    0.0100    0.5700
    0.1800    0.1200    0.0000    0.3600    0.0000    0.3400
    0.0100    0.0000    0.1300    0.2500    0.0000    0.6100
    0.3200    0.0000    0.1200    0.0100    0.0000    0.5500
    0.0100    0.1500    0.1000    0.2100    0.0000    0.5300
    0.0100    0.0000    0.1500    0.2500    0.0000    0.5900
    0.1500    0.4500    0.0400    0.0300    0.0100    0.3200
    0.0500    0.3200    0.0000    0.5700    0.0600    0.0000
    0.3100    0.5200    0.0000    0.0800    0.0200    0.0700
    0.1500    0.0400    0.1300    0.6700    0.0100    0.0000
    0.0000    0.2100    0.2000    0.5800    0.0100    0.0000
    0.0000    0.0100    0.2800    0.6700    0.0100    0.0300
    0.0100    0.2800    0.1100    0.4600    0.1100    0.0300
    0.4900    0.0600    0.0000    0.1400    0.0200    0.2900
    0.1400    0.0000    0.0700    0.0100    0.0100    0.7700
    0.0300    0.5800    0.1800    0.0400    0.1000    0.0700
    0.0000    0.3100    0.0100    0.0200    0.1500    0.5100
    0.2500    0.0100    0.0100    0.0400    0.1300    0.5600
    0.2900    0.4500    0.0600    0.0800    0.1200    0.0000
    0.0200    0.0100    0.1600    0.0100    0.5000    0.3000
    0.0200    0.2400    0.0000    0.0300    0.2600    0.4500
    0.0000    0.0100    0.0000    0.0100    0.2700    0.7100
    0.0900    0.0200    0.0000    0.0600    0.4000    0.4300
    0.0000    0.1600    0.0000    0.0000    0.2500    0.5900
    0.3200    0.0900    0.0200    0.0100    0.0100    0.5500
    0.0000    0.0800    0.1300    0.0000    0.1100    0.6800
    0.3900    0.0100    0.0300    0.0000    0.0000    0.5700
    0.2600    0.1800    0.0200    0.0100    0.0100    0.5200
    0.2000    0.1600    0.0000    0.0000    0.0000    0.6400
    0.5100    0.3100    0.0700    0.0100    0.0100    0.0900
    0.1400    0.1700    0.0200    0.0000    0.0000    0.6700
    0.0000    0.0300    0.0200    0.2100    0.3200    0.4200
    0.5700    0.0000    0.1100    0.0100    0.1000    0.2100
    0.5100    0.2500    0.1000    0.0200    0.1200    0.0000
    0.5100    0.0100    0.0700    0.0200    0.1100    0.2800
    0.0000    0.0000    0.0000    0.0200    0.0000    0.9800
    0.6000    0.0000    0.0300    0.0000    0.0200    0.3500
    0.3400    0.0000    0.1100    0.0100    0.0600    0.4800
    0.4400    0.1100    0.1100    0.0000    0.0600    0.2800
    0.6600    0.0000    0.0800    0.0000    0.0000    0.2600
    0.3700    0.4700    0.1000    0.0000    0.0600    0.0000
    0.4400    0.3000    0.0900    0.0400    0.1300    0.0000
    0.2700    0.6100    0.1200    0.0000    0.0000    0.0000
    0.0100    0.0000    0.0000    0.0200    0.0800    0.8900
    0.2100    0.1100    0.0600    0.0000    0.1400    0.4800
    0.5200    0.0100    0.0100    0.0000    0.0000    0.4600
    0.0000    0.3800    0.0100    0.0000    0.0000    0.6100
    0.0000    0.3100    0.0100    0.0000    0.0000    0.6800
    0.3200    0.3400    0.0200    0.0000    0.0100    0.3100
    0.0100    0.4100    0.0000    0.0000    0.0100    0.5700
    0.0000    0.4100    0.0000    0.1300    0.0000    0.4600
    0.0000    0.1800    0.0000    0.2600    0.0100    0.5500
    0.0400    0.4500    0.0000    0.0700    0.0100    0.4300
    0.0000    0.2500    0.0000    0.2500    0.0000    0.5000
    0.3600    0.2000    0.0200    0.0800    0.0000    0.3400
    0.2100    0.0000    0.0000    0.3300    0.0100    0.4500
    0.2500    0.0000    0.0000    0.3100    0.0100    0.4300
    0.1900    0.0000    0.0000    0.3200    0.0100    0.4800
    0.0000    0.6300    0.1000    0.0000    0.0000    0.2700
    0.0000    0.6600    0.0900    0.0000    0.0000    0.2500
    0.0000    0.3300    0.1100    0.0100    0.0000    0.5500
    0.0000    0.6800    0.0900    0.0000    0.0100    0.2200
    0.3500    0.0000    0.0000    0.0100    0.0000    0.6400
    0.0100    0.0000    0.0000    0.3600    0.0000    0.6300
    0.4800    0.0000    0.0100    0.0000    0.1200    0.3900
    0.3900    0.0000    0.0000    0.0200    0.0100    0.5800
    0.4000    0.1700    0.0000    0.0000    0.1200    0.3100
    0.4400    0.2700    0.0000    0.0000    0.1700    0.1200
    0.3400    0.1400    0.0000    0.0000    0.1300    0.3900
    0.3300    0.1200    0.0000    0.0000    0.1300    0.4200
    0.3900    0.0000    0.0000    0.0000    0.2200    0.3900
    0.3900    0.3100    0.0000    0.0000    0.2200    0.0800
    0.4100    0.0000    0.0000    0.0000    0.2500    0.3400
    0.3500    0.0000    0.0000    0.0000    0.2000    0.4500
    0.3300    0.0000    0.0000    0.0000    0.2100    0.4600
    0.3100    0.0000    0.0000    0.0000    0.2000    0.4900
    0.3500    0.0000    0.0000    0.0000    0.2100    0.4400
    0.2000    0.0000    0.0000    0.0000    0.0100    0.7900
    0.5000    0.0000    0.0000    0.0000    0.3000    0.2000
    0.5300    0.0600    0.0000    0.0000    0.3200    0.0900
    0.5300    0.0000    0.0000    0.0000    0.3300    0.1400
    0.4200    0.0000    0.0000    0.0000    0.2700    0.3100
    0.4200    0.0100    0.0000    0.0000    0.1400    0.4300
    0.3900    0.0000    0.0000    0.0000    0.1300    0.4800
    0.4400    0.0000    0.0000    0.0500    0.1300    0.3800
    0.2800    0.0000    0.0000    0.1100    0.0800    0.5300
    0.4200    0.1200    0.0000    0.0000    0.0600    0.4000
    0.4200    0.1100    0.0000    0.0100    0.0700    0.3900
    0.4200    0.1100    0.0000    0.0000    0.0400    0.4300
    0.4500    0.0800    0.0000    0.0000    0.0500    0.4200
    0.4100    0.1400    0.0000    0.0000    0.0700    0.3800
    0.4100    0.1200    0.0000    0.0000    0.0600    0.4100
    0.4200    0.1600    0.0000    0.0000    0.0700    0.3500
    0.4000    0.1300    0.0000    0.0000    0.0800    0.3900
    0.2500    0.0000    0.0000    0.0000    0.0000    0.7500
    0.2700    0.0000    0.0000    0.0000    0.0000    0.7300
    0.2300    0.0000    0.0000    0.0000    0.0000    0.7700
    0.2400    0.0000    0.0000    0.0000    0.0000    0.7600
    0.2700    0.0000    0.0000    0.0000    0.1400    0.5900
    0.3000    0.0000    0.0000    0.0000    0.0900    0.6100
    0.3200    0.0100    0.0000    0.0000    0.0900    0.5800
    0.0000    0.0000    0.0000    1.0000    0.0000    0.0000
    0.0000    0.0000    0.0000    1.0000    0.0000    0.0000
    0.0000    0.0000    0.0000    1.0000    0.0000    0.0000
    0.0000    0.0000    0.0000    1.0000    0.0000    0.0000

 Final output data matrix:
        f1        f2        f3
 -477.3645   -1.2974-78049.1925
 -454.7535   -1.3662-68112.8155
 -279.9044   -2.1133-51731.0693
 -469.5247   -1.7578-77876.9026
 -440.0426   -1.9634-76654.9118
 -365.6047   -1.2303-62118.0243
 -410.9856   -1.1190-66049.6554
 -136.1656   -0.8962-22268.5639
 -369.0088   -1.3142-61644.3643
 -533.9811   -0.8968-68784.7611
 -442.6768   -0.7257-59416.2131
 -507.4257   -0.9822-66650.9629
 -443.6008   -1.1184-65323.0907
 -489.5899   -1.3294-72483.9913
 -359.3333   -1.7335-60280.1487
 -485.2462   -0.8865-66192.4108
 -228.9585   -0.7284-49588.2084
 -435.6576   -1.1748-60782.1527
 -368.0328   -0.0378-29839.9581
 -558.3333   -1.0147-72324.3305
 -545.1107   -1.0090-76481.1353
 -595.9865   -1.0313-80252.0073
 -577.5167   -1.0272-78299.5278
 -603.0115   -1.0486-79494.8772
 -536.4679   -1.3385-83057.1828
 -380.6202   -1.5761-63939.3838
 -487.9964   -1.6929-74452.7693
 -492.2164   -2.0354-77476.1977
 -483.0457   -1.7036-74331.8675
 -461.0062   -1.5331-68683.9650
 -428.6732   -1.9582-73565.0149
 -420.3458   -1.7501-70958.0370
 -185.7397   -1.9998-39188.2443
 -307.5914   -2.9333-68673.8814
 -248.0791   -0.3369-41639.4837
 -330.4220   -1.6093-58954.7196
 -261.1897   -2.5356-54113.5267
 -374.3907   -2.1313-72005.0906
 -442.1932   -1.6426-73645.0393
 -325.5454   -2.2577-65492.6760
 -407.4563   -1.7142-79298.8675
 -280.7768   -2.0890-55835.4428
 -345.4445   -2.2639-66935.4850
 -337.8766   -1.7123-65225.4544
 -380.5099   -0.6146-47362.4095
 -423.7886   -1.3121-68132.9194
 -412.9137   -0.7221-59055.9302
 -389.7163   -1.2975-60315.7332
 -243.9299   -1.5816-43427.1956
 -418.8166   -1.1219-61444.5239
 -463.1094   -1.4660-81856.9346
 -260.4919   -1.9421-59060.6871
 -461.1271   -1.5697-75813.0466
 -434.9195   -1.9723-80545.7853
 -411.2741   -1.7072-85333.3874
 -593.8157   -1.0758-82484.6477
 -331.6431   -1.2261-62332.4475
 -461.8788   -1.5726-80820.6379
 -386.3988   -1.9098-76223.9832
 -458.6168   -1.3865-78606.8274
 -386.1546   -1.7969-73308.3934
 -420.6757   -1.8963-83069.8760
 -256.3444   -2.2542-53258.3199
 -343.7864   -1.8975-72697.8828
 -317.0968   -1.9236-66141.3310
 -405.5608   -1.9380-81223.2023
 -579.2708   -1.0437-87100.5169
 -297.2664   -2.2664-61771.9743
 -230.0024   -1.7750-53153.7094
 -296.3126   -0.8946-60049.3899
 -625.1337   -1.1253-94708.7918
 -559.4404   -1.5604-98460.5528
 -350.2734   -2.6724-74202.1381
 -483.8073   -1.5770-91455.1658
 -333.6048   -1.8340-67470.0844
 -401.3639   -1.5176-75081.6898
 -339.8147   -1.1731-68370.6235
 -619.8270   -1.3159-92324.8900
 -456.6095   -1.0320-73399.8497
 -527.1160   -1.2052-80673.3135
 -182.0132   -2.1459-33836.3245
 -299.4935   -1.9115-62779.5207
 -342.4831   -1.8084-73190.6083
 -292.5484   -2.1003-64376.6034
 -284.1961   -2.0337-60695.8700
 -418.6794   -1.5121-75788.0791
 -272.5130   -1.9527-60034.6655
 -324.9663   -1.9969-65021.8788
 -361.4059   -2.0913-69395.5054
 -310.1195   -1.9192-61302.0228
 -321.0298   -2.0199-62665.9535
 -408.2643   -1.5818-76317.7672
 -398.2560   -1.9114-74552.8783
 -437.9660   -1.8110-79745.2693
 -402.9772   -1.8842-75747.1961
 -367.7646   -1.7661-65605.9795
 -392.9406   -1.8913-69484.2021
 -317.1051   -2.1952-63761.7220
 -355.6015   -1.8014-64450.3268
 -438.2688   -2.1205-87348.6010
 -334.7339   -2.0407-65124.3183
 -514.0293   -1.5443-93643.6527
 -526.1093   -1.9176-98663.7705
 -555.0826   -1.4101-91162.3449
 -653.9760   -1.1215-96005.8355
 -613.3157   -1.3545-102903.8092
 -574.5688   -1.4762-99854.6710
 -596.1996   -1.5851-97568.0584
 -673.8733   -1.3085-96609.9429
 -570.9253   -1.5720-97057.6408
 -453.6160   -1.8559-85374.7271
 -512.3685   -1.7799-93175.9066
 -384.8236   -1.8510-77997.5467
 -536.0149   -1.7113-96497.9814
 -289.9712   -1.9717-66399.4183
 -596.7186   -0.9982-92484.7776
 -390.5278   -0.8869-64360.6166
 -429.9865   -0.7968-68899.7837
 -397.0291   -1.0850-76450.3138
 -413.4216   -1.7276-80202.5821
 -512.4700   -1.6664-92116.8858
 -627.3105   -1.5880-103558.9154
 -459.2870   -1.8760-85164.1567
 -489.1206   -1.8652-89171.2803
 -523.3253   -1.8184-92589.2154
 -483.7090   -2.0071-89596.8710
 -506.5947   -1.8726-91082.8276
 -414.5373   -1.4395-76845.5530
 -497.6451   -1.5944-86257.9869
 -387.4478   -1.5175-74536.3039
 -605.3055   -1.7013-100894.6560
 -330.1772   -2.3875-72121.0094
 -430.6648   -2.0605-85776.8507
 -379.2996   -1.2350-79505.9871
 -229.3444   -2.2913-55840.0617
 -373.9609   -1.7620-76874.3459
 -304.9460   -1.8920-67570.8658
 -474.1479   -1.6447-89096.7259
 -430.1750   -0.2314-37104.8674
 -430.1750   -0.2314-37104.8674
 -430.1750   -0.2314-37104.8674
 -430.1750   -0.2314-37104.8674

 Input data matrix of corresponding Pareto front:
        x1        x2        x3        x4        x5        x6
    0.0000    0.3900    0.1300    0.0700    0.0300    0.3800
    0.0000    0.0000    0.0000    0.0000    0.0000    1.0000
    0.0100    0.3900    0.0000    0.0200    0.0100    0.5700
    0.0000    0.0000    0.0000    0.0200    0.0000    0.9800
    0.3500    0.0000    0.0000    0.0100    0.0000    0.6400
    0.3900    0.0000    0.0000    0.0200    0.0100    0.5800
    0.3900    0.3100    0.0000    0.0000    0.2200    0.0800
    0.3500    0.0000    0.0000    0.0000    0.2100    0.4400
    0.4400    0.0000    0.0000    0.0500    0.1300    0.3800
    0.4200    0.1100    0.0000    0.0000    0.0400    0.4300
    0.4000    0.1300    0.0000    0.0000    0.0800    0.3900

 Output data matrix of corresponding Pareto front:
        f1        f2        f3
 -492.2164   -2.0354-77476.1977
 -307.5914   -2.9333-68673.8814
 -374.3907   -2.1313-72005.0906
 -350.2734   -2.6724-74202.1381
 -438.2688   -2.1205-87348.6010
 -526.1093   -1.9176-98663.7705
 -673.8733   -1.3085-96609.9429
 -536.0149   -1.7113-96497.9814
 -627.3105   -1.5880-103558.9154
 -483.7090   -2.0071-89596.8710
 -605.3055   -1.7013-100894.6560

 Input data matrix of Pareto front of final Gaussian process model:
        x1        x2        x3        x4        x5        x6
    0.0000    0.0000    0.0000    0.0000    0.0000    1.0000
    0.0000    0.0059    0.0000    0.0111    0.0878    0.8953
    0.4090    0.3996    0.0000    0.0005    0.1832    0.0076
    0.4098    0.0676    0.0000    0.0001    0.1705    0.3521
    0.4090    0.3996    0.0000    0.0005    0.1832    0.0076
    0.0000    0.0000    0.0000    0.0000    0.0000    1.0000
    0.3563    0.0948    0.0000    0.0029    0.0481    0.4980
    0.1350    0.0000    0.0000    0.0011    0.0000    0.8638
    0.2387    0.0000    0.0000    0.0004    0.0000    0.7609
    0.2419    0.0011    0.0000    0.0035    0.0005    0.7530
    0.3783    0.0919    0.0000    0.0000    0.0467    0.4831
    0.3977    0.0580    0.0000    0.0000    0.0790    0.4654
    0.0000    0.0033    0.0000    0.0152    0.0365    0.9450
    0.0000    0.0000    0.0000    0.0048    0.0246    0.9706
    0.1898    0.0016    0.0000    0.0002    0.0000    0.8084
    0.1439    0.0019    0.0000    0.0012    0.0004    0.8526
    0.3688    0.4776    0.0000    0.0005    0.1456    0.0076
    0.2652    0.0016    0.0000    0.0062    0.0001    0.7269
    0.1714    0.0077    0.0000    0.0044    0.0002    0.8162
    0.1463    0.0022    0.0000    0.0035    0.0034    0.8446
    0.3928    0.0296    0.0000    0.0030    0.1194    0.4552
    0.2056    0.0013    0.0000    0.0039    0.0005    0.7887
    0.3568    0.3082    0.0000    0.0024    0.1557    0.1769
    0.0000    0.0028    0.0000    0.0436    0.0418    0.9118
    0.3662    0.0343    0.0000    0.0058    0.1277    0.4660
    0.2026    0.0003    0.0000    0.0039    0.0005    0.7927
    0.3270    0.1675    0.0000    0.0003    0.0975    0.4077
    0.0586    0.0384    0.0000    0.0037    0.0036    0.8957
    0.3691    0.4582    0.0000    0.0004    0.1653    0.0069
    0.3866    0.1044    0.0000    0.0001    0.1592    0.3498
    0.3784    0.3002    0.0000    0.0021    0.1511    0.1682
    0.2115    0.0024    0.0000    0.0003    0.0005    0.7853
    0.3269    0.0314    0.0000    0.0032    0.0000    0.6385
    0.3787    0.0234    0.0000    0.0018    0.0000    0.5961
    0.3232    0.0011    0.0000    0.0030    0.0001    0.6727
    0.2580    0.0025    0.0000    0.0017    0.0001    0.7377
    0.3200    0.0023    0.0000    0.0232    0.0001    0.6544
    0.3055    0.0051    0.0000    0.0044    0.0000    0.6849
    0.1519    0.0040    0.0000    0.0045    0.0000    0.8396
    0.2521    0.0017    0.0000    0.0027    0.0001    0.7435
    0.3680    0.2319    0.0000    0.0023    0.1208    0.2770
    0.0534    0.0000    0.0000    0.0288    0.0000    0.9178
    0.0000    0.0064    0.0000    0.0148    0.0030    0.9758
    0.2704    0.0003    0.0000    0.0092    0.0000    0.7200
    0.2346    0.0000    0.0000    0.0011    0.0000    0.7644
    0.3688    0.1039    0.0000    0.0000    0.0583    0.4690
    0.3599    0.0923    0.0000    0.0003    0.0989    0.4486
    0.3741    0.3207    0.0000    0.0024    0.1298    0.1729
    0.3686    0.2709    0.0000    0.0000    0.1619    0.1987
    0.0000    0.0000    0.0000    0.0372    0.0339    0.9288
    0.1836    0.0028    0.0000    0.0042    0.0001    0.8092
    0.2181    0.0022    0.0000    0.0009    0.0000    0.7788
    0.2590    0.0071    0.0000    0.0026    0.0001    0.7312
    0.3364    0.3771    0.0000    0.0003    0.1211    0.1652
    0.3611    0.2443    0.0000    0.0021    0.1447    0.2477
    0.3891    0.4222    0.0000    0.0024    0.1317    0.0545
    0.3794    0.4060    0.0000    0.0024    0.1119    0.1002
    0.3899    0.0259    0.0000    0.0031    0.0512    0.5299
    0.2144    0.0021    0.0000    0.0009    0.0000    0.7826
    0.3499    0.1717    0.0000    0.0032    0.1783    0.2969
    0.3507    0.2262    0.0000    0.0022    0.1596    0.2613
    0.1955    0.0012    0.0000    0.0000    0.0009    0.8024
    0.3698    0.3135    0.0000    0.0004    0.1656    0.1507
    0.3504    0.3488    0.0000    0.0016    0.1496    0.1495
    0.3748    0.1765    0.0000    0.0015    0.1382    0.3091
    0.3772    0.0389    0.0000    0.0084    0.0000    0.5755
    0.3917    0.0212    0.0000    0.0019    0.0006    0.5845
    0.2951    0.0021    0.0000    0.0015    0.0005    0.7008
    0.3876    0.2236    0.0000    0.0000    0.1034    0.2854
    0.0000    0.0055    0.0000    0.0037    0.0525    0.9383
    0.3420    0.1037    0.0000    0.0169    0.1610    0.3764
    0.3786    0.1343    0.0000    0.0024    0.0834    0.4013
    0.2293    0.0012    0.0000    0.0049    0.0001    0.7646
    0.2665    0.0211    0.0000    0.0011    0.0000    0.7113
    0.3576    0.0257    0.0000    0.0031    0.0000    0.6137
    0.3565    0.2101    0.0000    0.0024    0.1095    0.3216
    0.1702    0.0000    0.0000    0.0000    0.0000    0.8298
    0.3721    0.3272    0.0000    0.0016    0.1496    0.1495
    0.0000    0.0000    0.0000    0.0137    0.0007    0.9856
    0.4139    0.0027    0.0000    0.0013    0.1620    0.4201
    0.2481    0.0016    0.0000    0.0009    0.0010    0.7484
    0.3442    0.3049    0.0000    0.0014    0.1296    0.2199
    0.3509    0.1008    0.0000    0.0023    0.0835    0.4626
    0.3977    0.1261    0.0000    0.0016    0.1466    0.3280
    0.0000    0.0039    0.0000    0.0082    0.0589    0.9291
    0.3597    0.3514    0.0000    0.0004    0.1784    0.1101
    0.4100    0.3801    0.0000    0.0016    0.1565    0.0518
    0.3092    0.0612    0.0000    0.0022    0.0004    0.6270
    0.0012    0.0000    0.0000    0.0036    0.0367    0.9585
    0.0000    0.0029    0.0000    0.0082    0.0315    0.9574
    0.2998    0.0557    0.0000    0.0013    0.0000    0.6432
    0.4211    0.1668    0.0000    0.0034    0.0554    0.3533
    0.3900    0.3271    0.0000    0.0004    0.1799    0.1025
    0.4309    0.0427    0.0000    0.0055    0.1410    0.3799
    0.3581    0.2372    0.0000    0.0000    0.1576    0.2471
    0.3643    0.3000    0.0000    0.0025    0.1940    0.1391
    0.2924    0.0013    0.0000    0.0009    0.0000    0.7053
    0.0344    0.0106    0.0000    0.0892    0.0004    0.8654
    0.2889    0.0050    0.0000    0.0000    0.0001    0.7060
    0.0000    0.0042    0.0000    0.0041    0.0186    0.9730
    0.3739    0.4175    0.0000    0.0022    0.1414    0.0650
    0.3656    0.2737    0.0000    0.0012    0.1522    0.2072
    0.2462    0.0024    0.0000    0.0016    0.0001    0.7496
    0.3371    0.0617    0.0000    0.0030    0.0000    0.5983
    0.0000    0.0065    0.0000    0.0217    0.0245    0.9473
    0.2609    0.0116    0.0000    0.0016    0.0001    0.7258
    0.0000    0.0058    0.0000    0.0027    0.1233    0.8682
    0.0000    0.0265    0.0000    0.0088    0.0655    0.8992
    0.3219    0.0714    0.0000    0.0158    0.0009    0.5899
    0.3618    0.3357    0.0000    0.0004    0.1912    0.1108
    0.2228    0.0000    0.0000    0.0000    0.0000    0.7772
    0.3680    0.0296    0.0000    0.0035    0.0000    0.5989
    0.4127    0.0409    0.0000    0.0022    0.0596    0.4847
    0.3909    0.1221    0.0000    0.0045    0.1639    0.3185
    0.4267    0.0059    0.0000    0.0028    0.1361    0.4285
    0.3197    0.0630    0.0000    0.0046    0.0000    0.6127
    0.4013    0.3921    0.0000    0.0005    0.1797    0.0265
    0.2478    0.0024    0.0000    0.0154    0.0004    0.7339
    0.2985    0.0120    0.0000    0.0012    0.0000    0.6883
    0.1674    0.0005    0.0000    0.0002    0.0000    0.8318
    0.3702    0.2461    0.0000    0.0022    0.1477    0.2338
    0.3796    0.0609    0.0000    0.0043    0.0661    0.4890
    0.1803    0.0011    0.0000    0.0043    0.0010    0.8133
    0.1792    0.0029    0.0000    0.0016    0.0001    0.8163
    0.3899    0.0472    0.0000    0.0004    0.0816    0.4808
    0.2239    0.0074    0.0000    0.0043    0.0001    0.7643
    0.3697    0.0817    0.0000    0.0101    0.0295    0.5090
    0.4008    0.0503    0.0000    0.0011    0.0001    0.5477
    0.0316    0.0125    0.0000    0.0819    0.0000    0.8740
    0.4331    0.0003    0.0000    0.0014    0.0005    0.5648
    0.3637    0.2111    0.0000    0.0000    0.1463    0.2789
    0.3642    0.3626    0.0000    0.0017    0.1555    0.1160
    0.0000    0.0028    0.0000    0.0170    0.1387    0.8415
    0.3272    0.1310    0.0000    0.0024    0.1481    0.3914
    0.3838    0.0950    0.0000    0.0016    0.0000    0.5196
    0.0000    0.0039    0.0000    0.0081    0.0649    0.9231
    0.3516    0.0164    0.0000    0.0000    0.0000    0.6321
    0.1108    0.0023    0.0000    0.0036    0.0086    0.8747
    0.4090    0.1384    0.0000    0.0001    0.1011    0.3514
    0.3572    0.0432    0.0000    0.0000    0.0000    0.5996
    0.3593    0.1168    0.0000    0.0003    0.1055    0.4181
    0.2160    0.0025    0.0000    0.0160    0.0004    0.7650
    0.1596    0.0014    0.0000    0.0014    0.0053    0.8322
    0.3015    0.0255    0.0000    0.0023    0.0000    0.6706
    0.3888    0.4065    0.0000    0.0026    0.1484    0.0537
    0.1259    0.0020    0.0000    0.0012    0.0004    0.8705
    0.3350    0.0613    0.0000    0.0030    0.0061    0.5946
    0.0000    0.0732    0.0000    0.0319    0.0333    0.8616
    0.3782    0.4449    0.0000    0.0004    0.1694    0.0071
    0.0000    0.0018    0.0000    0.0265    0.0000    0.9717
    0.3397    0.0751    0.0000    0.0093    0.0271    0.5488
    0.3901    0.0390    0.0000    0.0028    0.0193    0.5488
    0.3788    0.0139    0.0000    0.0016    0.0001    0.6057
    0.3877    0.2347    0.0000    0.0001    0.1559    0.2216
    0.1969    0.0026    0.0000    0.0043    0.0006    0.7956
    0.3544    0.2501    0.0000    0.0000    0.1661    0.2294
    0.3495    0.0996    0.0000    0.0348    0.1546    0.3614
    0.4043    0.0155    0.0000    0.0019    0.0006    0.5776
    0.4029    0.0144    0.0000    0.0001    0.1710    0.4116
    0.3342    0.1965    0.0000    0.0021    0.1526    0.3146
    0.4020    0.2053    0.0000    0.0025    0.0690    0.3213
    0.0000    0.0041    0.0000    0.0046    0.0000    0.9913
    0.3572    0.2325    0.0000    0.0014    0.1143    0.2946
    0.3106    0.4267    0.0000    0.0017    0.1601    0.1009
    0.3110    0.2118    0.0000    0.0014    0.1308    0.3451
    0.3537    0.0543    0.0000    0.0011    0.0001    0.5908
    0.3619    0.3686    0.0000    0.0008    0.1569    0.1118
    0.2768    0.0076    0.0000    0.0028    0.0001    0.7128
    0.4524    0.0003    0.0000    0.0014    0.0006    0.5452
    0.3746    0.2781    0.0000    0.0013    0.1355    0.2105
    0.3967    0.3562    0.0000    0.0015    0.1747    0.0710
    0.3776    0.0737    0.0000    0.0001    0.1398    0.4088
    0.3286    0.0361    0.0000    0.0031    0.0000    0.6321
    0.2860    0.1093    0.0000    0.0092    0.0063    0.5892
    0.0607    0.0036    0.0000    0.0029    0.0606    0.8721
    0.0183    0.0035    0.0000    0.0020    0.0808    0.8954
    0.3307    0.0412    0.0000    0.0109    0.0000    0.6172
    0.4056    0.1396    0.0000    0.0001    0.1632    0.2915
    0.3666    0.2428    0.0000    0.0000    0.1613    0.2293
    0.3664    0.2127    0.0000    0.0000    0.1458    0.2751
    0.3128    0.0023    0.0000    0.0015    0.0003    0.6830
    0.4223    0.0696    0.0000    0.0001    0.1452    0.3628
    0.3069    0.3009    0.0000    0.0006    0.1509    0.2407
    0.3751    0.1331    0.0000    0.0024    0.0920    0.3975
    0.2704    0.0121    0.0000    0.0169    0.0001    0.7005
    0.2204    0.0122    0.0000    0.0025    0.0005    0.7643
    0.1244    0.0022    0.0000    0.0067    0.0000    0.8666
