
 TSEMO log file created on 12-Mar-2020 

 This file shows the initial specifications of TSEMO and logs the output.
 ¯¯¯¯¯¯¯¯¯¯¯¯¯¯¯¯¯¯¯¯¯¯¯¯¯¯¯¯¯¯¯¯¯¯¯¯¯¯¯¯¯¯¯¯¯¯¯¯¯¯¯¯¯¯¯¯¯¯¯¯¯¯¯¯¯¯¯¯¯¯¯¯¯¯¯¯¯¯¯¯¯¯¯¯¯¯¯¯¯¯¯¯¯¯¯¯¯¯¯¯¯¯
 License information 

 BSD 2-Clause License 

 Copyright (c) 2017, Eric Bradford, Artur M. Schweidtmann and Alexei Lapkin
 All rights reserved. 

 Redistribution and use in source and binary forms, with or without
 modification, are permitted provided that the following conditions are met: 

 *Redistributions of source code must retain the above copyright notice, this   
  list of conditions and the following disclaimer. 

 *Redistributions in binary form must reproduce the above copyright notice,   
  this list of conditions and the following disclaimer in the documentation   
  and/or other materials provided with the distribution. 

 Modified by Mina Konakovic Lukovic 2019. 

 ¯¯¯¯¯¯¯¯¯¯¯¯¯¯¯¯¯¯¯¯¯¯¯¯¯¯¯¯¯¯¯¯¯¯¯¯¯¯¯¯¯¯¯¯¯¯¯¯¯¯¯¯¯¯¯¯¯¯¯¯¯¯¯¯¯¯¯¯¯¯¯¯¯¯¯¯¯¯¯¯¯¯¯¯¯¯¯¯¯¯¯¯¯¯¯¯¯¯¯¯¯¯
 Problem specifications 

 Function used:   consta 

 Number of inputs:   6
 Number of outputs:  3 

 Lower bounds of decision variables:
      x1      x2      x3      x4      x5      x6
  0.0000  0.0000  0.0000  0.0000  0.0000  0.0000
 
 Upper bounds of decision variables:
      x1      x2      x3      x4      x5      x6
  1.0000  1.0000  0.5000  1.0000  1.0000  1.0000
 ¯¯¯¯¯¯¯¯¯¯¯¯¯¯¯¯¯¯¯¯¯¯¯¯¯¯¯¯¯¯¯¯¯¯¯¯¯¯¯¯¯¯¯¯¯¯¯¯¯¯¯¯¯¯¯¯¯¯¯¯¯¯¯¯¯¯¯¯¯¯¯¯¯¯¯¯¯¯¯¯¯¯¯¯¯¯¯¯¯¯¯¯¯¯¯¯¯¯¯¯¯¯
 Algorithm options 

 Maximum number of function evaluations:  4
 Sample batch size:                       4
 Number of algorithm iterations:          1 

 Genetic algorithm population size:        200
 Genetic algorithm number of generations:  200 

                                               f1      f2      f3
 Number of spectral sampling points:         4000    4000    4000
 Type of matern function:                       5       5       5
 Direct evaluations per input dimension:      200     200     200
 ¯¯¯¯¯¯¯¯¯¯¯¯¯¯¯¯¯¯¯¯¯¯¯¯¯¯¯¯¯¯¯¯¯¯¯¯¯¯¯¯¯¯¯¯¯¯¯¯¯¯¯¯¯¯¯¯¯¯¯¯¯¯¯¯¯¯¯¯¯¯¯¯¯¯¯¯¯¯¯¯¯¯¯¯¯¯¯¯¯¯¯¯¯¯¯¯¯¯¯¯¯¯
 Initial data set 

 Number of initial data points:  148 

 Initial input data matrix:
      x1      x2      x3      x4      x5      x6
  0.3200  0.1300  0.0500  0.2100  0.0400  0.2500
  0.0000  0.1800  0.2100  0.2800  0.2000  0.1300
  0.0000  0.0200  0.3800  0.0400  0.2900  0.2700
  0.1900  0.3000  0.1000  0.0600  0.0700  0.2800
  0.0800  0.1600  0.1400  0.0400  0.1900  0.3900
  0.3400  0.0600  0.2300  0.1600  0.1900  0.0200
  0.1400  0.1000  0.0700  0.2000  0.2700  0.2200
  0.0700  0.0700  0.3200  0.2100  0.0300  0.3000
  0.0200  0.0100  0.2700  0.1300  0.4900  0.0800
  0.0900  0.3200  0.0300  0.1300  0.3700  0.0600
  0.0800  0.2100  0.0200  0.0000  0.6100  0.0800
  0.0900  0.3200  0.0400  0.2100  0.1700  0.1700
  0.1400  0.3000  0.0700  0.1000  0.2500  0.1400
  0.0400  0.1700  0.0700  0.2200  0.2400  0.2600
  0.1700  0.1500  0.2800  0.2900  0.0000  0.1100
  0.1000  0.1400  0.1400  0.2600  0.2700  0.0900
  1.0000  0.0000  0.0000  0.0000  0.0000  0.0000
  0.0000  1.0000  0.0000  0.0000  0.0000  0.0000
  0.0000  0.0000  0.0000  1.0000  0.0000  0.0000
  0.6000  0.4000  0.0000  0.0000  0.0000  0.0000
  0.5500  0.4500  0.0000  0.0000  0.0000  0.0000
  0.5000  0.5000  0.0000  0.0000  0.0000  0.0000
  0.4500  0.5500  0.0000  0.0000  0.0000  0.0000
  0.4000  0.6000  0.0000  0.0000  0.0000  0.0000
  0.2700  0.4400  0.0900  0.0400  0.0800  0.0800
  0.0400  0.1900  0.3600  0.2000  0.1200  0.0900
  0.0000  0.5900  0.0000  0.0800  0.0800  0.2500
  0.0000  0.3900  0.1300  0.0700  0.0300  0.3800
  0.0100  0.5100  0.0000  0.1000  0.0200  0.3600
  0.0100  0.6200  0.0100  0.0300  0.1000  0.2300
  0.0600  0.3000  0.4100  0.0100  0.0100  0.2100
  0.0800  0.3200  0.5000  0.0700  0.0200  0.0100
  0.1500  0.2800  0.2500  0.0100  0.0600  0.2500
  0.0000  0.0000  0.0000  0.0000  0.0000  1.0000
  0.0000  0.0000  0.0000  0.0000  1.0000  0.0000
  0.0200  0.1100  0.0000  0.5000  0.0300  0.3400
  0.0100  0.1900  0.0000  0.0000  0.0000  0.8000
  0.0100  0.3900  0.0000  0.0200  0.0100  0.5700
  0.1800  0.1200  0.0000  0.3600  0.0000  0.3400
  0.0100  0.0000  0.1300  0.2500  0.0000  0.6100
  0.3200  0.0000  0.1200  0.0100  0.0000  0.5500
  0.0100  0.1500  0.1000  0.2100  0.0000  0.5300
  0.0100  0.0000  0.1500  0.2500  0.0000  0.5900
  0.1500  0.4500  0.0400  0.0300  0.0100  0.3200
  0.0500  0.3200  0.0000  0.5700  0.0600  0.0000
  0.3100  0.5200  0.0000  0.0800  0.0200  0.0700
  0.1500  0.0400  0.1300  0.6700  0.0100  0.0000
  0.0000  0.2100  0.2000  0.5800  0.0100  0.0000
  0.0000  0.0100  0.2800  0.6700  0.0100  0.0300
  0.0100  0.2800  0.1100  0.4600  0.1100  0.0300
  0.4900  0.0600  0.0000  0.1400  0.0200  0.2900
  0.1400  0.0000  0.0700  0.0100  0.0100  0.7700
  0.0300  0.5800  0.1800  0.0400  0.1000  0.0700
  0.0000  0.3100  0.0100  0.0200  0.1500  0.5100
  0.2500  0.0100  0.0100  0.0400  0.1300  0.5600
  0.2900  0.4500  0.0600  0.0800  0.1200  0.0000
  0.0200  0.0100  0.1600  0.0100  0.5000  0.3000
  0.0200  0.2400  0.0000  0.0300  0.2600  0.4500
  0.0000  0.0100  0.0000  0.0100  0.2700  0.7100
  0.0900  0.0200  0.0000  0.0600  0.4000  0.4300
  0.0000  0.1600  0.0000  0.0000  0.2500  0.5900
  0.3200  0.0900  0.0200  0.0100  0.0100  0.5500
  0.0000  0.0800  0.1300  0.0000  0.1100  0.6800
  0.3900  0.0100  0.0300  0.0000  0.0000  0.5700
  0.2600  0.1800  0.0200  0.0100  0.0100  0.5200
  0.2000  0.1600  0.0000  0.0000  0.0000  0.6400
  0.5100  0.3100  0.0700  0.0100  0.0100  0.0900
  0.1400  0.1700  0.0200  0.0000  0.0000  0.6700
  0.0000  0.0300  0.0200  0.2100  0.3200  0.4200
  0.5700  0.0000  0.1100  0.0100  0.1000  0.2100
  0.5100  0.2500  0.1000  0.0200  0.1200  0.0000
  0.5100  0.0100  0.0700  0.0200  0.1100  0.2800
  0.0000  0.0000  0.0000  0.0200  0.0000  0.9800
  0.6000  0.0000  0.0300  0.0000  0.0200  0.3500
  0.3400  0.0000  0.1100  0.0100  0.0600  0.4800
  0.4400  0.1100  0.1100  0.0000  0.0600  0.2800
  0.6600  0.0000  0.0800  0.0000  0.0000  0.2600
  0.3700  0.4700  0.1000  0.0000  0.0600  0.0000
  0.4400  0.3000  0.0900  0.0400  0.1300  0.0000
  0.2700  0.6100  0.1200  0.0000  0.0000  0.0000
  0.0100  0.0000  0.0000  0.0200  0.0800  0.8900
  0.2100  0.1100  0.0600  0.0000  0.1400  0.4800
  0.5200  0.0100  0.0100  0.0000  0.0000  0.4600
  0.0000  0.3800  0.0100  0.0000  0.0000  0.6100
  0.0000  0.3100  0.0100  0.0000  0.0000  0.6800
  0.3200  0.3400  0.0200  0.0000  0.0100  0.3100
  0.0100  0.4100  0.0000  0.0000  0.0100  0.5700
  0.0000  0.4100  0.0000  0.1300  0.0000  0.4600
  0.0000  0.1800  0.0000  0.2600  0.0100  0.5500
  0.0400  0.4500  0.0000  0.0700  0.0100  0.4300
  0.0000  0.2500  0.0000  0.2500  0.0000  0.5000
  0.3600  0.2000  0.0200  0.0800  0.0000  0.3400
  0.2100  0.0000  0.0000  0.3300  0.0100  0.4500
  0.2500  0.0000  0.0000  0.3100  0.0100  0.4300
  0.1900  0.0000  0.0000  0.3200  0.0100  0.4800
  0.0000  0.6300  0.1000  0.0000  0.0000  0.2700
  0.0000  0.6600  0.0900  0.0000  0.0000  0.2500
  0.0000  0.3300  0.1100  0.0100  0.0000  0.5500
  0.0000  0.6800  0.0900  0.0000  0.0100  0.2200
  0.3500  0.0000  0.0000  0.0100  0.0000  0.6400
  0.0100  0.0000  0.0000  0.3600  0.0000  0.6300
  0.4800  0.0000  0.0100  0.0000  0.1200  0.3900
  0.3900  0.0000  0.0000  0.0200  0.0100  0.5800
  0.4000  0.1700  0.0000  0.0000  0.1200  0.3100
  0.4400  0.2700  0.0000  0.0000  0.1700  0.1200
  0.3400  0.1400  0.0000  0.0000  0.1300  0.3900
  0.3300  0.1200  0.0000  0.0000  0.1300  0.4200
  0.3900  0.0000  0.0000  0.0000  0.2200  0.3900
  0.3900  0.3100  0.0000  0.0000  0.2200  0.0800
  0.4100  0.0000  0.0000  0.0000  0.2500  0.3400
  0.3500  0.0000  0.0000  0.0000  0.2000  0.4500
  0.3300  0.0000  0.0000  0.0000  0.2100  0.4600
  0.3100  0.0000  0.0000  0.0000  0.2000  0.4900
  0.3500  0.0000  0.0000  0.0000  0.2100  0.4400
  0.2000  0.0000  0.0000  0.0000  0.0100  0.7900
  0.5000  0.0000  0.0000  0.0000  0.3000  0.2000
  0.5300  0.0600  0.0000  0.0000  0.3200  0.0900
  0.5300  0.0000  0.0000  0.0000  0.3300  0.1400
  0.4200  0.0000  0.0000  0.0000  0.2700  0.3100
  0.4200  0.0100  0.0000  0.0000  0.1400  0.4300
  0.3900  0.0000  0.0000  0.0000  0.1300  0.4800
  0.4400  0.0000  0.0000  0.0500  0.1300  0.3800
  0.2800  0.0000  0.0000  0.1100  0.0800  0.5300
  0.4200  0.1200  0.0000  0.0000  0.0600  0.4000
  0.4200  0.1100  0.0000  0.0100  0.0700  0.3900
  0.4200  0.1100  0.0000  0.0000  0.0400  0.4300
  0.4500  0.0800  0.0000  0.0000  0.0500  0.4200
  0.4100  0.1400  0.0000  0.0000  0.0700  0.3800
  0.4100  0.1200  0.0000  0.0000  0.0600  0.4100
  0.4200  0.1600  0.0000  0.0000  0.0700  0.3500
  0.4000  0.1300  0.0000  0.0000  0.0800  0.3900
  0.2500  0.0000  0.0000  0.0000  0.0000  0.7500
  0.2700  0.0000  0.0000  0.0000  0.0000  0.7300
  0.2300  0.0000  0.0000  0.0000  0.0000  0.7700
  0.2700  0.0000  0.0000  0.0000  0.1400  0.5900
  0.3000  0.0000  0.0000  0.0000  0.0900  0.6100
  0.3200  0.0100  0.0000  0.0000  0.0900  0.5800
  0.3700  0.3700  0.0000  0.0000  0.1900  0.0700
  0.3800  0.4100  0.0000  0.0100  0.1900  0.0100
  0.3400  0.3600  0.0000  0.0000  0.2000  0.1000
  0.3900  0.2300  0.0000  0.0000  0.0000  0.3800
  0.3700  0.2200  0.0000  0.0100  0.0000  0.4000
  0.4100  0.2100  0.0000  0.0100  0.0000  0.3700
  0.3200  0.1900  0.0000  0.0000  0.0000  0.4900
  0.1500  0.0000  0.0000  0.0000  0.0000  0.8500
  0.1100  0.0000  0.0000  0.0000  0.0000  0.8900
  0.1800  0.0000  0.0000  0.0000  0.0000  0.8200
  0.1300  0.0000  0.0000  0.0000  0.0000  0.8700

 Initial output data matrix:
      f1      f2      f3
-477.3645 -1.2974-78049.1925
-454.7535 -1.3662-68112.8155
-279.9044 -2.1133-51731.0693
-469.5247 -1.7578-77876.9026
-440.0426 -1.9634-76654.9118
-365.6047 -1.2303-62118.0243
-410.9856 -1.1190-66049.6554
-136.1656 -0.8962-22268.5639
-369.0088 -1.3142-61644.3643
-533.9811 -0.8968-68784.7611
-442.6768 -0.7257-59416.2131
-507.4257 -0.9822-66650.9629
-443.6008 -1.1184-65323.0907
-489.5899 -1.3294-72483.9913
-359.3333 -1.7335-60280.1487
-485.2462 -0.8865-66192.4108
-228.9585 -0.7284-49588.2084
-435.6576 -1.1748-60782.1527
-368.0328 -0.0378-29839.9581
-558.3333 -1.0147-72324.3305
-545.1107 -1.0090-76481.1353
-595.9865 -1.0313-80252.0073
-577.5167 -1.0272-78299.5278
-603.0115 -1.0486-79494.8772
-536.4679 -1.3385-83057.1828
-380.6202 -1.5761-63939.3838
-487.9964 -1.6929-74452.7693
-492.2164 -2.0354-77476.1977
-483.0457 -1.7036-74331.8675
-461.0062 -1.5331-68683.9650
-428.6732 -1.9582-73565.0149
-420.3458 -1.7501-70958.0370
-185.7397 -1.9998-39188.2443
-307.5914 -2.9333-68673.8814
-248.0791 -0.3369-41639.4837
-330.4220 -1.6093-58954.7196
-261.1897 -2.5356-54113.5267
-374.3907 -2.1313-72005.0906
-442.1932 -1.6426-73645.0393
-325.5454 -2.2577-65492.6760
-407.4563 -1.7142-79298.8675
-280.7768 -2.0890-55835.4428
-345.4445 -2.2639-66935.4850
-337.8766 -1.7123-65225.4544
-380.5099 -0.6146-47362.4095
-423.7886 -1.3121-68132.9194
-412.9137 -0.7221-59055.9302
-389.7163 -1.2975-60315.7332
-243.9299 -1.5816-43427.1956
-418.8166 -1.1219-61444.5239
-463.1094 -1.4660-81856.9346
-260.4919 -1.9421-59060.6871
-461.1271 -1.5697-75813.0466
-434.9195 -1.9723-80545.7853
-411.2741 -1.7072-85333.3874
-593.8157 -1.0758-82484.6477
-331.6431 -1.2261-62332.4475
-461.8788 -1.5726-80820.6379
-386.3988 -1.9098-76223.9832
-458.6168 -1.3865-78606.8274
-386.1546 -1.7969-73308.3934
-420.6757 -1.8963-83069.8760
-256.3444 -2.2542-53258.3199
-343.7864 -1.8975-72697.8828
-317.0968 -1.9236-66141.3310
-405.5608 -1.9380-81223.2023
-579.2708 -1.0437-87100.5169
-297.2664 -2.2664-61771.9743
-230.0024 -1.7750-53153.7094
-296.3126 -0.8946-60049.3899
-625.1337 -1.1253-94708.7918
-559.4404 -1.5604-98460.5528
-350.2734 -2.6724-74202.1381
-483.8073 -1.5770-91455.1658
-333.6048 -1.8340-67470.0844
-401.3639 -1.5176-75081.6898
-339.8147 -1.1731-68370.6235
-619.8270 -1.3159-92324.8900
-456.6095 -1.0320-73399.8497
-527.1160 -1.2052-80673.3135
-182.0132 -2.1459-33836.3245
-299.4935 -1.9115-62779.5207
-342.4831 -1.8084-73190.6083
-292.5484 -2.1003-64376.6034
-284.1961 -2.0337-60695.8700
-418.6794 -1.5121-75788.0791
-272.5130 -1.9527-60034.6655
-324.9663 -1.9969-65021.8788
-361.4059 -2.0913-69395.5054
-310.1195 -1.9192-61302.0228
-321.0298 -2.0199-62665.9535
-408.2643 -1.5818-76317.7672
-398.2560 -1.9114-74552.8783
-437.9660 -1.8110-79745.2693
-402.9772 -1.8842-75747.1961
-367.7646 -1.7661-65605.9795
-392.9406 -1.8913-69484.2021
-317.1051 -2.1952-63761.7220
-355.6015 -1.8014-64450.3268
-438.2688 -2.1205-87348.6010
-334.7339 -2.0407-65124.3183
-514.0293 -1.5443-93643.6527
-526.1093 -1.9176-98663.7705
-555.0826 -1.4101-91162.3449
-653.9760 -1.1215-96005.8355
-613.3157 -1.3545-102903.8092
-574.5688 -1.4762-99854.6710
-596.1996 -1.5851-97568.0584
-673.8733 -1.3085-96609.9429
-570.9253 -1.5720-97057.6408
-453.6160 -1.8559-85374.7271
-512.3685 -1.7799-93175.9066
-384.8236 -1.8510-77997.5467
-536.0149 -1.7113-96497.9814
-289.9712 -1.9717-66399.4183
-596.7186 -0.9982-92484.7776
-390.5278 -0.8869-64360.6166
-429.9865 -0.7968-68899.7837
-397.0291 -1.0850-76450.3138
-413.4216 -1.7276-80202.5821
-512.4700 -1.6664-92116.8858
-627.3105 -1.5880-103558.9154
-459.2870 -1.8760-85164.1567
-489.1206 -1.8652-89171.2803
-523.3253 -1.8184-92589.2154
-483.7090 -2.0071-89596.8710
-506.5947 -1.8726-91082.8276
-414.5373 -1.4395-76845.5530
-497.6451 -1.5944-86257.9869
-387.4478 -1.5175-74536.3039
-605.3055 -1.7013-100894.6560
-330.1772 -2.3875-72121.0094
-430.6648 -2.0605-85776.8507
-379.2996 -1.2350-79505.9871
-373.9609 -1.7620-76874.3459
-304.9460 -1.8920-67570.8658
-474.1479 -1.6447-89096.7259
-697.1304 -1.0954-95259.3377
-631.9917 -1.0162-84624.4465
-558.3350 -1.1524-81235.4409
-500.0071 -1.6765-86776.1337
-502.4466 -1.6487-86185.4611
-497.5673 -1.6842-87186.3665
-464.8064 -1.9485-85123.7213
-230.9656 -2.1941-42770.3205
-298.7214 -2.0758-62599.7659
-411.9961 -2.4700-81011.7887
-344.5861 -2.1419-69445.9723

 ¯¯¯¯¯¯¯¯¯¯¯¯¯¯¯¯¯¯¯¯¯¯¯¯¯¯¯¯¯¯¯¯¯¯¯¯¯¯¯¯¯¯¯¯¯¯¯¯¯¯¯¯¯¯¯¯¯¯¯¯¯¯¯¯¯¯¯¯¯¯¯¯¯¯¯¯¯¯¯¯¯¯¯¯¯¯¯¯¯¯¯¯¯¯¯¯¯¯¯¯¯¯
 Algorithm iteration 1 

 Predicted hypervolume improvement:    0.0002
 Time taken:   38.4954 

 Proposed evaluation point(s): 
      x1      x2      x3      x4      x5      x6
  0.3700  0.0500  0.0000  0.0000  0.0000  0.5800
  0.0000  0.0000  0.0000  0.0000  0.0000  1.0000
  0.0000  0.0000  0.0000  0.0000  0.0000  1.0000
  0.0000  0.0000  0.0000  0.0000  0.0000  1.0000

 Corresponding observation(s): 
      f1      f2      f3
-447.1517 -2.0102-84782.2890
-311.5429 -2.5847-58455.3690
-311.5429 -2.5847-58455.3690
-311.5429 -2.5847-58455.3690

 ¯¯¯¯¯¯¯¯¯¯¯¯¯¯¯¯¯¯¯¯¯¯¯¯¯¯¯¯¯¯¯¯¯¯¯¯¯¯¯¯¯¯¯¯¯¯¯¯¯¯¯¯¯¯¯¯¯¯¯¯¯¯¯¯¯¯¯¯¯¯¯¯¯¯¯¯¯¯¯¯¯¯¯¯¯¯¯¯¯¯¯¯¯¯¯¯¯¯¯¯¯¯
 Final algorithm output 

 Final input data matrix:
        x1        x2        x3        x4        x5        x6
    0.3200    0.1300    0.0500    0.2100    0.0400    0.2500
    0.0000    0.1800    0.2100    0.2800    0.2000    0.1300
    0.0000    0.0200    0.3800    0.0400    0.2900    0.2700
    0.1900    0.3000    0.1000    0.0600    0.0700    0.2800
    0.0800    0.1600    0.1400    0.0400    0.1900    0.3900
    0.3400    0.0600    0.2300    0.1600    0.1900    0.0200
    0.1400    0.1000    0.0700    0.2000    0.2700    0.2200
    0.0700    0.0700    0.3200    0.2100    0.0300    0.3000
    0.0200    0.0100    0.2700    0.1300    0.4900    0.0800
    0.0900    0.3200    0.0300    0.1300    0.3700    0.0600
    0.0800    0.2100    0.0200    0.0000    0.6100    0.0800
    0.0900    0.3200    0.0400    0.2100    0.1700    0.1700
    0.1400    0.3000    0.0700    0.1000    0.2500    0.1400
    0.0400    0.1700    0.0700    0.2200    0.2400    0.2600
    0.1700    0.1500    0.2800    0.2900    0.0000    0.1100
    0.1000    0.1400    0.1400    0.2600    0.2700    0.0900
    1.0000    0.0000    0.0000    0.0000    0.0000    0.0000
    0.0000    1.0000    0.0000    0.0000    0.0000    0.0000
    0.0000    0.0000    0.0000    1.0000    0.0000    0.0000
    0.6000    0.4000    0.0000    0.0000    0.0000    0.0000
    0.5500    0.4500    0.0000    0.0000    0.0000    0.0000
    0.5000    0.5000    0.0000    0.0000    0.0000    0.0000
    0.4500    0.5500    0.0000    0.0000    0.0000    0.0000
    0.4000    0.6000    0.0000    0.0000    0.0000    0.0000
    0.2700    0.4400    0.0900    0.0400    0.0800    0.0800
    0.0400    0.1900    0.3600    0.2000    0.1200    0.0900
    0.0000    0.5900    0.0000    0.0800    0.0800    0.2500
    0.0000    0.3900    0.1300    0.0700    0.0300    0.3800
    0.0100    0.5100    0.0000    0.1000    0.0200    0.3600
    0.0100    0.6200    0.0100    0.0300    0.1000    0.2300
    0.0600    0.3000    0.4100    0.0100    0.0100    0.2100
    0.0800    0.3200    0.5000    0.0700    0.0200    0.0100
    0.1500    0.2800    0.2500    0.0100    0.0600    0.2500
    0.0000    0.0000    0.0000    0.0000    0.0000    1.0000
    0.0000    0.0000    0.0000    0.0000    1.0000    0.0000
    0.0200    0.1100    0.0000    0.5000    0.0300    0.3400
    0.0100    0.1900    0.0000    0.0000    0.0000    0.8000
    0.0100    0.3900    0.0000    0.0200    0.0100    0.5700
    0.1800    0.1200    0.0000    0.3600    0.0000    0.3400
    0.0100    0.0000    0.1300    0.2500    0.0000    0.6100
    0.3200    0.0000    0.1200    0.0100    0.0000    0.5500
    0.0100    0.1500    0.1000    0.2100    0.0000    0.5300
    0.0100    0.0000    0.1500    0.2500    0.0000    0.5900
    0.1500    0.4500    0.0400    0.0300    0.0100    0.3200
    0.0500    0.3200    0.0000    0.5700    0.0600    0.0000
    0.3100    0.5200    0.0000    0.0800    0.0200    0.0700
    0.1500    0.0400    0.1300    0.6700    0.0100    0.0000
    0.0000    0.2100    0.2000    0.5800    0.0100    0.0000
    0.0000    0.0100    0.2800    0.6700    0.0100    0.0300
    0.0100    0.2800    0.1100    0.4600    0.1100    0.0300
    0.4900    0.0600    0.0000    0.1400    0.0200    0.2900
    0.1400    0.0000    0.0700    0.0100    0.0100    0.7700
    0.0300    0.5800    0.1800    0.0400    0.1000    0.0700
    0.0000    0.3100    0.0100    0.0200    0.1500    0.5100
    0.2500    0.0100    0.0100    0.0400    0.1300    0.5600
    0.2900    0.4500    0.0600    0.0800    0.1200    0.0000
    0.0200    0.0100    0.1600    0.0100    0.5000    0.3000
    0.0200    0.2400    0.0000    0.0300    0.2600    0.4500
    0.0000    0.0100    0.0000    0.0100    0.2700    0.7100
    0.0900    0.0200    0.0000    0.0600    0.4000    0.4300
    0.0000    0.1600    0.0000    0.0000    0.2500    0.5900
    0.3200    0.0900    0.0200    0.0100    0.0100    0.5500
    0.0000    0.0800    0.1300    0.0000    0.1100    0.6800
    0.3900    0.0100    0.0300    0.0000    0.0000    0.5700
    0.2600    0.1800    0.0200    0.0100    0.0100    0.5200
    0.2000    0.1600    0.0000    0.0000    0.0000    0.6400
    0.5100    0.3100    0.0700    0.0100    0.0100    0.0900
    0.1400    0.1700    0.0200    0.0000    0.0000    0.6700
    0.0000    0.0300    0.0200    0.2100    0.3200    0.4200
    0.5700    0.0000    0.1100    0.0100    0.1000    0.2100
    0.5100    0.2500    0.1000    0.0200    0.1200    0.0000
    0.5100    0.0100    0.0700    0.0200    0.1100    0.2800
    0.0000    0.0000    0.0000    0.0200    0.0000    0.9800
    0.6000    0.0000    0.0300    0.0000    0.0200    0.3500
    0.3400    0.0000    0.1100    0.0100    0.0600    0.4800
    0.4400    0.1100    0.1100    0.0000    0.0600    0.2800
    0.6600    0.0000    0.0800    0.0000    0.0000    0.2600
    0.3700    0.4700    0.1000    0.0000    0.0600    0.0000
    0.4400    0.3000    0.0900    0.0400    0.1300    0.0000
    0.2700    0.6100    0.1200    0.0000    0.0000    0.0000
    0.0100    0.0000    0.0000    0.0200    0.0800    0.8900
    0.2100    0.1100    0.0600    0.0000    0.1400    0.4800
    0.5200    0.0100    0.0100    0.0000    0.0000    0.4600
    0.0000    0.3800    0.0100    0.0000    0.0000    0.6100
    0.0000    0.3100    0.0100    0.0000    0.0000    0.6800
    0.3200    0.3400    0.0200    0.0000    0.0100    0.3100
    0.0100    0.4100    0.0000    0.0000    0.0100    0.5700
    0.0000    0.4100    0.0000    0.1300    0.0000    0.4600
    0.0000    0.1800    0.0000    0.2600    0.0100    0.5500
    0.0400    0.4500    0.0000    0.0700    0.0100    0.4300
    0.0000    0.2500    0.0000    0.2500    0.0000    0.5000
    0.3600    0.2000    0.0200    0.0800    0.0000    0.3400
    0.2100    0.0000    0.0000    0.3300    0.0100    0.4500
    0.2500    0.0000    0.0000    0.3100    0.0100    0.4300
    0.1900    0.0000    0.0000    0.3200    0.0100    0.4800
    0.0000    0.6300    0.1000    0.0000    0.0000    0.2700
    0.0000    0.6600    0.0900    0.0000    0.0000    0.2500
    0.0000    0.3300    0.1100    0.0100    0.0000    0.5500
    0.0000    0.6800    0.0900    0.0000    0.0100    0.2200
    0.3500    0.0000    0.0000    0.0100    0.0000    0.6400
    0.0100    0.0000    0.0000    0.3600    0.0000    0.6300
    0.4800    0.0000    0.0100    0.0000    0.1200    0.3900
    0.3900    0.0000    0.0000    0.0200    0.0100    0.5800
    0.4000    0.1700    0.0000    0.0000    0.1200    0.3100
    0.4400    0.2700    0.0000    0.0000    0.1700    0.1200
    0.3400    0.1400    0.0000    0.0000    0.1300    0.3900
    0.3300    0.1200    0.0000    0.0000    0.1300    0.4200
    0.3900    0.0000    0.0000    0.0000    0.2200    0.3900
    0.3900    0.3100    0.0000    0.0000    0.2200    0.0800
    0.4100    0.0000    0.0000    0.0000    0.2500    0.3400
    0.3500    0.0000    0.0000    0.0000    0.2000    0.4500
    0.3300    0.0000    0.0000    0.0000    0.2100    0.4600
    0.3100    0.0000    0.0000    0.0000    0.2000    0.4900
    0.3500    0.0000    0.0000    0.0000    0.2100    0.4400
    0.2000    0.0000    0.0000    0.0000    0.0100    0.7900
    0.5000    0.0000    0.0000    0.0000    0.3000    0.2000
    0.5300    0.0600    0.0000    0.0000    0.3200    0.0900
    0.5300    0.0000    0.0000    0.0000    0.3300    0.1400
    0.4200    0.0000    0.0000    0.0000    0.2700    0.3100
    0.4200    0.0100    0.0000    0.0000    0.1400    0.4300
    0.3900    0.0000    0.0000    0.0000    0.1300    0.4800
    0.4400    0.0000    0.0000    0.0500    0.1300    0.3800
    0.2800    0.0000    0.0000    0.1100    0.0800    0.5300
    0.4200    0.1200    0.0000    0.0000    0.0600    0.4000
    0.4200    0.1100    0.0000    0.0100    0.0700    0.3900
    0.4200    0.1100    0.0000    0.0000    0.0400    0.4300
    0.4500    0.0800    0.0000    0.0000    0.0500    0.4200
    0.4100    0.1400    0.0000    0.0000    0.0700    0.3800
    0.4100    0.1200    0.0000    0.0000    0.0600    0.4100
    0.4200    0.1600    0.0000    0.0000    0.0700    0.3500
    0.4000    0.1300    0.0000    0.0000    0.0800    0.3900
    0.2500    0.0000    0.0000    0.0000    0.0000    0.7500
    0.2700    0.0000    0.0000    0.0000    0.0000    0.7300
    0.2300    0.0000    0.0000    0.0000    0.0000    0.7700
    0.2700    0.0000    0.0000    0.0000    0.1400    0.5900
    0.3000    0.0000    0.0000    0.0000    0.0900    0.6100
    0.3200    0.0100    0.0000    0.0000    0.0900    0.5800
    0.3700    0.3700    0.0000    0.0000    0.1900    0.0700
    0.3800    0.4100    0.0000    0.0100    0.1900    0.0100
    0.3400    0.3600    0.0000    0.0000    0.2000    0.1000
    0.3900    0.2300    0.0000    0.0000    0.0000    0.3800
    0.3700    0.2200    0.0000    0.0100    0.0000    0.4000
    0.4100    0.2100    0.0000    0.0100    0.0000    0.3700
    0.3200    0.1900    0.0000    0.0000    0.0000    0.4900
    0.1500    0.0000    0.0000    0.0000    0.0000    0.8500
    0.1100    0.0000    0.0000    0.0000    0.0000    0.8900
    0.1800    0.0000    0.0000    0.0000    0.0000    0.8200
    0.1300    0.0000    0.0000    0.0000    0.0000    0.8700
    0.3700    0.0500    0.0000    0.0000    0.0000    0.5800
    0.0000    0.0000    0.0000    0.0000    0.0000    1.0000
    0.0000    0.0000    0.0000    0.0000    0.0000    1.0000
    0.0000    0.0000    0.0000    0.0000    0.0000    1.0000

 Final output data matrix:
        f1        f2        f3
 -477.3645   -1.2974-78049.1925
 -454.7535   -1.3662-68112.8155
 -279.9044   -2.1133-51731.0693
 -469.5247   -1.7578-77876.9026
 -440.0426   -1.9634-76654.9118
 -365.6047   -1.2303-62118.0243
 -410.9856   -1.1190-66049.6554
 -136.1656   -0.8962-22268.5639
 -369.0088   -1.3142-61644.3643
 -533.9811   -0.8968-68784.7611
 -442.6768   -0.7257-59416.2131
 -507.4257   -0.9822-66650.9629
 -443.6008   -1.1184-65323.0907
 -489.5899   -1.3294-72483.9913
 -359.3333   -1.7335-60280.1487
 -485.2462   -0.8865-66192.4108
 -228.9585   -0.7284-49588.2084
 -435.6576   -1.1748-60782.1527
 -368.0328   -0.0378-29839.9581
 -558.3333   -1.0147-72324.3305
 -545.1107   -1.0090-76481.1353
 -595.9865   -1.0313-80252.0073
 -577.5167   -1.0272-78299.5278
 -603.0115   -1.0486-79494.8772
 -536.4679   -1.3385-83057.1828
 -380.6202   -1.5761-63939.3838
 -487.9964   -1.6929-74452.7693
 -492.2164   -2.0354-77476.1977
 -483.0457   -1.7036-74331.8675
 -461.0062   -1.5331-68683.9650
 -428.6732   -1.9582-73565.0149
 -420.3458   -1.7501-70958.0370
 -185.7397   -1.9998-39188.2443
 -307.5914   -2.9333-68673.8814
 -248.0791   -0.3369-41639.4837
 -330.4220   -1.6093-58954.7196
 -261.1897   -2.5356-54113.5267
 -374.3907   -2.1313-72005.0906
 -442.1932   -1.6426-73645.0393
 -325.5454   -2.2577-65492.6760
 -407.4563   -1.7142-79298.8675
 -280.7768   -2.0890-55835.4428
 -345.4445   -2.2639-66935.4850
 -337.8766   -1.7123-65225.4544
 -380.5099   -0.6146-47362.4095
 -423.7886   -1.3121-68132.9194
 -412.9137   -0.7221-59055.9302
 -389.7163   -1.2975-60315.7332
 -243.9299   -1.5816-43427.1956
 -418.8166   -1.1219-61444.5239
 -463.1094   -1.4660-81856.9346
 -260.4919   -1.9421-59060.6871
 -461.1271   -1.5697-75813.0466
 -434.9195   -1.9723-80545.7853
 -411.2741   -1.7072-85333.3874
 -593.8157   -1.0758-82484.6477
 -331.6431   -1.2261-62332.4475
 -461.8788   -1.5726-80820.6379
 -386.3988   -1.9098-76223.9832
 -458.6168   -1.3865-78606.8274
 -386.1546   -1.7969-73308.3934
 -420.6757   -1.8963-83069.8760
 -256.3444   -2.2542-53258.3199
 -343.7864   -1.8975-72697.8828
 -317.0968   -1.9236-66141.3310
 -405.5608   -1.9380-81223.2023
 -579.2708   -1.0437-87100.5169
 -297.2664   -2.2664-61771.9743
 -230.0024   -1.7750-53153.7094
 -296.3126   -0.8946-60049.3899
 -625.1337   -1.1253-94708.7918
 -559.4404   -1.5604-98460.5528
 -350.2734   -2.6724-74202.1381
 -483.8073   -1.5770-91455.1658
 -333.6048   -1.8340-67470.0844
 -401.3639   -1.5176-75081.6898
 -339.8147   -1.1731-68370.6235
 -619.8270   -1.3159-92324.8900
 -456.6095   -1.0320-73399.8497
 -527.1160   -1.2052-80673.3135
 -182.0132   -2.1459-33836.3245
 -299.4935   -1.9115-62779.5207
 -342.4831   -1.8084-73190.6083
 -292.5484   -2.1003-64376.6034
 -284.1961   -2.0337-60695.8700
 -418.6794   -1.5121-75788.0791
 -272.5130   -1.9527-60034.6655
 -324.9663   -1.9969-65021.8788
 -361.4059   -2.0913-69395.5054
 -310.1195   -1.9192-61302.0228
 -321.0298   -2.0199-62665.9535
 -408.2643   -1.5818-76317.7672
 -398.2560   -1.9114-74552.8783
 -437.9660   -1.8110-79745.2693
 -402.9772   -1.8842-75747.1961
 -367.7646   -1.7661-65605.9795
 -392.9406   -1.8913-69484.2021
 -317.1051   -2.1952-63761.7220
 -355.6015   -1.8014-64450.3268
 -438.2688   -2.1205-87348.6010
 -334.7339   -2.0407-65124.3183
 -514.0293   -1.5443-93643.6527
 -526.1093   -1.9176-98663.7705
 -555.0826   -1.4101-91162.3449
 -653.9760   -1.1215-96005.8355
 -613.3157   -1.3545-102903.8092
 -574.5688   -1.4762-99854.6710
 -596.1996   -1.5851-97568.0584
 -673.8733   -1.3085-96609.9429
 -570.9253   -1.5720-97057.6408
 -453.6160   -1.8559-85374.7271
 -512.3685   -1.7799-93175.9066
 -384.8236   -1.8510-77997.5467
 -536.0149   -1.7113-96497.9814
 -289.9712   -1.9717-66399.4183
 -596.7186   -0.9982-92484.7776
 -390.5278   -0.8869-64360.6166
 -429.9865   -0.7968-68899.7837
 -397.0291   -1.0850-76450.3138
 -413.4216   -1.7276-80202.5821
 -512.4700   -1.6664-92116.8858
 -627.3105   -1.5880-103558.9154
 -459.2870   -1.8760-85164.1567
 -489.1206   -1.8652-89171.2803
 -523.3253   -1.8184-92589.2154
 -483.7090   -2.0071-89596.8710
 -506.5947   -1.8726-91082.8276
 -414.5373   -1.4395-76845.5530
 -497.6451   -1.5944-86257.9869
 -387.4478   -1.5175-74536.3039
 -605.3055   -1.7013-100894.6560
 -330.1772   -2.3875-72121.0094
 -430.6648   -2.0605-85776.8507
 -379.2996   -1.2350-79505.9871
 -373.9609   -1.7620-76874.3459
 -304.9460   -1.8920-67570.8658
 -474.1479   -1.6447-89096.7259
 -697.1304   -1.0954-95259.3377
 -631.9917   -1.0162-84624.4465
 -558.3350   -1.1524-81235.4409
 -500.0071   -1.6765-86776.1337
 -502.4466   -1.6487-86185.4611
 -497.5673   -1.6842-87186.3665
 -464.8064   -1.9485-85123.7213
 -230.9656   -2.1941-42770.3205
 -298.7214   -2.0758-62599.7659
 -411.9961   -2.4700-81011.7887
 -344.5861   -2.1419-69445.9723
 -447.1517   -2.0102-84782.2890
 -311.5429   -2.5847-58455.3690
 -311.5429   -2.5847-58455.3690
 -311.5429   -2.5847-58455.3690

 Input data matrix of corresponding Pareto front:
        x1        x2        x3        x4        x5        x6
    0.0000    0.3900    0.1300    0.0700    0.0300    0.3800
    0.0000    0.0000    0.0000    0.0000    0.0000    1.0000
    0.0000    0.0000    0.0000    0.0200    0.0000    0.9800
    0.3500    0.0000    0.0000    0.0100    0.0000    0.6400
    0.3900    0.0000    0.0000    0.0200    0.0100    0.5800
    0.3900    0.3100    0.0000    0.0000    0.2200    0.0800
    0.3500    0.0000    0.0000    0.0000    0.2100    0.4400
    0.4400    0.0000    0.0000    0.0500    0.1300    0.3800
    0.4200    0.1100    0.0000    0.0000    0.0400    0.4300
    0.4000    0.1300    0.0000    0.0000    0.0800    0.3900
    0.3700    0.3700    0.0000    0.0000    0.1900    0.0700
    0.1800    0.0000    0.0000    0.0000    0.0000    0.8200

 Output data matrix of corresponding Pareto front:
        f1        f2        f3
 -492.2164   -2.0354-77476.1977
 -307.5914   -2.9333-68673.8814
 -350.2734   -2.6724-74202.1381
 -438.2688   -2.1205-87348.6010
 -526.1093   -1.9176-98663.7705
 -673.8733   -1.3085-96609.9429
 -536.0149   -1.7113-96497.9814
 -627.3105   -1.5880-103558.9154
 -483.7090   -2.0071-89596.8710
 -605.3055   -1.7013-100894.6560
 -697.1304   -1.0954-95259.3377
 -411.9961   -2.4700-81011.7887

 Input data matrix of Pareto front of final Gaussian process model:
        x1        x2        x3        x4        x5        x6
    0.0157    0.0000    0.0000    0.0000    0.0001    0.9841
    0.4048    0.0537    0.0000    0.0029    0.1704    0.3682
    0.0000    0.0000    0.0000    0.0000    0.0000    1.0000
    0.3888    0.3988    0.0000    0.0019    0.2025    0.0080
    0.4011    0.3925    0.0000    0.0004    0.1982    0.0078
    0.0000    0.0000    0.0000    0.0051    0.0430    0.9519
    0.2107    0.0000    0.0000    0.0017    0.0000    0.7877
    0.1310    0.0000    0.0000    0.0000    0.0000    0.8690
    0.2674    0.1572    0.0000    0.0056    0.0006    0.5692
    0.3495    0.3759    0.0000    0.0025    0.1412    0.1310
    0.2651    0.0027    0.0000    0.0000    0.0002    0.7320
    0.1168    0.0000    0.0000    0.0011    0.0001    0.8820
    0.0283    0.0000    0.0000    0.0000    0.0000    0.9717
    0.4089    0.4195    0.0000    0.0020    0.1612    0.0084
    0.3646    0.1030    0.0000    0.0039    0.1095    0.4190
    0.3734    0.0918    0.0000    0.0020    0.0656    0.4672
    0.3534    0.4177    0.0000    0.0019    0.1243    0.1027
    0.3438    0.1370    0.0000    0.0000    0.1191    0.4001
    0.3486    0.1890    0.0000    0.0027    0.1525    0.3072
    0.2310    0.0000    0.0000    0.0000    0.0000    0.7690
    0.2961    0.0117    0.0000    0.0046    0.0001    0.6875
    0.3309    0.4077    0.0000    0.0037    0.1323    0.1255
    0.2534    0.0023    0.0000    0.0026    0.0002    0.7416
    0.1960    0.0000    0.0000    0.0000    0.0000    0.8040
    0.2841    0.0007    0.0000    0.0023    0.0001    0.7127
    0.0992    0.0000    0.0000    0.0000    0.0000    0.9008
    0.2500    0.0010    0.0000    0.0024    0.0001    0.7465
    0.1985    0.0000    0.0000    0.0042    0.0007    0.7966
    0.3803    0.3951    0.0000    0.0075    0.1418    0.0753
    0.1102    0.0000    0.0000    0.0047    0.0008    0.8843
    0.3613    0.3169    0.0000    0.0000    0.1516    0.1702
    0.2338    0.0016    0.0000    0.0016    0.0003    0.7628
    0.2598    0.0000    0.0000    0.0000    0.0000    0.7402
    0.1068    0.0000    0.0000    0.0013    0.0017    0.8902
    0.4092    0.1197    0.0000    0.0032    0.1326    0.3352
    0.3292    0.0458    0.0000    0.0078    0.0000    0.6172
    0.3884    0.2687    0.0000    0.0032    0.1388    0.2009
    0.3574    0.2048    0.0000    0.0053    0.1554    0.2772
    0.0922    0.0000    0.0000    0.0015    0.0020    0.9043
    0.0064    0.0005    0.0000    0.0007    0.0001    0.9923
    0.2860    0.1286    0.0000    0.0057    0.0001    0.5797
    0.3667    0.1664    0.0000    0.0000    0.0000    0.4669
    0.3853    0.1581    0.0000    0.0000    0.1572    0.2994
    0.3693    0.1265    0.0000    0.0056    0.0826    0.4159
    0.0053    0.0021    0.0000    0.0016    0.0073    0.9837
    0.1906    0.0013    0.0000    0.0016    0.0001    0.8064
    0.3418    0.0614    0.0000    0.0005    0.0047    0.5917
    0.3953    0.1816    0.0000    0.0026    0.0554    0.3650
    0.3760    0.1080    0.0000    0.0021    0.0782    0.4358
    0.1625    0.0012    0.0000    0.0000    0.0000    0.8363
    0.3661    0.0755    0.0000    0.0008    0.1000    0.4576
    0.3819    0.4401    0.0000    0.0028    0.1580    0.0172
    0.3495    0.0681    0.0000    0.0039    0.0002    0.5782
    0.1777    0.0000    0.0000    0.0000    0.0000    0.8223
    0.1028    0.0000    0.0000    0.0019    0.0000    0.8953
    0.4004    0.0607    0.0000    0.0008    0.0403    0.4978
    0.3940    0.3985    0.0000    0.0055    0.1934    0.0086
    0.1225    0.0000    0.0000    0.0023    0.0002    0.8751
    0.2768    0.0026    0.0000    0.0033    0.0002    0.7172
    0.3714    0.4577    0.0000    0.0041    0.1506    0.0162
    0.3577    0.2629    0.0000    0.0026    0.0618    0.3151
    0.3952    0.3704    0.0000    0.0038    0.1522    0.0783
    0.2460    0.0017    0.0000    0.0033    0.0002    0.7489
    0.1667    0.0000    0.0000    0.0000    0.0001    0.8332
    0.3906    0.0443    0.0000    0.0033    0.0002    0.5615
    0.2185    0.0000    0.0000    0.0000    0.0001    0.7813
    0.1341    0.0043    0.0000    0.0010    0.0003    0.8602
    0.1750    0.0000    0.0000    0.0000    0.0000    0.8250
    0.2256    0.0022    0.0000    0.0027    0.0002    0.7693
    0.2812    0.0000    0.0000    0.0014    0.0003    0.7171
    0.2384    0.0015    0.0000    0.0000    0.0000    0.7601
    0.2441    0.0003    0.0000    0.0000    0.0000    0.7556
    0.2819    0.1293    0.0000    0.0057    0.0001    0.5830
    0.1436    0.0014    0.0000    0.0016    0.0001    0.8533
    0.1409    0.0000    0.0000    0.0000    0.0001    0.8590
    0.3633    0.1093    0.0000    0.0055    0.1128    0.4092
    0.2055    0.0010    0.0000    0.0021    0.0000    0.7914
    0.0717    0.0000    0.0000    0.0003    0.0002    0.9278
    0.3079    0.1141    0.0000    0.0049    0.0001    0.5731
    0.3010    0.1259    0.0000    0.0055    0.0001    0.5675
    0.3717    0.2653    0.0000    0.0062    0.1451    0.2117
    0.2673    0.0026    0.0000    0.0041    0.0001    0.7258
    0.2199    0.0024    0.0000    0.0027    0.0002    0.7749
    0.3733    0.3829    0.0000    0.0018    0.1832    0.0588
    0.2727    0.0028    0.0000    0.0048    0.0002    0.7195
    0.3249    0.1094    0.0000    0.0046    0.0002    0.5609
    0.2937    0.1228    0.0000    0.0054    0.0001    0.5779
    0.1802    0.0041    0.0000    0.0003    0.0001    0.8152
    0.3350    0.1102    0.0000    0.0009    0.0021    0.5518
    0.0000    0.0000    0.0000    0.0000    0.0826    0.9174
    0.3620    0.1030    0.0000    0.0033    0.0581    0.4735
    0.3887    0.0928    0.0000    0.0032    0.0002    0.5151
    0.3195    0.3141    0.0000    0.0023    0.1792    0.1850
    0.2933    0.0024    0.0000    0.0026    0.0002    0.7015
    0.3850    0.0882    0.0000    0.0063    0.0002    0.5203
    0.3563    0.1003    0.0000    0.0030    0.0793    0.4611
    0.3114    0.0007    0.0000    0.0022    0.0001    0.6855
    0.3413    0.1150    0.0000    0.0048    0.0014    0.5376
    0.3697    0.2026    0.0000    0.0055    0.1631    0.2591
    0.3749    0.3845    0.0000    0.0018    0.1478    0.0911
    0.3317    0.3203    0.0000    0.0000    0.1438    0.2042
    0.3293    0.0740    0.0000    0.0067    0.0002    0.5898
    0.1871    0.0002    0.0000    0.0001    0.0003    0.8124
    0.0541    0.0001    0.0000    0.0027    0.0000    0.9430
    0.3986    0.1336    0.0000    0.0000    0.1188    0.3489
    0.1836    0.0000    0.0000    0.0000    0.0000    0.8164
    0.1597    0.0000    0.0000    0.0000    0.0001    0.8402
    0.3280    0.0611    0.0000    0.0076    0.0011    0.6022
    0.3685    0.1069    0.0000    0.0030    0.0002    0.5213
    0.2897    0.0000    0.0000    0.0000    0.0000    0.7103
    0.0436    0.0000    0.0000    0.0000    0.0046    0.9518
    0.4053    0.1369    0.0000    0.0000    0.1163    0.3415
    0.4399    0.0237    0.0000    0.0145    0.0588    0.4632
    0.2514    0.1650    0.0000    0.0020    0.0065    0.5750
    0.3458    0.2486    0.0000    0.0000    0.1480    0.2577
    0.3918    0.0520    0.0000    0.0032    0.1650    0.3880
    0.3629    0.1209    0.0000    0.0025    0.0430    0.4707
    0.1713    0.0000    0.0000    0.0000    0.0000    0.8287
    0.3630    0.3067    0.0000    0.0000    0.1285    0.2018
    0.3992    0.3433    0.0000    0.0065    0.1807    0.0704
    0.3665    0.1085    0.0000    0.0008    0.0369    0.4873
    0.3404    0.1269    0.0000    0.0017    0.0808    0.4501
    0.3386    0.3665    0.0000    0.0004    0.1851    0.1094
    0.1225    0.0000    0.0000    0.0023    0.0002    0.8751
    0.3018    0.0684    0.0000    0.0331    0.0002    0.5965
    0.3450    0.2281    0.0000    0.0031    0.1396    0.2842
    0.0838    0.0000    0.0000    0.0006    0.0000    0.9156
    0.2055    0.0010    0.0000    0.0021    0.0000    0.7914
    0.3887    0.1035    0.0000    0.0032    0.0002    0.5044
    0.0817    0.0013    0.0000    0.0141    0.0004    0.9025
    0.1541    0.0002    0.0000    0.0022    0.0000    0.8434
    0.3808    0.1107    0.0000    0.0029    0.0096    0.4961
    0.3519    0.1260    0.0000    0.0008    0.0961    0.4252
    0.3402    0.1386    0.0000    0.0061    0.1805    0.3347
    0.2583    0.0014    0.0000    0.0000    0.0000    0.7403
    0.3790    0.3888    0.0000    0.0023    0.1702    0.0597
    0.3642    0.0379    0.0000    0.0043    0.1724    0.4213
    0.0784    0.0000    0.0000    0.0000    0.0000    0.9216
    0.3842    0.1217    0.0000    0.0043    0.1733    0.3165
    0.3827    0.2345    0.0000    0.0000    0.1396    0.2432
    0.3326    0.0762    0.0000    0.0031    0.0002    0.5878
    0.3612    0.0993    0.0000    0.0026    0.0828    0.4541
    0.3699    0.1771    0.0000    0.0043    0.0899    0.3589
    0.3417    0.0919    0.0000    0.0029    0.0519    0.5116
    0.2180    0.0000    0.0000    0.0023    0.0001    0.7795
    0.2969    0.1042    0.0000    0.0043    0.0002    0.5944
    0.3860    0.3345    0.0000    0.0063    0.1513    0.1220
    0.0214    0.0043    0.0000    0.0025    0.0076    0.9642
    0.2522    0.1483    0.0000    0.0044    0.0005    0.5946
    0.3798    0.2032    0.0000    0.0063    0.1330    0.2777
    0.0000    0.0088    0.0000    0.0225    0.0526    0.9161
    0.4017    0.1918    0.0000    0.0053    0.1708    0.2304
    0.3548    0.2851    0.0000    0.0033    0.1303    0.2265
    0.2939    0.2430    0.0000    0.0029    0.1630    0.2972
    0.3425    0.0004    0.0000    0.0039    0.0787    0.5746
    0.0222    0.0059    0.0000    0.0115    0.0014    0.9590
    0.2699    0.1635    0.0000    0.0048    0.0002    0.5616
    0.3782    0.1804    0.0000    0.0061    0.1835    0.2518
