
 TSEMO log file created on 03-Mar-2020 

 This file shows the initial specifications of TSEMO and logs the output.
 ¯¯¯¯¯¯¯¯¯¯¯¯¯¯¯¯¯¯¯¯¯¯¯¯¯¯¯¯¯¯¯¯¯¯¯¯¯¯¯¯¯¯¯¯¯¯¯¯¯¯¯¯¯¯¯¯¯¯¯¯¯¯¯¯¯¯¯¯¯¯¯¯¯¯¯¯¯¯¯¯¯¯¯¯¯¯¯¯¯¯¯¯¯¯¯¯¯¯¯¯¯¯
 License information 

 BSD 2-Clause License 

 Copyright (c) 2017, Eric Bradford, Artur M. Schweidtmann and Alexei Lapkin
 All rights reserved. 

 Redistribution and use in source and binary forms, with or without
 modification, are permitted provided that the following conditions are met: 

 *Redistributions of source code must retain the above copyright notice, this   
  list of conditions and the following disclaimer. 

 *Redistributions in binary form must reproduce the above copyright notice,   
  this list of conditions and the following disclaimer in the documentation   
  and/or other materials provided with the distribution. 

 Modified by Mina Konakovic Lukovic 2019. 

 ¯¯¯¯¯¯¯¯¯¯¯¯¯¯¯¯¯¯¯¯¯¯¯¯¯¯¯¯¯¯¯¯¯¯¯¯¯¯¯¯¯¯¯¯¯¯¯¯¯¯¯¯¯¯¯¯¯¯¯¯¯¯¯¯¯¯¯¯¯¯¯¯¯¯¯¯¯¯¯¯¯¯¯¯¯¯¯¯¯¯¯¯¯¯¯¯¯¯¯¯¯¯
 Problem specifications 

 Function used:   consta 

 Number of inputs:   6
 Number of outputs:  3 

 Lower bounds of decision variables:
      x1      x2      x3      x4      x5      x6
  0.0000  0.0000  0.0000  0.0000  0.0000  0.0000
 
 Upper bounds of decision variables:
      x1      x2      x3      x4      x5      x6
  1.0000  1.0000  0.5000  1.0000  1.0000  1.0000
 ¯¯¯¯¯¯¯¯¯¯¯¯¯¯¯¯¯¯¯¯¯¯¯¯¯¯¯¯¯¯¯¯¯¯¯¯¯¯¯¯¯¯¯¯¯¯¯¯¯¯¯¯¯¯¯¯¯¯¯¯¯¯¯¯¯¯¯¯¯¯¯¯¯¯¯¯¯¯¯¯¯¯¯¯¯¯¯¯¯¯¯¯¯¯¯¯¯¯¯¯¯¯
 Algorithm options 

 Maximum number of function evaluations:  4
 Sample batch size:                       4
 Number of algorithm iterations:          1 

 Genetic algorithm population size:        200
 Genetic algorithm number of generations:  200 

                                               f1      f2      f3
 Number of spectral sampling points:         4000    4000    4000
 Type of matern function:                       5       5       5
 Direct evaluations per input dimension:      200     200     200
 ¯¯¯¯¯¯¯¯¯¯¯¯¯¯¯¯¯¯¯¯¯¯¯¯¯¯¯¯¯¯¯¯¯¯¯¯¯¯¯¯¯¯¯¯¯¯¯¯¯¯¯¯¯¯¯¯¯¯¯¯¯¯¯¯¯¯¯¯¯¯¯¯¯¯¯¯¯¯¯¯¯¯¯¯¯¯¯¯¯¯¯¯¯¯¯¯¯¯¯¯¯¯
 Initial data set 

 Number of initial data points:  131 

 Initial input data matrix:
      x1      x2      x3      x4      x5      x6
  0.3200  0.1300  0.0500  0.2100  0.0400  0.2500
  0.0000  0.1800  0.2100  0.2800  0.2000  0.1300
  0.0000  0.0200  0.3800  0.0400  0.2900  0.2700
  0.1900  0.3000  0.1000  0.0600  0.0700  0.2800
  0.0800  0.1600  0.1400  0.0400  0.1900  0.3900
  0.3400  0.0600  0.2300  0.1600  0.1900  0.0200
  0.1400  0.1000  0.0700  0.2000  0.2700  0.2200
  0.0700  0.0700  0.3200  0.2100  0.0300  0.3000
  0.0200  0.0100  0.2700  0.1300  0.4900  0.0800
  0.0900  0.3200  0.0300  0.1300  0.3700  0.0600
  0.0800  0.2100  0.0200  0.0000  0.6100  0.0800
  0.0900  0.3200  0.0400  0.2100  0.1700  0.1700
  0.1400  0.3000  0.0700  0.1000  0.2500  0.1400
  0.0400  0.1700  0.0700  0.2200  0.2400  0.2600
  0.1700  0.1500  0.2800  0.2900  0.0000  0.1100
  0.1000  0.1400  0.1400  0.2600  0.2700  0.0900
  1.0000  0.0000  0.0000  0.0000  0.0000  0.0000
  0.0000  1.0000  0.0000  0.0000  0.0000  0.0000
  0.0000  0.0000  0.0000  1.0000  0.0000  0.0000
  0.6000  0.4000  0.0000  0.0000  0.0000  0.0000
  0.5500  0.4500  0.0000  0.0000  0.0000  0.0000
  0.5000  0.5000  0.0000  0.0000  0.0000  0.0000
  0.4500  0.5500  0.0000  0.0000  0.0000  0.0000
  0.4000  0.6000  0.0000  0.0000  0.0000  0.0000
  0.2700  0.4400  0.0900  0.0400  0.0800  0.0800
  0.0400  0.1900  0.3600  0.2000  0.1200  0.0900
  0.0000  0.5900  0.0000  0.0800  0.0800  0.2500
  0.0000  0.3900  0.1300  0.0700  0.0300  0.3800
  0.0100  0.5100  0.0000  0.1000  0.0200  0.3600
  0.0100  0.6200  0.0100  0.0300  0.1000  0.2300
  0.0600  0.3000  0.4100  0.0100  0.0100  0.2100
  0.0800  0.3200  0.5000  0.0700  0.0200  0.0100
  0.1500  0.2800  0.2500  0.0100  0.0600  0.2500
  0.0000  0.0000  0.0000  0.0000  0.0000  1.0000
  0.0000  0.0000  0.0000  0.0000  1.0000  0.0000
  0.0200  0.1100  0.0000  0.5000  0.0300  0.3400
  0.0100  0.1900  0.0000  0.0000  0.0000  0.8000
  0.0100  0.3900  0.0000  0.0200  0.0100  0.5700
  0.1800  0.1200  0.0000  0.3600  0.0000  0.3400
  0.0100  0.0000  0.1300  0.2500  0.0000  0.6100
  0.3200  0.0000  0.1200  0.0100  0.0000  0.5500
  0.0100  0.1500  0.1000  0.2100  0.0000  0.5300
  0.0100  0.0000  0.1500  0.2500  0.0000  0.5900
  0.1500  0.4500  0.0400  0.0300  0.0100  0.3200
  0.0500  0.3200  0.0000  0.5700  0.0600  0.0000
  0.3100  0.5200  0.0000  0.0800  0.0200  0.0700
  0.1500  0.0400  0.1300  0.6700  0.0100  0.0000
  0.0000  0.2100  0.2000  0.5800  0.0100  0.0000
  0.0000  0.0100  0.2800  0.6700  0.0100  0.0300
  0.0100  0.2800  0.1100  0.4600  0.1100  0.0300
  0.4900  0.0600  0.0000  0.1400  0.0200  0.2900
  0.1400  0.0000  0.0700  0.0100  0.0100  0.7700
  0.0300  0.5800  0.1800  0.0400  0.1000  0.0700
  0.0000  0.3100  0.0100  0.0200  0.1500  0.5100
  0.2500  0.0100  0.0100  0.0400  0.1300  0.5600
  0.2900  0.4500  0.0600  0.0800  0.1200  0.0000
  0.0200  0.0100  0.1600  0.0100  0.5000  0.3000
  0.0200  0.2400  0.0000  0.0300  0.2600  0.4500
  0.0000  0.0100  0.0000  0.0100  0.2700  0.7100
  0.0900  0.0200  0.0000  0.0600  0.4000  0.4300
  0.0000  0.1600  0.0000  0.0000  0.2500  0.5900
  0.3200  0.0900  0.0200  0.0100  0.0100  0.5500
  0.0000  0.0800  0.1300  0.0000  0.1100  0.6800
  0.3900  0.0100  0.0300  0.0000  0.0000  0.5700
  0.2600  0.1800  0.0200  0.0100  0.0100  0.5200
  0.2000  0.1600  0.0000  0.0000  0.0000  0.6400
  0.5100  0.3100  0.0700  0.0100  0.0100  0.0900
  0.1400  0.1700  0.0200  0.0000  0.0000  0.6700
  0.0000  0.0300  0.0200  0.2100  0.3200  0.4200
  0.5700  0.0000  0.1100  0.0100  0.1000  0.2100
  0.5100  0.2500  0.1000  0.0200  0.1200  0.0000
  0.5100  0.0100  0.0700  0.0200  0.1100  0.2800
  0.0000  0.0000  0.0000  0.0200  0.0000  0.9800
  0.6000  0.0000  0.0300  0.0000  0.0200  0.3500
  0.3400  0.0000  0.1100  0.0100  0.0600  0.4800
  0.4400  0.1100  0.1100  0.0000  0.0600  0.2800
  0.6600  0.0000  0.0800  0.0000  0.0000  0.2600
  0.3700  0.4700  0.1000  0.0000  0.0600  0.0000
  0.4400  0.3000  0.0900  0.0400  0.1300  0.0000
  0.2700  0.6100  0.1200  0.0000  0.0000  0.0000
  0.0100  0.0000  0.0000  0.0200  0.0800  0.8900
  0.2100  0.1100  0.0600  0.0000  0.1400  0.4800
  0.5200  0.0100  0.0100  0.0000  0.0000  0.4600
  0.0000  0.3800  0.0100  0.0000  0.0000  0.6100
  0.0000  0.3100  0.0100  0.0000  0.0000  0.6800
  0.3200  0.3400  0.0200  0.0000  0.0100  0.3100
  0.0100  0.4100  0.0000  0.0000  0.0100  0.5700
  0.0000  0.4100  0.0000  0.1300  0.0000  0.4600
  0.0000  0.1800  0.0000  0.2600  0.0100  0.5500
  0.0400  0.4500  0.0000  0.0700  0.0100  0.4300
  0.0000  0.2500  0.0000  0.2500  0.0000  0.5000
  0.3600  0.2000  0.0200  0.0800  0.0000  0.3400
  0.2100  0.0000  0.0000  0.3300  0.0100  0.4500
  0.2500  0.0000  0.0000  0.3100  0.0100  0.4300
  0.1900  0.0000  0.0000  0.3200  0.0100  0.4800
  0.0000  0.6300  0.1000  0.0000  0.0000  0.2700
  0.0000  0.6600  0.0900  0.0000  0.0000  0.2500
  0.0000  0.3300  0.1100  0.0100  0.0000  0.5500
  0.0000  0.6800  0.0900  0.0000  0.0100  0.2200
  0.3500  0.0000  0.0000  0.0100  0.0000  0.6400
  0.0100  0.0000  0.0000  0.3600  0.0000  0.6300
  0.4800  0.0000  0.0100  0.0000  0.1200  0.3900
  0.3900  0.0000  0.0000  0.0200  0.0100  0.5800
  0.4000  0.1700  0.0000  0.0000  0.1200  0.3100
  0.4400  0.2700  0.0000  0.0000  0.1700  0.1200
  0.3400  0.1400  0.0000  0.0000  0.1300  0.3900
  0.3300  0.1200  0.0000  0.0000  0.1300  0.4200
  0.3900  0.0000  0.0000  0.0000  0.2200  0.3900
  0.3900  0.3100  0.0000  0.0000  0.2200  0.0800
  0.4100  0.0000  0.0000  0.0000  0.2500  0.3400
  0.3500  0.0000  0.0000  0.0000  0.2000  0.4500
  0.3300  0.0000  0.0000  0.0000  0.2100  0.4600
  0.3100  0.0000  0.0000  0.0000  0.2000  0.4900
  0.3500  0.0000  0.0000  0.0000  0.2100  0.4400
  0.2000  0.0000  0.0000  0.0000  0.0100  0.7900
  0.5000  0.0000  0.0000  0.0000  0.3000  0.2000
  0.5300  0.0600  0.0000  0.0000  0.3200  0.0900
  0.5300  0.0000  0.0000  0.0000  0.3300  0.1400
  0.4200  0.0000  0.0000  0.0000  0.2700  0.3100
  0.4200  0.0100  0.0000  0.0000  0.1400  0.4300
  0.3900  0.0000  0.0000  0.0000  0.1300  0.4800
  0.4400  0.0000  0.0000  0.0500  0.1300  0.3800
  0.2800  0.0000  0.0000  0.1100  0.0800  0.5300
  0.4200  0.1200  0.0000  0.0000  0.0600  0.4000
  0.4200  0.1100  0.0000  0.0100  0.0700  0.3900
  0.4200  0.1100  0.0000  0.0000  0.0400  0.4300
  0.4500  0.0800  0.0000  0.0000  0.0500  0.4200
  0.4100  0.1400  0.0000  0.0000  0.0700  0.3800
  0.4100  0.1200  0.0000  0.0000  0.0600  0.4100
  0.4200  0.1600  0.0000  0.0000  0.0700  0.3500
  0.4000  0.1300  0.0000  0.0000  0.0800  0.3900

 Initial output data matrix:
      f1      f2      f3
-477.3645 -1.2974-78049.1925
-454.7535 -1.3662-68112.8155
-279.9044 -2.1133-51731.0693
-469.5247 -1.7578-77876.9026
-440.0426 -1.9634-76654.9118
-365.6047 -1.2303-62118.0243
-410.9856 -1.1190-66049.6554
-136.1656 -0.8962-22268.5639
-369.0088 -1.3142-61644.3643
-533.9811 -0.8968-68784.7611
-442.6768 -0.7257-59416.2131
-507.4257 -0.9822-66650.9629
-443.6008 -1.1184-65323.0907
-489.5899 -1.3294-72483.9913
-359.3333 -1.7335-60280.1487
-485.2462 -0.8865-66192.4108
-228.9585 -0.7284-49588.2084
-435.6576 -1.1748-60782.1527
-368.0328 -0.0378-29839.9581
-558.3333 -1.0147-72324.3305
-545.1107 -1.0090-76481.1353
-595.9865 -1.0313-80252.0073
-577.5167 -1.0272-78299.5278
-603.0115 -1.0486-79494.8772
-536.4679 -1.3385-83057.1828
-380.6202 -1.5761-63939.3838
-487.9964 -1.6929-74452.7693
-492.2164 -2.0354-77476.1977
-483.0457 -1.7036-74331.8675
-461.0062 -1.5331-68683.9650
-428.6732 -1.9582-73565.0149
-420.3458 -1.7501-70958.0370
-185.7397 -1.9998-39188.2443
-307.5914 -2.9333-68673.8814
-248.0791 -0.3369-41639.4837
-330.4220 -1.6093-58954.7196
-261.1897 -2.5356-54113.5267
-374.3907 -2.1313-72005.0906
-442.1932 -1.6426-73645.0393
-325.5454 -2.2577-65492.6760
-407.4563 -1.7142-79298.8675
-280.7768 -2.0890-55835.4428
-345.4445 -2.2639-66935.4850
-337.8766 -1.7123-65225.4544
-380.5099 -0.6146-47362.4095
-423.7886 -1.3121-68132.9194
-412.9137 -0.7221-59055.9302
-389.7163 -1.2975-60315.7332
-243.9299 -1.5816-43427.1956
-418.8166 -1.1219-61444.5239
-463.1094 -1.4660-81856.9346
-260.4919 -1.9421-59060.6871
-461.1271 -1.5697-75813.0466
-434.9195 -1.9723-80545.7853
-411.2741 -1.7072-85333.3874
-593.8157 -1.0758-82484.6477
-331.6431 -1.2261-62332.4475
-461.8788 -1.5726-80820.6379
-386.3988 -1.9098-76223.9832
-458.6168 -1.3865-78606.8274
-386.1546 -1.7969-73308.3934
-420.6757 -1.8963-83069.8760
-256.3444 -2.2542-53258.3199
-343.7864 -1.8975-72697.8828
-317.0968 -1.9236-66141.3310
-405.5608 -1.9380-81223.2023
-579.2708 -1.0437-87100.5169
-297.2664 -2.2664-61771.9743
-230.0024 -1.7750-53153.7094
-296.3126 -0.8946-60049.3899
-625.1337 -1.1253-94708.7918
-559.4404 -1.5604-98460.5528
-350.2734 -2.6724-74202.1381
-483.8073 -1.5770-91455.1658
-333.6048 -1.8340-67470.0844
-401.3639 -1.5176-75081.6898
-339.8147 -1.1731-68370.6235
-619.8270 -1.3159-92324.8900
-456.6095 -1.0320-73399.8497
-527.1160 -1.2052-80673.3135
-182.0132 -2.1459-33836.3245
-299.4935 -1.9115-62779.5207
-342.4831 -1.8084-73190.6083
-292.5484 -2.1003-64376.6034
-284.1961 -2.0337-60695.8700
-418.6794 -1.5121-75788.0791
-272.5130 -1.9527-60034.6655
-324.9663 -1.9969-65021.8788
-361.4059 -2.0913-69395.5054
-310.1195 -1.9192-61302.0228
-321.0298 -2.0199-62665.9535
-408.2643 -1.5818-76317.7672
-398.2560 -1.9114-74552.8783
-437.9660 -1.8110-79745.2693
-402.9772 -1.8842-75747.1961
-367.7646 -1.7661-65605.9795
-392.9406 -1.8913-69484.2021
-317.1051 -2.1952-63761.7220
-355.6015 -1.8014-64450.3268
-438.2688 -2.1205-87348.6010
-334.7339 -2.0407-65124.3183
-514.0293 -1.5443-93643.6527
-526.1093 -1.9176-98663.7705
-555.0826 -1.4101-91162.3449
-653.9760 -1.1215-96005.8355
-613.3157 -1.3545-102903.8092
-574.5688 -1.4762-99854.6710
-596.1996 -1.5851-97568.0584
-673.8733 -1.3085-96609.9429
-570.9253 -1.5720-97057.6408
-453.6160 -1.8559-85374.7271
-512.3685 -1.7799-93175.9066
-384.8236 -1.8510-77997.5467
-536.0149 -1.7113-96497.9814
-289.9712 -1.9717-66399.4183
-596.7186 -0.9982-92484.7776
-390.5278 -0.8869-64360.6166
-429.9865 -0.7968-68899.7837
-397.0291 -1.0850-76450.3138
-413.4216 -1.7276-80202.5821
-512.4700 -1.6664-92116.8858
-627.3105 -1.5880-103558.9154
-459.2870 -1.8760-85164.1567
-489.1206 -1.8652-89171.2803
-523.3253 -1.8184-92589.2154
-483.7090 -2.0071-89596.8710
-506.5947 -1.8726-91082.8276
-414.5373 -1.4395-76845.5530
-497.6451 -1.5944-86257.9869
-387.4478 -1.5175-74536.3039
-605.3055 -1.7013-100894.6560

 ¯¯¯¯¯¯¯¯¯¯¯¯¯¯¯¯¯¯¯¯¯¯¯¯¯¯¯¯¯¯¯¯¯¯¯¯¯¯¯¯¯¯¯¯¯¯¯¯¯¯¯¯¯¯¯¯¯¯¯¯¯¯¯¯¯¯¯¯¯¯¯¯¯¯¯¯¯¯¯¯¯¯¯¯¯¯¯¯¯¯¯¯¯¯¯¯¯¯¯¯¯¯
 Algorithm iteration 1 

 Predicted hypervolume improvement:    0.0000
 Time taken:   38.2171 

 Proposed evaluation point(s): 
      x1      x2      x3      x4      x5      x6
  0.4400  0.3500  0.0000  0.0000  0.2100  0.0000
  0.4400  0.3500  0.0000  0.0000  0.2100  0.0000
  0.4400  0.3500  0.0000  0.0000  0.2100  0.0000
  0.4400  0.3500  0.0000  0.0000  0.2100  0.0000

 Corresponding observation(s): 
      f1      f2      f3
-639.5141 -0.8126-84545.3467
-639.5141 -0.8126-84545.3467
-639.5141 -0.8126-84545.3467
-639.5141 -0.8126-84545.3467

 ¯¯¯¯¯¯¯¯¯¯¯¯¯¯¯¯¯¯¯¯¯¯¯¯¯¯¯¯¯¯¯¯¯¯¯¯¯¯¯¯¯¯¯¯¯¯¯¯¯¯¯¯¯¯¯¯¯¯¯¯¯¯¯¯¯¯¯¯¯¯¯¯¯¯¯¯¯¯¯¯¯¯¯¯¯¯¯¯¯¯¯¯¯¯¯¯¯¯¯¯¯¯
 Final algorithm output 

 Final input data matrix:
        x1        x2        x3        x4        x5        x6
    0.3200    0.1300    0.0500    0.2100    0.0400    0.2500
    0.0000    0.1800    0.2100    0.2800    0.2000    0.1300
    0.0000    0.0200    0.3800    0.0400    0.2900    0.2700
    0.1900    0.3000    0.1000    0.0600    0.0700    0.2800
    0.0800    0.1600    0.1400    0.0400    0.1900    0.3900
    0.3400    0.0600    0.2300    0.1600    0.1900    0.0200
    0.1400    0.1000    0.0700    0.2000    0.2700    0.2200
    0.0700    0.0700    0.3200    0.2100    0.0300    0.3000
    0.0200    0.0100    0.2700    0.1300    0.4900    0.0800
    0.0900    0.3200    0.0300    0.1300    0.3700    0.0600
    0.0800    0.2100    0.0200    0.0000    0.6100    0.0800
    0.0900    0.3200    0.0400    0.2100    0.1700    0.1700
    0.1400    0.3000    0.0700    0.1000    0.2500    0.1400
    0.0400    0.1700    0.0700    0.2200    0.2400    0.2600
    0.1700    0.1500    0.2800    0.2900    0.0000    0.1100
    0.1000    0.1400    0.1400    0.2600    0.2700    0.0900
    1.0000    0.0000    0.0000    0.0000    0.0000    0.0000
    0.0000    1.0000    0.0000    0.0000    0.0000    0.0000
    0.0000    0.0000    0.0000    1.0000    0.0000    0.0000
    0.6000    0.4000    0.0000    0.0000    0.0000    0.0000
    0.5500    0.4500    0.0000    0.0000    0.0000    0.0000
    0.5000    0.5000    0.0000    0.0000    0.0000    0.0000
    0.4500    0.5500    0.0000    0.0000    0.0000    0.0000
    0.4000    0.6000    0.0000    0.0000    0.0000    0.0000
    0.2700    0.4400    0.0900    0.0400    0.0800    0.0800
    0.0400    0.1900    0.3600    0.2000    0.1200    0.0900
    0.0000    0.5900    0.0000    0.0800    0.0800    0.2500
    0.0000    0.3900    0.1300    0.0700    0.0300    0.3800
    0.0100    0.5100    0.0000    0.1000    0.0200    0.3600
    0.0100    0.6200    0.0100    0.0300    0.1000    0.2300
    0.0600    0.3000    0.4100    0.0100    0.0100    0.2100
    0.0800    0.3200    0.5000    0.0700    0.0200    0.0100
    0.1500    0.2800    0.2500    0.0100    0.0600    0.2500
    0.0000    0.0000    0.0000    0.0000    0.0000    1.0000
    0.0000    0.0000    0.0000    0.0000    1.0000    0.0000
    0.0200    0.1100    0.0000    0.5000    0.0300    0.3400
    0.0100    0.1900    0.0000    0.0000    0.0000    0.8000
    0.0100    0.3900    0.0000    0.0200    0.0100    0.5700
    0.1800    0.1200    0.0000    0.3600    0.0000    0.3400
    0.0100    0.0000    0.1300    0.2500    0.0000    0.6100
    0.3200    0.0000    0.1200    0.0100    0.0000    0.5500
    0.0100    0.1500    0.1000    0.2100    0.0000    0.5300
    0.0100    0.0000    0.1500    0.2500    0.0000    0.5900
    0.1500    0.4500    0.0400    0.0300    0.0100    0.3200
    0.0500    0.3200    0.0000    0.5700    0.0600    0.0000
    0.3100    0.5200    0.0000    0.0800    0.0200    0.0700
    0.1500    0.0400    0.1300    0.6700    0.0100    0.0000
    0.0000    0.2100    0.2000    0.5800    0.0100    0.0000
    0.0000    0.0100    0.2800    0.6700    0.0100    0.0300
    0.0100    0.2800    0.1100    0.4600    0.1100    0.0300
    0.4900    0.0600    0.0000    0.1400    0.0200    0.2900
    0.1400    0.0000    0.0700    0.0100    0.0100    0.7700
    0.0300    0.5800    0.1800    0.0400    0.1000    0.0700
    0.0000    0.3100    0.0100    0.0200    0.1500    0.5100
    0.2500    0.0100    0.0100    0.0400    0.1300    0.5600
    0.2900    0.4500    0.0600    0.0800    0.1200    0.0000
    0.0200    0.0100    0.1600    0.0100    0.5000    0.3000
    0.0200    0.2400    0.0000    0.0300    0.2600    0.4500
    0.0000    0.0100    0.0000    0.0100    0.2700    0.7100
    0.0900    0.0200    0.0000    0.0600    0.4000    0.4300
    0.0000    0.1600    0.0000    0.0000    0.2500    0.5900
    0.3200    0.0900    0.0200    0.0100    0.0100    0.5500
    0.0000    0.0800    0.1300    0.0000    0.1100    0.6800
    0.3900    0.0100    0.0300    0.0000    0.0000    0.5700
    0.2600    0.1800    0.0200    0.0100    0.0100    0.5200
    0.2000    0.1600    0.0000    0.0000    0.0000    0.6400
    0.5100    0.3100    0.0700    0.0100    0.0100    0.0900
    0.1400    0.1700    0.0200    0.0000    0.0000    0.6700
    0.0000    0.0300    0.0200    0.2100    0.3200    0.4200
    0.5700    0.0000    0.1100    0.0100    0.1000    0.2100
    0.5100    0.2500    0.1000    0.0200    0.1200    0.0000
    0.5100    0.0100    0.0700    0.0200    0.1100    0.2800
    0.0000    0.0000    0.0000    0.0200    0.0000    0.9800
    0.6000    0.0000    0.0300    0.0000    0.0200    0.3500
    0.3400    0.0000    0.1100    0.0100    0.0600    0.4800
    0.4400    0.1100    0.1100    0.0000    0.0600    0.2800
    0.6600    0.0000    0.0800    0.0000    0.0000    0.2600
    0.3700    0.4700    0.1000    0.0000    0.0600    0.0000
    0.4400    0.3000    0.0900    0.0400    0.1300    0.0000
    0.2700    0.6100    0.1200    0.0000    0.0000    0.0000
    0.0100    0.0000    0.0000    0.0200    0.0800    0.8900
    0.2100    0.1100    0.0600    0.0000    0.1400    0.4800
    0.5200    0.0100    0.0100    0.0000    0.0000    0.4600
    0.0000    0.3800    0.0100    0.0000    0.0000    0.6100
    0.0000    0.3100    0.0100    0.0000    0.0000    0.6800
    0.3200    0.3400    0.0200    0.0000    0.0100    0.3100
    0.0100    0.4100    0.0000    0.0000    0.0100    0.5700
    0.0000    0.4100    0.0000    0.1300    0.0000    0.4600
    0.0000    0.1800    0.0000    0.2600    0.0100    0.5500
    0.0400    0.4500    0.0000    0.0700    0.0100    0.4300
    0.0000    0.2500    0.0000    0.2500    0.0000    0.5000
    0.3600    0.2000    0.0200    0.0800    0.0000    0.3400
    0.2100    0.0000    0.0000    0.3300    0.0100    0.4500
    0.2500    0.0000    0.0000    0.3100    0.0100    0.4300
    0.1900    0.0000    0.0000    0.3200    0.0100    0.4800
    0.0000    0.6300    0.1000    0.0000    0.0000    0.2700
    0.0000    0.6600    0.0900    0.0000    0.0000    0.2500
    0.0000    0.3300    0.1100    0.0100    0.0000    0.5500
    0.0000    0.6800    0.0900    0.0000    0.0100    0.2200
    0.3500    0.0000    0.0000    0.0100    0.0000    0.6400
    0.0100    0.0000    0.0000    0.3600    0.0000    0.6300
    0.4800    0.0000    0.0100    0.0000    0.1200    0.3900
    0.3900    0.0000    0.0000    0.0200    0.0100    0.5800
    0.4000    0.1700    0.0000    0.0000    0.1200    0.3100
    0.4400    0.2700    0.0000    0.0000    0.1700    0.1200
    0.3400    0.1400    0.0000    0.0000    0.1300    0.3900
    0.3300    0.1200    0.0000    0.0000    0.1300    0.4200
    0.3900    0.0000    0.0000    0.0000    0.2200    0.3900
    0.3900    0.3100    0.0000    0.0000    0.2200    0.0800
    0.4100    0.0000    0.0000    0.0000    0.2500    0.3400
    0.3500    0.0000    0.0000    0.0000    0.2000    0.4500
    0.3300    0.0000    0.0000    0.0000    0.2100    0.4600
    0.3100    0.0000    0.0000    0.0000    0.2000    0.4900
    0.3500    0.0000    0.0000    0.0000    0.2100    0.4400
    0.2000    0.0000    0.0000    0.0000    0.0100    0.7900
    0.5000    0.0000    0.0000    0.0000    0.3000    0.2000
    0.5300    0.0600    0.0000    0.0000    0.3200    0.0900
    0.5300    0.0000    0.0000    0.0000    0.3300    0.1400
    0.4200    0.0000    0.0000    0.0000    0.2700    0.3100
    0.4200    0.0100    0.0000    0.0000    0.1400    0.4300
    0.3900    0.0000    0.0000    0.0000    0.1300    0.4800
    0.4400    0.0000    0.0000    0.0500    0.1300    0.3800
    0.2800    0.0000    0.0000    0.1100    0.0800    0.5300
    0.4200    0.1200    0.0000    0.0000    0.0600    0.4000
    0.4200    0.1100    0.0000    0.0100    0.0700    0.3900
    0.4200    0.1100    0.0000    0.0000    0.0400    0.4300
    0.4500    0.0800    0.0000    0.0000    0.0500    0.4200
    0.4100    0.1400    0.0000    0.0000    0.0700    0.3800
    0.4100    0.1200    0.0000    0.0000    0.0600    0.4100
    0.4200    0.1600    0.0000    0.0000    0.0700    0.3500
    0.4000    0.1300    0.0000    0.0000    0.0800    0.3900
    0.4400    0.3500    0.0000    0.0000    0.2100    0.0000
    0.4400    0.3500    0.0000    0.0000    0.2100    0.0000
    0.4400    0.3500    0.0000    0.0000    0.2100    0.0000
    0.4400    0.3500    0.0000    0.0000    0.2100    0.0000

 Final output data matrix:
        f1        f2        f3
 -477.3645   -1.2974-78049.1925
 -454.7535   -1.3662-68112.8155
 -279.9044   -2.1133-51731.0693
 -469.5247   -1.7578-77876.9026
 -440.0426   -1.9634-76654.9118
 -365.6047   -1.2303-62118.0243
 -410.9856   -1.1190-66049.6554
 -136.1656   -0.8962-22268.5639
 -369.0088   -1.3142-61644.3643
 -533.9811   -0.8968-68784.7611
 -442.6768   -0.7257-59416.2131
 -507.4257   -0.9822-66650.9629
 -443.6008   -1.1184-65323.0907
 -489.5899   -1.3294-72483.9913
 -359.3333   -1.7335-60280.1487
 -485.2462   -0.8865-66192.4108
 -228.9585   -0.7284-49588.2084
 -435.6576   -1.1748-60782.1527
 -368.0328   -0.0378-29839.9581
 -558.3333   -1.0147-72324.3305
 -545.1107   -1.0090-76481.1353
 -595.9865   -1.0313-80252.0073
 -577.5167   -1.0272-78299.5278
 -603.0115   -1.0486-79494.8772
 -536.4679   -1.3385-83057.1828
 -380.6202   -1.5761-63939.3838
 -487.9964   -1.6929-74452.7693
 -492.2164   -2.0354-77476.1977
 -483.0457   -1.7036-74331.8675
 -461.0062   -1.5331-68683.9650
 -428.6732   -1.9582-73565.0149
 -420.3458   -1.7501-70958.0370
 -185.7397   -1.9998-39188.2443
 -307.5914   -2.9333-68673.8814
 -248.0791   -0.3369-41639.4837
 -330.4220   -1.6093-58954.7196
 -261.1897   -2.5356-54113.5267
 -374.3907   -2.1313-72005.0906
 -442.1932   -1.6426-73645.0393
 -325.5454   -2.2577-65492.6760
 -407.4563   -1.7142-79298.8675
 -280.7768   -2.0890-55835.4428
 -345.4445   -2.2639-66935.4850
 -337.8766   -1.7123-65225.4544
 -380.5099   -0.6146-47362.4095
 -423.7886   -1.3121-68132.9194
 -412.9137   -0.7221-59055.9302
 -389.7163   -1.2975-60315.7332
 -243.9299   -1.5816-43427.1956
 -418.8166   -1.1219-61444.5239
 -463.1094   -1.4660-81856.9346
 -260.4919   -1.9421-59060.6871
 -461.1271   -1.5697-75813.0466
 -434.9195   -1.9723-80545.7853
 -411.2741   -1.7072-85333.3874
 -593.8157   -1.0758-82484.6477
 -331.6431   -1.2261-62332.4475
 -461.8788   -1.5726-80820.6379
 -386.3988   -1.9098-76223.9832
 -458.6168   -1.3865-78606.8274
 -386.1546   -1.7969-73308.3934
 -420.6757   -1.8963-83069.8760
 -256.3444   -2.2542-53258.3199
 -343.7864   -1.8975-72697.8828
 -317.0968   -1.9236-66141.3310
 -405.5608   -1.9380-81223.2023
 -579.2708   -1.0437-87100.5169
 -297.2664   -2.2664-61771.9743
 -230.0024   -1.7750-53153.7094
 -296.3126   -0.8946-60049.3899
 -625.1337   -1.1253-94708.7918
 -559.4404   -1.5604-98460.5528
 -350.2734   -2.6724-74202.1381
 -483.8073   -1.5770-91455.1658
 -333.6048   -1.8340-67470.0844
 -401.3639   -1.5176-75081.6898
 -339.8147   -1.1731-68370.6235
 -619.8270   -1.3159-92324.8900
 -456.6095   -1.0320-73399.8497
 -527.1160   -1.2052-80673.3135
 -182.0132   -2.1459-33836.3245
 -299.4935   -1.9115-62779.5207
 -342.4831   -1.8084-73190.6083
 -292.5484   -2.1003-64376.6034
 -284.1961   -2.0337-60695.8700
 -418.6794   -1.5121-75788.0791
 -272.5130   -1.9527-60034.6655
 -324.9663   -1.9969-65021.8788
 -361.4059   -2.0913-69395.5054
 -310.1195   -1.9192-61302.0228
 -321.0298   -2.0199-62665.9535
 -408.2643   -1.5818-76317.7672
 -398.2560   -1.9114-74552.8783
 -437.9660   -1.8110-79745.2693
 -402.9772   -1.8842-75747.1961
 -367.7646   -1.7661-65605.9795
 -392.9406   -1.8913-69484.2021
 -317.1051   -2.1952-63761.7220
 -355.6015   -1.8014-64450.3268
 -438.2688   -2.1205-87348.6010
 -334.7339   -2.0407-65124.3183
 -514.0293   -1.5443-93643.6527
 -526.1093   -1.9176-98663.7705
 -555.0826   -1.4101-91162.3449
 -653.9760   -1.1215-96005.8355
 -613.3157   -1.3545-102903.8092
 -574.5688   -1.4762-99854.6710
 -596.1996   -1.5851-97568.0584
 -673.8733   -1.3085-96609.9429
 -570.9253   -1.5720-97057.6408
 -453.6160   -1.8559-85374.7271
 -512.3685   -1.7799-93175.9066
 -384.8236   -1.8510-77997.5467
 -536.0149   -1.7113-96497.9814
 -289.9712   -1.9717-66399.4183
 -596.7186   -0.9982-92484.7776
 -390.5278   -0.8869-64360.6166
 -429.9865   -0.7968-68899.7837
 -397.0291   -1.0850-76450.3138
 -413.4216   -1.7276-80202.5821
 -512.4700   -1.6664-92116.8858
 -627.3105   -1.5880-103558.9154
 -459.2870   -1.8760-85164.1567
 -489.1206   -1.8652-89171.2803
 -523.3253   -1.8184-92589.2154
 -483.7090   -2.0071-89596.8710
 -506.5947   -1.8726-91082.8276
 -414.5373   -1.4395-76845.5530
 -497.6451   -1.5944-86257.9869
 -387.4478   -1.5175-74536.3039
 -605.3055   -1.7013-100894.6560
 -639.5141   -0.8126-84545.3467
 -639.5141   -0.8126-84545.3467
 -639.5141   -0.8126-84545.3467
 -639.5141   -0.8126-84545.3467

 Input data matrix of corresponding Pareto front:
        x1        x2        x3        x4        x5        x6
    0.0000    0.3900    0.1300    0.0700    0.0300    0.3800
    0.0000    0.0000    0.0000    0.0000    0.0000    1.0000
    0.0100    0.3900    0.0000    0.0200    0.0100    0.5700
    0.0000    0.0000    0.0000    0.0200    0.0000    0.9800
    0.3500    0.0000    0.0000    0.0100    0.0000    0.6400
    0.3900    0.0000    0.0000    0.0200    0.0100    0.5800
    0.3900    0.3100    0.0000    0.0000    0.2200    0.0800
    0.3500    0.0000    0.0000    0.0000    0.2100    0.4400
    0.4400    0.0000    0.0000    0.0500    0.1300    0.3800
    0.4200    0.1100    0.0000    0.0000    0.0400    0.4300
    0.4000    0.1300    0.0000    0.0000    0.0800    0.3900

 Output data matrix of corresponding Pareto front:
        f1        f2        f3
 -492.2164   -2.0354-77476.1977
 -307.5914   -2.9333-68673.8814
 -374.3907   -2.1313-72005.0906
 -350.2734   -2.6724-74202.1381
 -438.2688   -2.1205-87348.6010
 -526.1093   -1.9176-98663.7705
 -673.8733   -1.3085-96609.9429
 -536.0149   -1.7113-96497.9814
 -627.3105   -1.5880-103558.9154
 -483.7090   -2.0071-89596.8710
 -605.3055   -1.7013-100894.6560

 Input data matrix of Pareto front of final Gaussian process model:
        x1        x2        x3        x4        x5        x6
    0.0000    0.0000    0.0000    0.0000    0.0000    1.0000
    0.3980    0.4028    0.0000    0.0000    0.1991    0.0000
    0.3939    0.0514    0.0000    0.0000    0.1729    0.3818
    0.3883    0.4094    0.0000    0.0000    0.2023    0.0000
    0.0003    0.0105    0.0000    0.0000    0.0690    0.9202
    0.0000    0.0000    0.0000    0.0000    0.0000    1.0000
    0.0599    0.0010    0.0000    0.0012    0.0016    0.9362
    0.0735    0.0009    0.0000    0.0003    0.0007    0.9246
    0.3735    0.3770    0.0000    0.0000    0.1805    0.0690
    0.2191    0.0013    0.0000    0.0000    0.0006    0.7790
    0.2149    0.0000    0.0000    0.0000    0.0019    0.7832
    0.1798    0.0008    0.0000    0.0030    0.0021    0.8143
    0.1051    0.0000    0.0000    0.0006    0.0000    0.8943
    0.4097    0.4320    0.0000    0.0000    0.1296    0.0287
    0.2493    0.0000    0.0000    0.0011    0.0008    0.7488
    0.1101    0.0000    0.0000    0.0019    0.0007    0.8873
    0.3857    0.4067    0.0000    0.0000    0.1806    0.0270
    0.3792    0.3780    0.0000    0.0000    0.1915    0.0514
    0.3230    0.0127    0.0000    0.0008    0.0004    0.6631
    0.2700    0.0016    0.0000    0.0063    0.0006    0.7214
    0.2399    0.0081    0.0000    0.0005    0.0002    0.7514
    0.3977    0.0582    0.0000    0.0009    0.1113    0.4318
    0.1671    0.0048    0.0000    0.0036    0.0000    0.8245
    0.2306    0.0136    0.0000    0.0009    0.0014    0.7536
    0.2230    0.0015    0.0000    0.0017    0.0020    0.7718
    0.3712    0.4051    0.0000    0.0004    0.1864    0.0369
    0.3020    0.0076    0.0000    0.0002    0.0003    0.6899
    0.0910    0.0000    0.0000    0.0000    0.0000    0.9090
    0.1773    0.0000    0.0000    0.0000    0.0000    0.8227
    0.2774    0.0049    0.0000    0.0000    0.0005    0.7172
    0.3081    0.0149    0.0000    0.0001    0.0000    0.6769
    0.2437    0.0009    0.0000    0.0005    0.0005    0.7544
    0.3603    0.0330    0.0000    0.0000    0.1178    0.4889
    0.3281    0.2350    0.0000    0.0000    0.1558    0.2811
    0.3648    0.4251    0.0000    0.0001    0.2101    0.0000
    0.0000    0.0000    0.0000    0.0000    0.0348    0.9652
    0.2093    0.0043    0.0000    0.0006    0.0005    0.7853
    0.3676    0.0065    0.0000    0.0000    0.0955    0.5304
    0.0998    0.0000    0.0000    0.0000    0.0003    0.9000
    0.3561    0.3347    0.0000    0.0000    0.1552    0.1539
    0.1333    0.0001    0.0000    0.0001    0.0000    0.8665
    0.3519    0.2418    0.0000    0.0000    0.1163    0.2899
    0.2046    0.0007    0.0000    0.0005    0.0005    0.7937
    0.2920    0.0123    0.0000    0.0063    0.0005    0.6889
    0.1484    0.0014    0.0000    0.0000    0.0000    0.8503
    0.3745    0.0841    0.0000    0.0000    0.0008    0.5406
    0.3066    0.0041    0.0000    0.0001    0.0000    0.6892
    0.2878    0.0078    0.0000    0.0002    0.0003    0.7038
    0.1200    0.0009    0.0000    0.0005    0.0004    0.8783
    0.3312    0.3622    0.0000    0.0001    0.1525    0.1541
    0.3662    0.0542    0.0000    0.0011    0.1292    0.4493
    0.2642    0.0193    0.0000    0.0000    0.0003    0.7162
    0.0870    0.0000    0.0000    0.0000    0.0068    0.9061
    0.1747    0.0006    0.0000    0.0004    0.0005    0.8238
    0.3767    0.0350    0.0000    0.0000    0.0673    0.5210
    0.3856    0.1983    0.0000    0.0000    0.1804    0.2358
    0.3712    0.0244    0.0000    0.0009    0.1039    0.4996
    0.2525    0.0002    0.0000    0.0001    0.0006    0.7465
    0.1931    0.0208    0.0000    0.0000    0.0000    0.7861
    0.3982    0.4028    0.0000    0.0002    0.1863    0.0125
    0.4063    0.1258    0.0000    0.0000    0.1536    0.3142
    0.3220    0.0273    0.0000    0.0007    0.0006    0.6494
    0.1272    0.0001    0.0000    0.0001    0.0000    0.8726
    0.3627    0.0244    0.0000    0.0007    0.0018    0.6104
    0.3792    0.0193    0.0000    0.0006    0.1271    0.4739
    0.3714    0.1238    0.0000    0.0001    0.1508    0.3538
    0.3373    0.0125    0.0000    0.0007    0.0004    0.6491
    0.1947    0.0008    0.0000    0.0006    0.0023    0.8017
    0.3742    0.0401    0.0000    0.0075    0.0005    0.5776
    0.4036    0.0233    0.0000    0.0000    0.0849    0.4882
    0.3246    0.0501    0.0000    0.0000    0.0039    0.6214
    0.3852    0.2689    0.0000    0.0013    0.1030    0.2415
    0.3774    0.0092    0.0000    0.0012    0.0004    0.6118
    0.3866    0.0101    0.0000    0.0011    0.0003    0.6018
    0.3558    0.2912    0.0000    0.0009    0.1355    0.2166
    0.0538    0.0000    0.0000    0.0000    0.0000    0.9462
    0.1152    0.0043    0.0000    0.0004    0.0022    0.8779
    0.1432    0.0014    0.0000    0.0000    0.0003    0.8551
    0.3662    0.0603    0.0000    0.0011    0.1154    0.4570
    0.3495    0.2550    0.0000    0.0031    0.1131    0.2793
    0.2563    0.0000    0.0000    0.0005    0.0005    0.7427
    0.3682    0.3117    0.0000    0.0004    0.1195    0.2002
    0.3565    0.3879    0.0000    0.0001    0.1420    0.1135
    0.1618    0.0002    0.0000    0.0019    0.0007    0.8353
    0.3772    0.3572    0.0000    0.0000    0.1766    0.0890
    0.4065    0.0000    0.0000    0.0091    0.0000    0.5843
    0.3605    0.3777    0.0000    0.0000    0.1821    0.0797
    0.1507    0.0000    0.0000    0.0004    0.0008    0.8481
    0.3226    0.1540    0.0000    0.0001    0.1564    0.3670
    0.3346    0.3204    0.0000    0.0017    0.1094    0.2339
    0.4173    0.0468    0.0000    0.0009    0.1472    0.3878
    0.1536    0.0015    0.0000    0.0008    0.0007    0.8433
    0.3797    0.1952    0.0000    0.0000    0.1803    0.2448
    0.4038    0.0371    0.0000    0.0000    0.0938    0.4652
    0.3707    0.0189    0.0000    0.0000    0.0977    0.5127
    0.3448    0.3020    0.0000    0.0000    0.1522    0.2010
    0.3507    0.0586    0.0000    0.0000    0.1147    0.4760
    0.3377    0.0387    0.0000    0.0006    0.0000    0.6229
    0.3378    0.2956    0.0000    0.0000    0.1699    0.1967
    0.0589    0.0000    0.0000    0.0012    0.0195    0.9204
    0.1918    0.0001    0.0000    0.0005    0.0005    0.8071
    0.4084    0.0120    0.0000    0.0091    0.0012    0.5693
    0.1551    0.0049    0.0000    0.0001    0.0038    0.8361
    0.1372    0.0000    0.0000    0.0000    0.0003    0.8626
    0.1844    0.0048    0.0000    0.0000    0.0000    0.8108
    0.3485    0.0398    0.0000    0.0024    0.0005    0.6089
    0.3552    0.1188    0.0000    0.0002    0.1330    0.3928
    0.4129    0.1880    0.0000    0.0007    0.1969    0.2016
    0.3636    0.3658    0.0000    0.0008    0.1653    0.1045
    0.3576    0.2564    0.0000    0.0011    0.1417    0.2432
    0.3224    0.3659    0.0000    0.0005    0.1538    0.1574
    0.3591    0.3606    0.0000    0.0000    0.1782    0.1021
    0.3194    0.0044    0.0000    0.0000    0.0005    0.6757
    0.3651    0.1217    0.0000    0.0001    0.1482    0.3649
    0.0000    0.0000    0.0000    0.0000    0.0447    0.9553
    0.2311    0.0054    0.0000    0.0041    0.0005    0.7588
    0.3670    0.2642    0.0000    0.0020    0.1261    0.2408
    0.3645    0.0023    0.0000    0.0000    0.0011    0.6321
    0.1290    0.0000    0.0000    0.0000    0.0003    0.8708
    0.0000    0.0000    0.0000    0.0000    0.0205    0.9795
    0.3269    0.2815    0.0000    0.0008    0.1343    0.2565
    0.3809    0.0354    0.0000    0.0000    0.0570    0.5267
    0.2193    0.0236    0.0000    0.0000    0.0000    0.7571
    0.3748    0.0321    0.0000    0.0008    0.1323    0.4599
    0.1864    0.0007    0.0000    0.0005    0.0022    0.8102
    0.0294    0.0010    0.0000    0.0174    0.0000    0.9521
    0.3327    0.1941    0.0000    0.0000    0.1317    0.3414
    0.0003    0.0000    0.0000    0.0000    0.0075    0.9921
    0.2941    0.0048    0.0000    0.0000    0.0005    0.7006
    0.3677    0.0431    0.0000    0.0040    0.0545    0.5306
    0.3765    0.2692    0.0000    0.0000    0.1876    0.1667
    0.0000    0.0000    0.0000    0.0000    0.1006    0.8994
    0.3992    0.3037    0.0000    0.0009    0.1815    0.1148
    0.2247    0.0102    0.0000    0.0064    0.0001    0.7585
    0.3517    0.2036    0.0000    0.0004    0.1313    0.3130
    0.3927    0.0793    0.0000    0.0000    0.0008    0.5273
    0.2871    0.0004    0.0000    0.0005    0.0002    0.7119
    0.2563    0.0113    0.0000    0.0003    0.0019    0.7302
    0.3840    0.3071    0.0000    0.0027    0.1635    0.1427
    0.4135    0.0376    0.0000    0.0000    0.0013    0.5476
    0.3485    0.4163    0.0000    0.0001    0.1583    0.0767
    0.3411    0.0211    0.0000    0.0000    0.0051    0.6326
    0.1673    0.0000    0.0000    0.0000    0.0000    0.8327
    0.2554    0.0097    0.0000    0.0002    0.0003    0.7343
    0.3699    0.3350    0.0000    0.0002    0.1715    0.1233
    0.3643    0.0008    0.0000    0.0004    0.0501    0.5844
    0.3721    0.0189    0.0000    0.0000    0.0944    0.5146
    0.3501    0.0631    0.0000    0.0008    0.1530    0.4331
    0.0188    0.0031    0.0000    0.0001    0.0111    0.9670
    0.3988    0.2833    0.0000    0.0000    0.1698    0.1482
    0.4135    0.2494    0.0000    0.0010    0.1591    0.1770
    0.1955    0.0000    0.0000    0.0012    0.0008    0.8024
    0.0000    0.0006    0.0000    0.0000    0.0267    0.9727
    0.3503    0.3780    0.0000    0.0008    0.1566    0.1144
    0.3624    0.2845    0.0000    0.0000    0.1636    0.1894
    0.3359    0.1999    0.0000    0.0004    0.1436    0.3203
    0.1393    0.0000    0.0000    0.0001    0.0003    0.8603
    0.4049    0.0560    0.0000    0.0097    0.1656    0.3638
    0.3225    0.3330    0.0000    0.0001    0.1643    0.1801
    0.3910    0.0900    0.0000    0.0002    0.1335    0.3854
    0.3166    0.0000    0.0000    0.0000    0.0006    0.6828
    0.3694    0.1433    0.0000    0.0001    0.1456    0.3416
    0.3264    0.2338    0.0000    0.0000    0.1600    0.2797
    0.3986    0.0144    0.0000    0.0009    0.1741    0.4120
    0.2594    0.0189    0.0000    0.0000    0.0003    0.7215
    0.2049    0.0045    0.0000    0.0005    0.0034    0.7867
    0.0000    0.0000    0.0000    0.0000    0.0849    0.9151
    0.3910    0.0669    0.0000    0.0009    0.1286    0.4126
    0.1556    0.0049    0.0000    0.0001    0.0002    0.8391
    0.0411    0.0000    0.0000    0.0006    0.0318    0.9265
    0.3691    0.0842    0.0000    0.0021    0.0231    0.5215
    0.1912    0.0000    0.0000    0.0000    0.0000    0.8088
    0.3590    0.2125    0.0000    0.0000    0.1725    0.2560
    0.4051    0.0718    0.0000    0.0005    0.1124    0.4102
    0.3385    0.2015    0.0000    0.0004    0.1368    0.3228
    0.2285    0.0042    0.0000    0.0005    0.0005    0.7662
    0.3459    0.0863    0.0000    0.0007    0.1392    0.4278
    0.0004    0.0000    0.0000    0.0000    0.0040    0.9955
    0.4175    0.0109    0.0000    0.0012    0.0241    0.5463
    0.2065    0.0008    0.0000    0.0005    0.0004    0.7918
    0.3778    0.0000    0.0000    0.0011    0.0000    0.6211
    0.3920    0.0407    0.0000    0.0007    0.1410    0.4256
    0.1419    0.0014    0.0000    0.0000    0.0000    0.8567
    0.1654    0.0001    0.0000    0.0001    0.0001    0.8343
    0.0000    0.0000    0.0000    0.0000    0.0126    0.9874
    0.3331    0.0090    0.0000    0.0000    0.0004    0.6575
    0.3865    0.1711    0.0000    0.0000    0.1781    0.2643
    0.3283    0.0185    0.0000    0.0065    0.0000    0.6467
    0.3886    0.3933    0.0000    0.0000    0.1944    0.0237
    0.3888    0.3250    0.0000    0.0002    0.1664    0.1196
    0.2844    0.0000    0.0000    0.0010    0.0007    0.7139
    0.0000    0.0012    0.0000    0.0000    0.0134    0.9853
    0.3743    0.0046    0.0000    0.0044    0.0784    0.5384
    0.2812    0.0000    0.0000    0.0004    0.0003    0.7181
    0.2800    0.0468    0.0000    0.0000    0.0005    0.6727
    0.3985    0.4013    0.0000    0.0000    0.1833    0.0168
    0.3560    0.0109    0.0000    0.0008    0.0626    0.5698
    0.3806    0.0354    0.0000    0.0084    0.0417    0.5339
    0.3217    0.1449    0.0000    0.0002    0.1375    0.3956
    0.3836    0.2678    0.0000    0.0013    0.1067    0.2405

 Output data matrix of Pareto front of final Gaussian process model:
        f1        f2        f3
 -279.8226   -2.7451-61599.3327
 -641.7774   -0.9046-85447.8147
 -517.5208   -1.5753-92831.1285
 -642.0655   -0.9068-85436.9614
 -295.4783   -2.4655-60030.6516
 -279.8226   -2.7451-61599.3327
 -287.1890   -2.5392-61708.0109
 -289.7349   -2.5025-62054.2400
 -624.3855   -1.0502-87205.3498
 -346.9283   -2.1361-71892.0118
