
 TSEMO log file created on 03-Mar-2020 

 This file shows the initial specifications of TSEMO and logs the output.
 ¯¯¯¯¯¯¯¯¯¯¯¯¯¯¯¯¯¯¯¯¯¯¯¯¯¯¯¯¯¯¯¯¯¯¯¯¯¯¯¯¯¯¯¯¯¯¯¯¯¯¯¯¯¯¯¯¯¯¯¯¯¯¯¯¯¯¯¯¯¯¯¯¯¯¯¯¯¯¯¯¯¯¯¯¯¯¯¯¯¯¯¯¯¯¯¯¯¯¯¯¯¯
 License information 

 BSD 2-Clause License 

 Copyright (c) 2017, Eric Bradford, Artur M. Schweidtmann and Alexei Lapkin
 All rights reserved. 

 Redistribution and use in source and binary forms, with or without
 modification, are permitted provided that the following conditions are met: 

 *Redistributions of source code must retain the above copyright notice, this   
  list of conditions and the following disclaimer. 

 *Redistributions in binary form must reproduce the above copyright notice,   
  this list of conditions and the following disclaimer in the documentation   
  and/or other materials provided with the distribution. 

 Modified by Mina Konakovic Lukovic 2019. 

 ¯¯¯¯¯¯¯¯¯¯¯¯¯¯¯¯¯¯¯¯¯¯¯¯¯¯¯¯¯¯¯¯¯¯¯¯¯¯¯¯¯¯¯¯¯¯¯¯¯¯¯¯¯¯¯¯¯¯¯¯¯¯¯¯¯¯¯¯¯¯¯¯¯¯¯¯¯¯¯¯¯¯¯¯¯¯¯¯¯¯¯¯¯¯¯¯¯¯¯¯¯¯
 Problem specifications 

 Function used:   consta 

 Number of inputs:   6
 Number of outputs:  3 

 Lower bounds of decision variables:
      x1      x2      x3      x4      x5      x6
  0.0000  0.0000  0.0000  0.0000  0.0000  0.0000
 
 Upper bounds of decision variables:
      x1      x2      x3      x4      x5      x6
  1.0000  1.0000  0.5000  1.0000  1.0000  1.0000
 ¯¯¯¯¯¯¯¯¯¯¯¯¯¯¯¯¯¯¯¯¯¯¯¯¯¯¯¯¯¯¯¯¯¯¯¯¯¯¯¯¯¯¯¯¯¯¯¯¯¯¯¯¯¯¯¯¯¯¯¯¯¯¯¯¯¯¯¯¯¯¯¯¯¯¯¯¯¯¯¯¯¯¯¯¯¯¯¯¯¯¯¯¯¯¯¯¯¯¯¯¯¯
 Algorithm options 

 Maximum number of function evaluations:  4
 Sample batch size:                       4
 Number of algorithm iterations:          1 

 Genetic algorithm population size:        200
 Genetic algorithm number of generations:  200 

                                               f1      f2      f3
 Number of spectral sampling points:         4000    4000    4000
 Type of matern function:                       5       5       5
 Direct evaluations per input dimension:      200     200     200
 ¯¯¯¯¯¯¯¯¯¯¯¯¯¯¯¯¯¯¯¯¯¯¯¯¯¯¯¯¯¯¯¯¯¯¯¯¯¯¯¯¯¯¯¯¯¯¯¯¯¯¯¯¯¯¯¯¯¯¯¯¯¯¯¯¯¯¯¯¯¯¯¯¯¯¯¯¯¯¯¯¯¯¯¯¯¯¯¯¯¯¯¯¯¯¯¯¯¯¯¯¯¯
 Initial data set 

 Number of initial data points:  131 

 Initial input data matrix:
      x1      x2      x3      x4      x5      x6
  0.3200  0.1300  0.0500  0.2100  0.0400  0.2500
  0.0000  0.1800  0.2100  0.2800  0.2000  0.1300
  0.0000  0.0200  0.3800  0.0400  0.2900  0.2700
  0.1900  0.3000  0.1000  0.0600  0.0700  0.2800
  0.0800  0.1600  0.1400  0.0400  0.1900  0.3900
  0.3400  0.0600  0.2300  0.1600  0.1900  0.0200
  0.1400  0.1000  0.0700  0.2000  0.2700  0.2200
  0.0700  0.0700  0.3200  0.2100  0.0300  0.3000
  0.0200  0.0100  0.2700  0.1300  0.4900  0.0800
  0.0900  0.3200  0.0300  0.1300  0.3700  0.0600
  0.0800  0.2100  0.0200  0.0000  0.6100  0.0800
  0.0900  0.3200  0.0400  0.2100  0.1700  0.1700
  0.1400  0.3000  0.0700  0.1000  0.2500  0.1400
  0.0400  0.1700  0.0700  0.2200  0.2400  0.2600
  0.1700  0.1500  0.2800  0.2900  0.0000  0.1100
  0.1000  0.1400  0.1400  0.2600  0.2700  0.0900
  1.0000  0.0000  0.0000  0.0000  0.0000  0.0000
  0.0000  1.0000  0.0000  0.0000  0.0000  0.0000
  0.0000  0.0000  0.0000  1.0000  0.0000  0.0000
  0.6000  0.4000  0.0000  0.0000  0.0000  0.0000
  0.5500  0.4500  0.0000  0.0000  0.0000  0.0000
  0.5000  0.5000  0.0000  0.0000  0.0000  0.0000
  0.4500  0.5500  0.0000  0.0000  0.0000  0.0000
  0.4000  0.6000  0.0000  0.0000  0.0000  0.0000
  0.2700  0.4400  0.0900  0.0400  0.0800  0.0800
  0.0400  0.1900  0.3600  0.2000  0.1200  0.0900
  0.0000  0.5900  0.0000  0.0800  0.0800  0.2500
  0.0000  0.3900  0.1300  0.0700  0.0300  0.3800
  0.0100  0.5100  0.0000  0.1000  0.0200  0.3600
  0.0100  0.6200  0.0100  0.0300  0.1000  0.2300
  0.0600  0.3000  0.4100  0.0100  0.0100  0.2100
  0.0800  0.3200  0.5000  0.0700  0.0200  0.0100
  0.1500  0.2800  0.2500  0.0100  0.0600  0.2500
  0.0000  0.0000  0.0000  0.0000  0.0000  1.0000
  0.0000  0.0000  0.0000  0.0000  1.0000  0.0000
  0.0200  0.1100  0.0000  0.5000  0.0300  0.3400
  0.0100  0.1900  0.0000  0.0000  0.0000  0.8000
  0.0100  0.3900  0.0000  0.0200  0.0100  0.5700
  0.1800  0.1200  0.0000  0.3600  0.0000  0.3400
  0.0100  0.0000  0.1300  0.2500  0.0000  0.6100
  0.3200  0.0000  0.1200  0.0100  0.0000  0.5500
  0.0100  0.1500  0.1000  0.2100  0.0000  0.5300
  0.0100  0.0000  0.1500  0.2500  0.0000  0.5900
  0.1500  0.4500  0.0400  0.0300  0.0100  0.3200
  0.0500  0.3200  0.0000  0.5700  0.0600  0.0000
  0.3100  0.5200  0.0000  0.0800  0.0200  0.0700
  0.1500  0.0400  0.1300  0.6700  0.0100  0.0000
  0.0000  0.2100  0.2000  0.5800  0.0100  0.0000
  0.0000  0.0100  0.2800  0.6700  0.0100  0.0300
  0.0100  0.2800  0.1100  0.4600  0.1100  0.0300
  0.4900  0.0600  0.0000  0.1400  0.0200  0.2900
  0.1400  0.0000  0.0700  0.0100  0.0100  0.7700
  0.0300  0.5800  0.1800  0.0400  0.1000  0.0700
  0.0000  0.3100  0.0100  0.0200  0.1500  0.5100
  0.2500  0.0100  0.0100  0.0400  0.1300  0.5600
  0.2900  0.4500  0.0600  0.0800  0.1200  0.0000
  0.0200  0.0100  0.1600  0.0100  0.5000  0.3000
  0.0200  0.2400  0.0000  0.0300  0.2600  0.4500
  0.0000  0.0100  0.0000  0.0100  0.2700  0.7100
  0.0900  0.0200  0.0000  0.0600  0.4000  0.4300
  0.0000  0.1600  0.0000  0.0000  0.2500  0.5900
  0.3200  0.0900  0.0200  0.0100  0.0100  0.5500
  0.0000  0.0800  0.1300  0.0000  0.1100  0.6800
  0.3900  0.0100  0.0300  0.0000  0.0000  0.5700
  0.2600  0.1800  0.0200  0.0100  0.0100  0.5200
  0.2000  0.1600  0.0000  0.0000  0.0000  0.6400
  0.5100  0.3100  0.0700  0.0100  0.0100  0.0900
  0.1400  0.1700  0.0200  0.0000  0.0000  0.6700
  0.0000  0.0300  0.0200  0.2100  0.3200  0.4200
  0.5700  0.0000  0.1100  0.0100  0.1000  0.2100
  0.5100  0.2500  0.1000  0.0200  0.1200  0.0000
  0.5100  0.0100  0.0700  0.0200  0.1100  0.2800
  0.0000  0.0000  0.0000  0.0200  0.0000  0.9800
  0.6000  0.0000  0.0300  0.0000  0.0200  0.3500
  0.3400  0.0000  0.1100  0.0100  0.0600  0.4800
  0.4400  0.1100  0.1100  0.0000  0.0600  0.2800
  0.6600  0.0000  0.0800  0.0000  0.0000  0.2600
  0.3700  0.4700  0.1000  0.0000  0.0600  0.0000
  0.4400  0.3000  0.0900  0.0400  0.1300  0.0000
  0.2700  0.6100  0.1200  0.0000  0.0000  0.0000
  0.0100  0.0000  0.0000  0.0200  0.0800  0.8900
  0.2100  0.1100  0.0600  0.0000  0.1400  0.4800
  0.5200  0.0100  0.0100  0.0000  0.0000  0.4600
  0.0000  0.3800  0.0100  0.0000  0.0000  0.6100
  0.0000  0.3100  0.0100  0.0000  0.0000  0.6800
  0.3200  0.3400  0.0200  0.0000  0.0100  0.3100
  0.0100  0.4100  0.0000  0.0000  0.0100  0.5700
  0.0000  0.4100  0.0000  0.1300  0.0000  0.4600
  0.0000  0.1800  0.0000  0.2600  0.0100  0.5500
  0.0400  0.4500  0.0000  0.0700  0.0100  0.4300
  0.0000  0.2500  0.0000  0.2500  0.0000  0.5000
  0.3600  0.2000  0.0200  0.0800  0.0000  0.3400
  0.2100  0.0000  0.0000  0.3300  0.0100  0.4500
  0.2500  0.0000  0.0000  0.3100  0.0100  0.4300
  0.1900  0.0000  0.0000  0.3200  0.0100  0.4800
  0.0000  0.6300  0.1000  0.0000  0.0000  0.2700
  0.0000  0.6600  0.0900  0.0000  0.0000  0.2500
  0.0000  0.3300  0.1100  0.0100  0.0000  0.5500
  0.0000  0.6800  0.0900  0.0000  0.0100  0.2200
  0.3500  0.0000  0.0000  0.0100  0.0000  0.6400
  0.0100  0.0000  0.0000  0.3600  0.0000  0.6300
  0.4800  0.0000  0.0100  0.0000  0.1200  0.3900
  0.3900  0.0000  0.0000  0.0200  0.0100  0.5800
  0.4000  0.1700  0.0000  0.0000  0.1200  0.3100
  0.4400  0.2700  0.0000  0.0000  0.1700  0.1200
  0.3400  0.1400  0.0000  0.0000  0.1300  0.3900
  0.3300  0.1200  0.0000  0.0000  0.1300  0.4200
  0.3900  0.0000  0.0000  0.0000  0.2200  0.3900
  0.3900  0.3100  0.0000  0.0000  0.2200  0.0800
  0.4100  0.0000  0.0000  0.0000  0.2500  0.3400
  0.3500  0.0000  0.0000  0.0000  0.2000  0.4500
  0.3300  0.0000  0.0000  0.0000  0.2100  0.4600
  0.3100  0.0000  0.0000  0.0000  0.2000  0.4900
  0.3500  0.0000  0.0000  0.0000  0.2100  0.4400
  0.2000  0.0000  0.0000  0.0000  0.0100  0.7900
  0.5000  0.0000  0.0000  0.0000  0.3000  0.2000
  0.5300  0.0600  0.0000  0.0000  0.3200  0.0900
  0.5300  0.0000  0.0000  0.0000  0.3300  0.1400
  0.4200  0.0000  0.0000  0.0000  0.2700  0.3100
  0.4200  0.0100  0.0000  0.0000  0.1400  0.4300
  0.3900  0.0000  0.0000  0.0000  0.1300  0.4800
  0.4400  0.0000  0.0000  0.0500  0.1300  0.3800
  0.2800  0.0000  0.0000  0.1100  0.0800  0.5300
  0.4200  0.1200  0.0000  0.0000  0.0600  0.4000
  0.4200  0.1100  0.0000  0.0100  0.0700  0.3900
  0.4200  0.1100  0.0000  0.0000  0.0400  0.4300
  0.4500  0.0800  0.0000  0.0000  0.0500  0.4200
  0.4100  0.1400  0.0000  0.0000  0.0700  0.3800
  0.4100  0.1200  0.0000  0.0000  0.0600  0.4100
  0.4200  0.1600  0.0000  0.0000  0.0700  0.3500
  0.4000  0.1300  0.0000  0.0000  0.0800  0.3900

 Initial output data matrix:
      f1      f2      f3
-477.3645 -1.2974-78049.1925
-454.7535 -1.3662-68112.8155
-279.9044 -2.1133-51731.0693
-469.5247 -1.7578-77876.9026
-440.0426 -1.9634-76654.9118
-365.6047 -1.2303-62118.0243
-410.9856 -1.1190-66049.6554
-136.1656 -0.8962-22268.5639
-369.0088 -1.3142-61644.3643
-533.9811 -0.8968-68784.7611
-442.6768 -0.7257-59416.2131
-507.4257 -0.9822-66650.9629
-443.6008 -1.1184-65323.0907
-489.5899 -1.3294-72483.9913
-359.3333 -1.7335-60280.1487
-485.2462 -0.8865-66192.4108
-228.9585 -0.7284-49588.2084
-435.6576 -1.1748-60782.1527
-368.0328 -0.0378-29839.9581
-558.3333 -1.0147-72324.3305
-545.1107 -1.0090-76481.1353
-595.9865 -1.0313-80252.0073
-577.5167 -1.0272-78299.5278
-603.0115 -1.0486-79494.8772
-536.4679 -1.3385-83057.1828
-380.6202 -1.5761-63939.3838
-487.9964 -1.6929-74452.7693
-492.2164 -2.0354-77476.1977
-483.0457 -1.7036-74331.8675
-461.0062 -1.5331-68683.9650
-428.6732 -1.9582-73565.0149
-420.3458 -1.7501-70958.0370
-185.7397 -1.9998-39188.2443
-307.5914 -2.9333-68673.8814
-248.0791 -0.3369-41639.4837
-330.4220 -1.6093-58954.7196
-261.1897 -2.5356-54113.5267
-374.3907 -2.1313-72005.0906
-442.1932 -1.6426-73645.0393
-325.5454 -2.2577-65492.6760
-407.4563 -1.7142-79298.8675
-280.7768 -2.0890-55835.4428
-345.4445 -2.2639-66935.4850
-337.8766 -1.7123-65225.4544
-380.5099 -0.6146-47362.4095
-423.7886 -1.3121-68132.9194
-412.9137 -0.7221-59055.9302
-389.7163 -1.2975-60315.7332
-243.9299 -1.5816-43427.1956
-418.8166 -1.1219-61444.5239
-463.1094 -1.4660-81856.9346
-260.4919 -1.9421-59060.6871
-461.1271 -1.5697-75813.0466
-434.9195 -1.9723-80545.7853
-411.2741 -1.7072-85333.3874
-593.8157 -1.0758-82484.6477
-331.6431 -1.2261-62332.4475
-461.8788 -1.5726-80820.6379
-386.3988 -1.9098-76223.9832
-458.6168 -1.3865-78606.8274
-386.1546 -1.7969-73308.3934
-420.6757 -1.8963-83069.8760
-256.3444 -2.2542-53258.3199
-343.7864 -1.8975-72697.8828
-317.0968 -1.9236-66141.3310
-405.5608 -1.9380-81223.2023
-579.2708 -1.0437-87100.5169
-297.2664 -2.2664-61771.9743
-230.0024 -1.7750-53153.7094
-296.3126 -0.8946-60049.3899
-625.1337 -1.1253-94708.7918
-559.4404 -1.5604-98460.5528
-350.2734 -2.6724-74202.1381
-483.8073 -1.5770-91455.1658
-333.6048 -1.8340-67470.0844
-401.3639 -1.5176-75081.6898
-339.8147 -1.1731-68370.6235
-619.8270 -1.3159-92324.8900
-456.6095 -1.0320-73399.8497
-527.1160 -1.2052-80673.3135
-182.0132 -2.1459-33836.3245
-299.4935 -1.9115-62779.5207
-342.4831 -1.8084-73190.6083
-292.5484 -2.1003-64376.6034
-284.1961 -2.0337-60695.8700
-418.6794 -1.5121-75788.0791
-272.5130 -1.9527-60034.6655
-324.9663 -1.9969-65021.8788
-361.4059 -2.0913-69395.5054
-310.1195 -1.9192-61302.0228
-321.0298 -2.0199-62665.9535
-408.2643 -1.5818-76317.7672
-398.2560 -1.9114-74552.8783
-437.9660 -1.8110-79745.2693
-402.9772 -1.8842-75747.1961
-367.7646 -1.7661-65605.9795
-392.9406 -1.8913-69484.2021
-317.1051 -2.1952-63761.7220
-355.6015 -1.8014-64450.3268
-438.2688 -2.1205-87348.6010
-334.7339 -2.0407-65124.3183
-514.0293 -1.5443-93643.6527
-526.1093 -1.9176-98663.7705
-555.0826 -1.4101-91162.3449
-653.9760 -1.1215-96005.8355
-613.3157 -1.3545-102903.8092
-574.5688 -1.4762-99854.6710
-596.1996 -1.5851-97568.0584
-673.8733 -1.3085-96609.9429
-570.9253 -1.5720-97057.6408
-453.6160 -1.8559-85374.7271
-512.3685 -1.7799-93175.9066
-384.8236 -1.8510-77997.5467
-536.0149 -1.7113-96497.9814
-289.9712 -1.9717-66399.4183
-596.7186 -0.9982-92484.7776
-390.5278 -0.8869-64360.6166
-429.9865 -0.7968-68899.7837
-397.0291 -1.0850-76450.3138
-413.4216 -1.7276-80202.5821
-512.4700 -1.6664-92116.8858
-627.3105 -1.5880-103558.9154
-459.2870 -1.8760-85164.1567
-489.1206 -1.8652-89171.2803
-523.3253 -1.8184-92589.2154
-483.7090 -2.0071-89596.8710
-506.5947 -1.8726-91082.8276
-414.5373 -1.4395-76845.5530
-497.6451 -1.5944-86257.9869
-387.4478 -1.5175-74536.3039
-605.3055 -1.7013-100894.6560

 ¯¯¯¯¯¯¯¯¯¯¯¯¯¯¯¯¯¯¯¯¯¯¯¯¯¯¯¯¯¯¯¯¯¯¯¯¯¯¯¯¯¯¯¯¯¯¯¯¯¯¯¯¯¯¯¯¯¯¯¯¯¯¯¯¯¯¯¯¯¯¯¯¯¯¯¯¯¯¯¯¯¯¯¯¯¯¯¯¯¯¯¯¯¯¯¯¯¯¯¯¯¯
 Algorithm iteration 1 

 Predicted hypervolume improvement:    0.0186
 Time taken:   42.4822 

 Proposed evaluation point(s): 
      x1      x2      x3      x4      x5      x6
  0.2900  0.0000  0.0000  0.0200  0.1000  0.5900
  0.3200  0.0000  0.0000  0.0000  0.1100  0.5700
  0.2000  0.0000  0.0000  0.0000  0.0000  0.8000
  0.3200  0.0100  0.0000  0.0000  0.0800  0.5900

 Corresponding observation(s): 
      f1      f2      f3
-445.9509 -1.9470-91213.7121
-464.8129 -1.9259-93272.0629
-356.4428 -2.1675-67328.5277
-449.6536 -1.9549-89719.4217

 ¯¯¯¯¯¯¯¯¯¯¯¯¯¯¯¯¯¯¯¯¯¯¯¯¯¯¯¯¯¯¯¯¯¯¯¯¯¯¯¯¯¯¯¯¯¯¯¯¯¯¯¯¯¯¯¯¯¯¯¯¯¯¯¯¯¯¯¯¯¯¯¯¯¯¯¯¯¯¯¯¯¯¯¯¯¯¯¯¯¯¯¯¯¯¯¯¯¯¯¯¯¯
 Final algorithm output 

 Final input data matrix:
        x1        x2        x3        x4        x5        x6
    0.3200    0.1300    0.0500    0.2100    0.0400    0.2500
    0.0000    0.1800    0.2100    0.2800    0.2000    0.1300
    0.0000    0.0200    0.3800    0.0400    0.2900    0.2700
    0.1900    0.3000    0.1000    0.0600    0.0700    0.2800
    0.0800    0.1600    0.1400    0.0400    0.1900    0.3900
    0.3400    0.0600    0.2300    0.1600    0.1900    0.0200
    0.1400    0.1000    0.0700    0.2000    0.2700    0.2200
    0.0700    0.0700    0.3200    0.2100    0.0300    0.3000
    0.0200    0.0100    0.2700    0.1300    0.4900    0.0800
    0.0900    0.3200    0.0300    0.1300    0.3700    0.0600
    0.0800    0.2100    0.0200    0.0000    0.6100    0.0800
    0.0900    0.3200    0.0400    0.2100    0.1700    0.1700
    0.1400    0.3000    0.0700    0.1000    0.2500    0.1400
    0.0400    0.1700    0.0700    0.2200    0.2400    0.2600
    0.1700    0.1500    0.2800    0.2900    0.0000    0.1100
    0.1000    0.1400    0.1400    0.2600    0.2700    0.0900
    1.0000    0.0000    0.0000    0.0000    0.0000    0.0000
    0.0000    1.0000    0.0000    0.0000    0.0000    0.0000
    0.0000    0.0000    0.0000    1.0000    0.0000    0.0000
    0.6000    0.4000    0.0000    0.0000    0.0000    0.0000
    0.5500    0.4500    0.0000    0.0000    0.0000    0.0000
    0.5000    0.5000    0.0000    0.0000    0.0000    0.0000
    0.4500    0.5500    0.0000    0.0000    0.0000    0.0000
    0.4000    0.6000    0.0000    0.0000    0.0000    0.0000
    0.2700    0.4400    0.0900    0.0400    0.0800    0.0800
    0.0400    0.1900    0.3600    0.2000    0.1200    0.0900
    0.0000    0.5900    0.0000    0.0800    0.0800    0.2500
    0.0000    0.3900    0.1300    0.0700    0.0300    0.3800
    0.0100    0.5100    0.0000    0.1000    0.0200    0.3600
    0.0100    0.6200    0.0100    0.0300    0.1000    0.2300
    0.0600    0.3000    0.4100    0.0100    0.0100    0.2100
    0.0800    0.3200    0.5000    0.0700    0.0200    0.0100
    0.1500    0.2800    0.2500    0.0100    0.0600    0.2500
    0.0000    0.0000    0.0000    0.0000    0.0000    1.0000
    0.0000    0.0000    0.0000    0.0000    1.0000    0.0000
    0.0200    0.1100    0.0000    0.5000    0.0300    0.3400
    0.0100    0.1900    0.0000    0.0000    0.0000    0.8000
    0.0100    0.3900    0.0000    0.0200    0.0100    0.5700
    0.1800    0.1200    0.0000    0.3600    0.0000    0.3400
    0.0100    0.0000    0.1300    0.2500    0.0000    0.6100
    0.3200    0.0000    0.1200    0.0100    0.0000    0.5500
    0.0100    0.1500    0.1000    0.2100    0.0000    0.5300
    0.0100    0.0000    0.1500    0.2500    0.0000    0.5900
    0.1500    0.4500    0.0400    0.0300    0.0100    0.3200
    0.0500    0.3200    0.0000    0.5700    0.0600    0.0000
    0.3100    0.5200    0.0000    0.0800    0.0200    0.0700
    0.1500    0.0400    0.1300    0.6700    0.0100    0.0000
    0.0000    0.2100    0.2000    0.5800    0.0100    0.0000
    0.0000    0.0100    0.2800    0.6700    0.0100    0.0300
    0.0100    0.2800    0.1100    0.4600    0.1100    0.0300
    0.4900    0.0600    0.0000    0.1400    0.0200    0.2900
    0.1400    0.0000    0.0700    0.0100    0.0100    0.7700
    0.0300    0.5800    0.1800    0.0400    0.1000    0.0700
    0.0000    0.3100    0.0100    0.0200    0.1500    0.5100
    0.2500    0.0100    0.0100    0.0400    0.1300    0.5600
    0.2900    0.4500    0.0600    0.0800    0.1200    0.0000
    0.0200    0.0100    0.1600    0.0100    0.5000    0.3000
    0.0200    0.2400    0.0000    0.0300    0.2600    0.4500
    0.0000    0.0100    0.0000    0.0100    0.2700    0.7100
    0.0900    0.0200    0.0000    0.0600    0.4000    0.4300
    0.0000    0.1600    0.0000    0.0000    0.2500    0.5900
    0.3200    0.0900    0.0200    0.0100    0.0100    0.5500
    0.0000    0.0800    0.1300    0.0000    0.1100    0.6800
    0.3900    0.0100    0.0300    0.0000    0.0000    0.5700
    0.2600    0.1800    0.0200    0.0100    0.0100    0.5200
    0.2000    0.1600    0.0000    0.0000    0.0000    0.6400
    0.5100    0.3100    0.0700    0.0100    0.0100    0.0900
    0.1400    0.1700    0.0200    0.0000    0.0000    0.6700
    0.0000    0.0300    0.0200    0.2100    0.3200    0.4200
    0.5700    0.0000    0.1100    0.0100    0.1000    0.2100
    0.5100    0.2500    0.1000    0.0200    0.1200    0.0000
    0.5100    0.0100    0.0700    0.0200    0.1100    0.2800
    0.0000    0.0000    0.0000    0.0200    0.0000    0.9800
    0.6000    0.0000    0.0300    0.0000    0.0200    0.3500
    0.3400    0.0000    0.1100    0.0100    0.0600    0.4800
    0.4400    0.1100    0.1100    0.0000    0.0600    0.2800
    0.6600    0.0000    0.0800    0.0000    0.0000    0.2600
    0.3700    0.4700    0.1000    0.0000    0.0600    0.0000
    0.4400    0.3000    0.0900    0.0400    0.1300    0.0000
    0.2700    0.6100    0.1200    0.0000    0.0000    0.0000
    0.0100    0.0000    0.0000    0.0200    0.0800    0.8900
    0.2100    0.1100    0.0600    0.0000    0.1400    0.4800
    0.5200    0.0100    0.0100    0.0000    0.0000    0.4600
    0.0000    0.3800    0.0100    0.0000    0.0000    0.6100
    0.0000    0.3100    0.0100    0.0000    0.0000    0.6800
    0.3200    0.3400    0.0200    0.0000    0.0100    0.3100
    0.0100    0.4100    0.0000    0.0000    0.0100    0.5700
    0.0000    0.4100    0.0000    0.1300    0.0000    0.4600
    0.0000    0.1800    0.0000    0.2600    0.0100    0.5500
    0.0400    0.4500    0.0000    0.0700    0.0100    0.4300
    0.0000    0.2500    0.0000    0.2500    0.0000    0.5000
    0.3600    0.2000    0.0200    0.0800    0.0000    0.3400
    0.2100    0.0000    0.0000    0.3300    0.0100    0.4500
    0.2500    0.0000    0.0000    0.3100    0.0100    0.4300
    0.1900    0.0000    0.0000    0.3200    0.0100    0.4800
    0.0000    0.6300    0.1000    0.0000    0.0000    0.2700
    0.0000    0.6600    0.0900    0.0000    0.0000    0.2500
    0.0000    0.3300    0.1100    0.0100    0.0000    0.5500
    0.0000    0.6800    0.0900    0.0000    0.0100    0.2200
    0.3500    0.0000    0.0000    0.0100    0.0000    0.6400
    0.0100    0.0000    0.0000    0.3600    0.0000    0.6300
    0.4800    0.0000    0.0100    0.0000    0.1200    0.3900
    0.3900    0.0000    0.0000    0.0200    0.0100    0.5800
    0.4000    0.1700    0.0000    0.0000    0.1200    0.3100
    0.4400    0.2700    0.0000    0.0000    0.1700    0.1200
    0.3400    0.1400    0.0000    0.0000    0.1300    0.3900
    0.3300    0.1200    0.0000    0.0000    0.1300    0.4200
    0.3900    0.0000    0.0000    0.0000    0.2200    0.3900
    0.3900    0.3100    0.0000    0.0000    0.2200    0.0800
    0.4100    0.0000    0.0000    0.0000    0.2500    0.3400
    0.3500    0.0000    0.0000    0.0000    0.2000    0.4500
    0.3300    0.0000    0.0000    0.0000    0.2100    0.4600
    0.3100    0.0000    0.0000    0.0000    0.2000    0.4900
    0.3500    0.0000    0.0000    0.0000    0.2100    0.4400
    0.2000    0.0000    0.0000    0.0000    0.0100    0.7900
    0.5000    0.0000    0.0000    0.0000    0.3000    0.2000
    0.5300    0.0600    0.0000    0.0000    0.3200    0.0900
    0.5300    0.0000    0.0000    0.0000    0.3300    0.1400
    0.4200    0.0000    0.0000    0.0000    0.2700    0.3100
    0.4200    0.0100    0.0000    0.0000    0.1400    0.4300
    0.3900    0.0000    0.0000    0.0000    0.1300    0.4800
    0.4400    0.0000    0.0000    0.0500    0.1300    0.3800
    0.2800    0.0000    0.0000    0.1100    0.0800    0.5300
    0.4200    0.1200    0.0000    0.0000    0.0600    0.4000
    0.4200    0.1100    0.0000    0.0100    0.0700    0.3900
    0.4200    0.1100    0.0000    0.0000    0.0400    0.4300
    0.4500    0.0800    0.0000    0.0000    0.0500    0.4200
    0.4100    0.1400    0.0000    0.0000    0.0700    0.3800
    0.4100    0.1200    0.0000    0.0000    0.0600    0.4100
    0.4200    0.1600    0.0000    0.0000    0.0700    0.3500
    0.4000    0.1300    0.0000    0.0000    0.0800    0.3900
    0.2900    0.0000    0.0000    0.0200    0.1000    0.5900
    0.3200    0.0000    0.0000    0.0000    0.1100    0.5700
    0.2000    0.0000    0.0000    0.0000    0.0000    0.8000
    0.3200    0.0100    0.0000    0.0000    0.0800    0.5900

 Final output data matrix:
        f1        f2        f3
 -477.3645   -1.2974-78049.1925
 -454.7535   -1.3662-68112.8155
 -279.9044   -2.1133-51731.0693
 -469.5247   -1.7578-77876.9026
 -440.0426   -1.9634-76654.9118
 -365.6047   -1.2303-62118.0243
 -410.9856   -1.1190-66049.6554
 -136.1656   -0.8962-22268.5639
 -369.0088   -1.3142-61644.3643
 -533.9811   -0.8968-68784.7611
 -442.6768   -0.7257-59416.2131
 -507.4257   -0.9822-66650.9629
 -443.6008   -1.1184-65323.0907
 -489.5899   -1.3294-72483.9913
 -359.3333   -1.7335-60280.1487
 -485.2462   -0.8865-66192.4108
 -228.9585   -0.7284-49588.2084
 -435.6576   -1.1748-60782.1527
 -368.0328   -0.0378-29839.9581
 -558.3333   -1.0147-72324.3305
 -545.1107   -1.0090-76481.1353
 -595.9865   -1.0313-80252.0073
 -577.5167   -1.0272-78299.5278
 -603.0115   -1.0486-79494.8772
 -536.4679   -1.3385-83057.1828
 -380.6202   -1.5761-63939.3838
 -487.9964   -1.6929-74452.7693
 -492.2164   -2.0354-77476.1977
 -483.0457   -1.7036-74331.8675
 -461.0062   -1.5331-68683.9650
 -428.6732   -1.9582-73565.0149
 -420.3458   -1.7501-70958.0370
 -185.7397   -1.9998-39188.2443
 -307.5914   -2.9333-68673.8814
 -248.0791   -0.3369-41639.4837
 -330.4220   -1.6093-58954.7196
 -261.1897   -2.5356-54113.5267
 -374.3907   -2.1313-72005.0906
 -442.1932   -1.6426-73645.0393
 -325.5454   -2.2577-65492.6760
 -407.4563   -1.7142-79298.8675
 -280.7768   -2.0890-55835.4428
 -345.4445   -2.2639-66935.4850
 -337.8766   -1.7123-65225.4544
 -380.5099   -0.6146-47362.4095
 -423.7886   -1.3121-68132.9194
 -412.9137   -0.7221-59055.9302
 -389.7163   -1.2975-60315.7332
 -243.9299   -1.5816-43427.1956
 -418.8166   -1.1219-61444.5239
 -463.1094   -1.4660-81856.9346
 -260.4919   -1.9421-59060.6871
 -461.1271   -1.5697-75813.0466
 -434.9195   -1.9723-80545.7853
 -411.2741   -1.7072-85333.3874
 -593.8157   -1.0758-82484.6477
 -331.6431   -1.2261-62332.4475
 -461.8788   -1.5726-80820.6379
 -386.3988   -1.9098-76223.9832
 -458.6168   -1.3865-78606.8274
 -386.1546   -1.7969-73308.3934
 -420.6757   -1.8963-83069.8760
 -256.3444   -2.2542-53258.3199
 -343.7864   -1.8975-72697.8828
 -317.0968   -1.9236-66141.3310
 -405.5608   -1.9380-81223.2023
 -579.2708   -1.0437-87100.5169
 -297.2664   -2.2664-61771.9743
 -230.0024   -1.7750-53153.7094
 -296.3126   -0.8946-60049.3899
 -625.1337   -1.1253-94708.7918
 -559.4404   -1.5604-98460.5528
 -350.2734   -2.6724-74202.1381
 -483.8073   -1.5770-91455.1658
 -333.6048   -1.8340-67470.0844
 -401.3639   -1.5176-75081.6898
 -339.8147   -1.1731-68370.6235
 -619.8270   -1.3159-92324.8900
 -456.6095   -1.0320-73399.8497
 -527.1160   -1.2052-80673.3135
 -182.0132   -2.1459-33836.3245
 -299.4935   -1.9115-62779.5207
 -342.4831   -1.8084-73190.6083
 -292.5484   -2.1003-64376.6034
 -284.1961   -2.0337-60695.8700
 -418.6794   -1.5121-75788.0791
 -272.5130   -1.9527-60034.6655
 -324.9663   -1.9969-65021.8788
 -361.4059   -2.0913-69395.5054
 -310.1195   -1.9192-61302.0228
 -321.0298   -2.0199-62665.9535
 -408.2643   -1.5818-76317.7672
 -398.2560   -1.9114-74552.8783
 -437.9660   -1.8110-79745.2693
 -402.9772   -1.8842-75747.1961
 -367.7646   -1.7661-65605.9795
 -392.9406   -1.8913-69484.2021
 -317.1051   -2.1952-63761.7220
 -355.6015   -1.8014-64450.3268
 -438.2688   -2.1205-87348.6010
 -334.7339   -2.0407-65124.3183
 -514.0293   -1.5443-93643.6527
 -526.1093   -1.9176-98663.7705
 -555.0826   -1.4101-91162.3449
 -653.9760   -1.1215-96005.8355
 -613.3157   -1.3545-102903.8092
 -574.5688   -1.4762-99854.6710
 -596.1996   -1.5851-97568.0584
 -673.8733   -1.3085-96609.9429
 -570.9253   -1.5720-97057.6408
 -453.6160   -1.8559-85374.7271
 -512.3685   -1.7799-93175.9066
 -384.8236   -1.8510-77997.5467
 -536.0149   -1.7113-96497.9814
 -289.9712   -1.9717-66399.4183
 -596.7186   -0.9982-92484.7776
 -390.5278   -0.8869-64360.6166
 -429.9865   -0.7968-68899.7837
 -397.0291   -1.0850-76450.3138
 -413.4216   -1.7276-80202.5821
 -512.4700   -1.6664-92116.8858
 -627.3105   -1.5880-103558.9154
 -459.2870   -1.8760-85164.1567
 -489.1206   -1.8652-89171.2803
 -523.3253   -1.8184-92589.2154
 -483.7090   -2.0071-89596.8710
 -506.5947   -1.8726-91082.8276
 -414.5373   -1.4395-76845.5530
 -497.6451   -1.5944-86257.9869
 -387.4478   -1.5175-74536.3039
 -605.3055   -1.7013-100894.6560
 -445.9509   -1.9470-91213.7121
 -464.8129   -1.9259-93272.0629
 -356.4428   -2.1675-67328.5277
 -449.6536   -1.9549-89719.4217

 Input data matrix of corresponding Pareto front:
        x1        x2        x3        x4        x5        x6
    0.0000    0.3900    0.1300    0.0700    0.0300    0.3800
    0.0000    0.0000    0.0000    0.0000    0.0000    1.0000
    0.0100    0.3900    0.0000    0.0200    0.0100    0.5700
    0.0000    0.0000    0.0000    0.0200    0.0000    0.9800
    0.3500    0.0000    0.0000    0.0100    0.0000    0.6400
    0.3900    0.0000    0.0000    0.0200    0.0100    0.5800
    0.3900    0.3100    0.0000    0.0000    0.2200    0.0800
    0.3500    0.0000    0.0000    0.0000    0.2100    0.4400
    0.4400    0.0000    0.0000    0.0500    0.1300    0.3800
    0.4200    0.1100    0.0000    0.0000    0.0400    0.4300
    0.4000    0.1300    0.0000    0.0000    0.0800    0.3900

 Output data matrix of corresponding Pareto front:
        f1        f2        f3
 -492.2164   -2.0354-77476.1977
 -307.5914   -2.9333-68673.8814
 -374.3907   -2.1313-72005.0906
 -350.2734   -2.6724-74202.1381
 -438.2688   -2.1205-87348.6010
 -526.1093   -1.9176-98663.7705
 -673.8733   -1.3085-96609.9429
 -536.0149   -1.7113-96497.9814
 -627.3105   -1.5880-103558.9154
 -483.7090   -2.0071-89596.8710
 -605.3055   -1.7013-100894.6560

 Input data matrix of Pareto front of final Gaussian process model:
        x1        x2        x3        x4        x5        x6
    0.0000    0.0000    0.0000    0.0000    0.0000    1.0000
    0.4174    0.3982    0.0000    0.0006    0.1785    0.0054
    0.0000    0.0085    0.0000    0.0002    0.0019    0.9894
    0.4080    0.0156    0.0000    0.0003    0.1557    0.4203
    0.3983    0.4089    0.0000    0.0006    0.1866    0.0056
    0.0000    0.0000    0.0000    0.0000    0.0000    1.0000
    0.0899    0.0000    0.0000    0.0009    0.0000    0.9092
    0.3784    0.0911    0.0000    0.0001    0.1278    0.4026
    0.2192    0.0000    0.0000    0.0002    0.0000    0.7806
    0.3682    0.0885    0.0000    0.0017    0.1472    0.3944
    0.3560    0.2494    0.0000    0.0016    0.1444    0.2486
    0.0490    0.0000    0.0000    0.0003    0.0001    0.9507
    0.3305    0.2698    0.0000    0.0001    0.1468    0.2528
    0.3835    0.0951    0.0000    0.0009    0.1354    0.3851
    0.4124    0.0568    0.0000    0.0003    0.1522    0.3783
    0.4029    0.0014    0.0000    0.0002    0.0000    0.5955
    0.4174    0.0000    0.0000    0.0004    0.0000    0.5821
    0.3775    0.0341    0.0000    0.0020    0.0935    0.4930
    0.1543    0.0000    0.0000    0.0009    0.0000    0.8448
    0.0824    0.0000    0.0000    0.0000    0.0000    0.9176
    0.0953    0.0030    0.0000    0.0002    0.0000    0.9016
    0.0302    0.0002    0.0000    0.0008    0.0000    0.9688
    0.3765    0.2833    0.0000    0.0012    0.1339    0.2051
    0.2131    0.0000    0.0000    0.0001    0.0000    0.7868
    0.3605    0.3736    0.0000    0.0023    0.1125    0.1511
    0.2452    0.0000    0.0000    0.0008    0.0000    0.7541
    0.2499    0.0001    0.0000    0.0004    0.0000    0.7495
    0.3968    0.3746    0.0000    0.0017    0.1609    0.0660
    0.1486    0.0000    0.0000    0.0002    0.0000    0.8512
    0.3671    0.1886    0.0000    0.0018    0.1427    0.2998
    0.3153    0.0000    0.0000    0.0006    0.0007    0.6834
    0.2058    0.0001    0.0000    0.0019    0.0000    0.7922
    0.1315    0.0000    0.0000    0.0010    0.0010    0.8665
    0.3210    0.0008    0.0000    0.0004    0.0000    0.6778
    0.4017    0.0140    0.0000    0.0013    0.0213    0.5617
    0.1066    0.0000    0.0000    0.0002    0.0001    0.8931
    0.3805    0.2775    0.0000    0.0005    0.1226    0.2189
    0.1660    0.0004    0.0000    0.0002    0.0001    0.8334
    0.2377    0.0000    0.0000    0.0004    0.0000    0.7619
    0.2228    0.0000    0.0000    0.0001    0.0000    0.7770
    0.3422    0.2550    0.0000    0.0018    0.1306    0.2703
    0.3977    0.3792    0.0000    0.0018    0.1496    0.0717
    0.0685    0.0000    0.0000    0.0000    0.0000    0.9315
    0.1698    0.0000    0.0000    0.0002    0.0000    0.8300
    0.3417    0.0000    0.0000    0.0010    0.0027    0.6546
    0.3814    0.0014    0.0000    0.0006    0.1187    0.4978
    0.4042    0.0007    0.0000    0.0012    0.0520    0.5418
    0.2528    0.0004    0.0000    0.0008    0.0000    0.7459
    0.3757    0.3949    0.0000    0.0003    0.1760    0.0532
    0.1964    0.0026    0.0000    0.0002    0.0000    0.8008
    0.1117    0.0004    0.0000    0.0002    0.0001    0.8876
    0.3876    0.3497    0.0000    0.0018    0.1466    0.1144
    0.3459    0.2093    0.0000    0.0005    0.1327    0.3116
    0.3617    0.3338    0.0000    0.0005    0.1192    0.1848
    0.3494    0.0012    0.0000    0.0001    0.0000    0.6492
    0.3571    0.3614    0.0000    0.0018    0.1486    0.1312
    0.3666    0.2116    0.0000    0.0000    0.1394    0.2824
    0.2112    0.0000    0.0000    0.0002    0.0000    0.7886
    0.2835    0.0000    0.0000    0.0001    0.0000    0.7164
    0.3894    0.0354    0.0000    0.0002    0.1448    0.4302
    0.2612    0.0000    0.0000    0.0000    0.0028    0.7361
    0.3824    0.1668    0.0000    0.0024    0.1201    0.3283
    0.3976    0.2478    0.0000    0.0011    0.1518    0.2017
    0.1207    0.0000    0.0000    0.0050    0.0000    0.8743
    0.1995    0.0001    0.0000    0.0021    0.0002    0.7982
    0.1759    0.0002    0.0000    0.0004    0.0000    0.8234
    0.1915    0.0067    0.0000    0.0000    0.0000    0.8018
    0.1796    0.0003    0.0000    0.0009    0.0001    0.8192
    0.4032    0.2130    0.0000    0.0001    0.1231    0.2605
    0.3967    0.0000    0.0000    0.0003    0.0000    0.6030
    0.1846    0.0004    0.0000    0.0017    0.0000    0.8132
    0.2566    0.0000    0.0000    0.0014    0.0000    0.7420
    0.3540    0.0015    0.0000    0.0001    0.0000    0.6443
    0.2591    0.0000    0.0000    0.0014    0.0000    0.7394
    0.3775    0.3919    0.0000    0.0018    0.1546    0.0741
    0.4144    0.4189    0.0000    0.0016    0.1450    0.0201
    0.3345    0.0029    0.0000    0.0010    0.0208    0.6408
    0.2335    0.0000    0.0000    0.0005    0.0000    0.7660
    0.3582    0.1807    0.0000    0.0026    0.1664    0.2919
    0.0398    0.0000    0.0000    0.0002    0.0000    0.9599
    0.3730    0.3875    0.0000    0.0018    0.1301    0.1076
    0.3604    0.1658    0.0000    0.0029    0.1598    0.3112
    0.0624    0.0000    0.0000    0.0008    0.0000    0.9368
    0.2783    0.0000    0.0000    0.0003    0.0001    0.7213
    0.4223    0.0491    0.0000    0.0026    0.1635    0.3625
    0.2035    0.0001    0.0000    0.0003    0.0000    0.7961
    0.2250    0.0017    0.0000    0.0001    0.0012    0.7720
    0.1734    0.0000    0.0000    0.0002    0.0000    0.8264
    0.4099    0.0071    0.0000    0.0033    0.0779    0.5018
    0.3820    0.1133    0.0000    0.0000    0.1614    0.3433
    0.3735    0.0009    0.0000    0.0001    0.0000    0.6254
    0.2876    0.0000    0.0000    0.0000    0.0017    0.7107
    0.2944    0.0000    0.0000    0.0004    0.0000    0.7052
    0.2705    0.0017    0.0000    0.0006    0.0000    0.7272
    0.2997    0.0000    0.0000    0.0031    0.0001    0.6972
    0.3897    0.3422    0.0000    0.0025    0.1620    0.1036
    0.3898    0.4298    0.0000    0.0025    0.1662    0.0117
    0.3855    0.0351    0.0000    0.0001    0.1534    0.4259
    0.3800    0.0183    0.0000    0.0007    0.1484    0.4526
    0.0726    0.0001    0.0000    0.0005    0.0000    0.9268
    0.3382    0.0000    0.0000    0.0001    0.0019    0.6598
    0.3710    0.0014    0.0000    0.0006    0.1426    0.4843
    0.3786    0.0015    0.0000    0.0013    0.0000    0.6186
    0.4307    0.3210    0.0000    0.0020    0.1644    0.0818
    0.3223    0.4075    0.0000    0.0023    0.1664    0.1015
    0.4116    0.0015    0.0000    0.0007    0.1260    0.4603
    0.3988    0.0067    0.0000    0.0006    0.1255    0.4685
    0.3897    0.0009    0.0000    0.0004    0.0000    0.6090
    0.4167    0.4060    0.0000    0.0018    0.1559    0.0195
    0.3734    0.0206    0.0000    0.0006    0.0426    0.5628
    0.3852    0.0009    0.0000    0.0001    0.0000    0.6137
    0.1270    0.0004    0.0000    0.0002    0.0001    0.8723
    0.2997    0.0000    0.0000    0.0031    0.0001    0.6972
    0.1412    0.0000    0.0000    0.0002    0.0000    0.8586
    0.4018    0.0442    0.0000    0.0009    0.0000    0.5530
    0.3751    0.0501    0.0000    0.0121    0.0699    0.4928
    0.1565    0.0028    0.0000    0.0002    0.0000    0.8405
    0.3566    0.0948    0.0000    0.0019    0.0724    0.4743
    0.3765    0.1331    0.0000    0.0023    0.1289    0.3591
    0.4044    0.3996    0.0000    0.0018    0.1570    0.0372
    0.4244    0.0017    0.0000    0.0001    0.0019    0.5719
    0.1005    0.0000    0.0000    0.0002    0.0000    0.8994
    0.3249    0.0002    0.0000    0.0006    0.0000    0.6742
    0.3642    0.3526    0.0000    0.0018    0.1270    0.1544
    0.4042    0.0141    0.0000    0.0013    0.0150    0.5653
    0.3870    0.1854    0.0000    0.0010    0.1140    0.3126
    0.3751    0.1280    0.0000    0.0000    0.1467    0.3502
    0.3068    0.0009    0.0000    0.0003    0.0000    0.6920
    0.0388    0.0000    0.0000    0.0002    0.0000    0.9610
    0.4143    0.3951    0.0000    0.0018    0.1697    0.0190
    0.4111    0.4023    0.0000    0.0014    0.1480    0.0372
    0.1822    0.0000    0.0000    0.0013    0.0000    0.8165
    0.2283    0.0016    0.0000    0.0002    0.0001    0.7698
    0.1027    0.0000    0.0000    0.0006    0.0000    0.8966
    0.3519    0.0314    0.0000    0.0019    0.0912    0.5236
    0.3220    0.3654    0.0000    0.0018    0.1551    0.1556
    0.3537    0.2047    0.0000    0.0015    0.1352    0.3049
    0.3919    0.3452    0.0000    0.0025    0.1558    0.1046
    0.3905    0.0007    0.0000    0.0012    0.0510    0.5566
    0.1371    0.0000    0.0000    0.0005    0.0000    0.8624
    0.1184    0.0000    0.0000    0.0011    0.0000    0.8805
    0.3614    0.0012    0.0000    0.0001    0.0000    0.6372
    0.3067    0.0000    0.0000    0.0017    0.0000    0.6916
    0.1461    0.0000    0.0000    0.0004    0.0000    0.8534
    0.3770    0.2340    0.0000    0.0006    0.1439    0.2444
    0.0240    0.0000    0.0000    0.0000    0.0000    0.9759
    0.3617    0.1278    0.0000    0.0000    0.1536    0.3569
    0.0751    0.0041    0.0000    0.0002    0.0000    0.9206
    0.2897    0.0000    0.0000    0.0004    0.0001    0.7098
    0.2680    0.0001    0.0000    0.0004    0.0000    0.7315
    0.0538    0.0025    0.0000    0.0006    0.0000    0.9432
    0.3647    0.0000    0.0000    0.0022    0.0068    0.6264
    0.2807    0.0000    0.0000    0.0011    0.0011    0.7171
    0.0164    0.0000    0.0000    0.0001    0.0000    0.9835
    0.3894    0.0180    0.0000    0.0009    0.1486    0.4432
    0.1433    0.0000    0.0000    0.0001    0.0000    0.8566
    0.4290    0.0172    0.0000    0.0004    0.0197    0.5337
    0.2660    0.0001    0.0000    0.0008    0.0000    0.7330
    0.3917    0.0088    0.0000    0.0016    0.0647    0.5331
    0.3885    0.0179    0.0000    0.0009    0.1506    0.4421
    0.3553    0.1617    0.0000    0.0000    0.1647    0.3183
    0.3381    0.0477    0.0000    0.0004    0.0894    0.5244
    0.3725    0.0344    0.0000    0.0022    0.0785    0.5124
    0.3349    0.0017    0.0000    0.0001    0.0019    0.6615
    0.3855    0.0105    0.0000    0.0014    0.1207    0.4819
    0.3914    0.0014    0.0000    0.0006    0.1443    0.4622
    0.2405    0.0016    0.0000    0.0001    0.0000    0.7578
    0.3569    0.3848    0.0000    0.0021    0.1609    0.0952
    0.2417    0.0000    0.0000    0.0015    0.0000    0.7568
    0.1904    0.0003    0.0000    0.0009    0.0000    0.8085
    0.4194    0.0045    0.0000    0.0006    0.0330    0.5426
    0.0795    0.0000    0.0000    0.0001    0.0000    0.9204
    0.4317    0.2303    0.0000    0.0012    0.1647    0.1720
    0.3596    0.0003    0.0000    0.0001    0.0001    0.6400
    0.1146    0.0003    0.0000    0.0005    0.0000    0.8847
    0.0119    0.0002    0.0000    0.0006    0.0000    0.9874
    0.3977    0.1231    0.0000    0.0000    0.1245    0.3547
    0.3082    0.3973    0.0000    0.0019    0.1633    0.1292
    0.1603    0.0000    0.0000    0.0002    0.0000    0.8395
    0.1356    0.0000    0.0000    0.0005    0.0000    0.8639
    0.4081    0.0061    0.0000    0.0005    0.1043    0.4809
    0.2943    0.0000    0.0000    0.0001    0.0000    0.7056
    0.2743    0.0000    0.0000    0.0002    0.0000    0.7255
    0.3256    0.4014    0.0000    0.0018    0.1514    0.1198
    0.0000    0.0085    0.0000    0.0000    0.0019    0.9895
    0.3896    0.0065    0.0000    0.0006    0.1456    0.4577
    0.3351    0.3064    0.0000    0.0022    0.1383    0.2180
    0.3322    0.0000    0.0000    0.0001    0.0000    0.6677
    0.3118    0.0017    0.0000    0.0002    0.0000    0.6864
    0.4008    0.0000    0.0000    0.0004    0.0571    0.5417
    0.4063    0.0061    0.0000    0.0011    0.1078    0.4788
    0.1617    0.0000    0.0000    0.0010    0.0000    0.8372
    0.0570    0.0000    0.0000    0.0011    0.0000    0.9419
    0.2752    0.0000    0.0000    0.0012    0.0000    0.7236
    0.1261    0.0004    0.0000    0.0002    0.0001    0.8733
    0.3733    0.3097    0.0000    0.0003    0.1466    0.1701
    0.3118    0.0017    0.0000    0.0002    0.0000    0.6864
    0.3646    0.3135    0.0000    0.0019    0.1598    0.1603
    0.3860    0.0087    0.0000    0.0016    0.0637    0.5400
    0.0198    0.0040    0.0000    0.0000    0.0000    0.9762

 Output data matrix of Pareto front of final Gaussian process model:
        f1        f2        f3
 -283.9810   -2.7412-61472.9640
 -632.2264   -0.9773-86121.8394
 -284.0024   -2.7178-61228.7888
 -507.0775   -1.6703-93167.8979
 -632.7834   -0.9841-85998.5360
 -283.9810   -2.7412-61472.9640
 -299.7907   -2.4595-63519.5157
 -511.2481   -1.6654-92568.2969
 -351.6919   -2.1516-72065.4855
 -515.5691   -1.6323-92716.1326
