
 TSEMO log file created on 03-Mar-2020 

 This file shows the initial specifications of TSEMO and logs the output.
 ¯¯¯¯¯¯¯¯¯¯¯¯¯¯¯¯¯¯¯¯¯¯¯¯¯¯¯¯¯¯¯¯¯¯¯¯¯¯¯¯¯¯¯¯¯¯¯¯¯¯¯¯¯¯¯¯¯¯¯¯¯¯¯¯¯¯¯¯¯¯¯¯¯¯¯¯¯¯¯¯¯¯¯¯¯¯¯¯¯¯¯¯¯¯¯¯¯¯¯¯¯¯
 License information 

 BSD 2-Clause License 

 Copyright (c) 2017, Eric Bradford, Artur M. Schweidtmann and Alexei Lapkin
 All rights reserved. 

 Redistribution and use in source and binary forms, with or without
 modification, are permitted provided that the following conditions are met: 

 *Redistributions of source code must retain the above copyright notice, this   
  list of conditions and the following disclaimer. 

 *Redistributions in binary form must reproduce the above copyright notice,   
  this list of conditions and the following disclaimer in the documentation   
  and/or other materials provided with the distribution. 

 Modified by Mina Konakovic Lukovic 2019. 

 ¯¯¯¯¯¯¯¯¯¯¯¯¯¯¯¯¯¯¯¯¯¯¯¯¯¯¯¯¯¯¯¯¯¯¯¯¯¯¯¯¯¯¯¯¯¯¯¯¯¯¯¯¯¯¯¯¯¯¯¯¯¯¯¯¯¯¯¯¯¯¯¯¯¯¯¯¯¯¯¯¯¯¯¯¯¯¯¯¯¯¯¯¯¯¯¯¯¯¯¯¯¯
 Problem specifications 

 Function used:   consta 

 Number of inputs:   6
 Number of outputs:  3 

 Lower bounds of decision variables:
      x1      x2      x3      x4      x5      x6
  0.0000  0.0000  0.0000  0.0000  0.0000  0.0000
 
 Upper bounds of decision variables:
      x1      x2      x3      x4      x5      x6
  1.0000  1.0000  0.5000  1.0000  1.0000  1.0000
 ¯¯¯¯¯¯¯¯¯¯¯¯¯¯¯¯¯¯¯¯¯¯¯¯¯¯¯¯¯¯¯¯¯¯¯¯¯¯¯¯¯¯¯¯¯¯¯¯¯¯¯¯¯¯¯¯¯¯¯¯¯¯¯¯¯¯¯¯¯¯¯¯¯¯¯¯¯¯¯¯¯¯¯¯¯¯¯¯¯¯¯¯¯¯¯¯¯¯¯¯¯¯
 Algorithm options 

 Maximum number of function evaluations:  4
 Sample batch size:                       4
 Number of algorithm iterations:          1 

 Genetic algorithm population size:        200
 Genetic algorithm number of generations:  200 

                                               f1      f2      f3
 Number of spectral sampling points:         4000    4000    4000
 Type of matern function:                       5       5       5
 Direct evaluations per input dimension:      200     200     200
 ¯¯¯¯¯¯¯¯¯¯¯¯¯¯¯¯¯¯¯¯¯¯¯¯¯¯¯¯¯¯¯¯¯¯¯¯¯¯¯¯¯¯¯¯¯¯¯¯¯¯¯¯¯¯¯¯¯¯¯¯¯¯¯¯¯¯¯¯¯¯¯¯¯¯¯¯¯¯¯¯¯¯¯¯¯¯¯¯¯¯¯¯¯¯¯¯¯¯¯¯¯¯
 Initial data set 

 Number of initial data points:  131 

 Initial input data matrix:
      x1      x2      x3      x4      x5      x6
  0.3200  0.1300  0.0500  0.2100  0.0400  0.2500
  0.0000  0.1800  0.2100  0.2800  0.2000  0.1300
  0.0000  0.0200  0.3800  0.0400  0.2900  0.2700
  0.1900  0.3000  0.1000  0.0600  0.0700  0.2800
  0.0800  0.1600  0.1400  0.0400  0.1900  0.3900
  0.3400  0.0600  0.2300  0.1600  0.1900  0.0200
  0.1400  0.1000  0.0700  0.2000  0.2700  0.2200
  0.0700  0.0700  0.3200  0.2100  0.0300  0.3000
  0.0200  0.0100  0.2700  0.1300  0.4900  0.0800
  0.0900  0.3200  0.0300  0.1300  0.3700  0.0600
  0.0800  0.2100  0.0200  0.0000  0.6100  0.0800
  0.0900  0.3200  0.0400  0.2100  0.1700  0.1700
  0.1400  0.3000  0.0700  0.1000  0.2500  0.1400
  0.0400  0.1700  0.0700  0.2200  0.2400  0.2600
  0.1700  0.1500  0.2800  0.2900  0.0000  0.1100
  0.1000  0.1400  0.1400  0.2600  0.2700  0.0900
  1.0000  0.0000  0.0000  0.0000  0.0000  0.0000
  0.0000  1.0000  0.0000  0.0000  0.0000  0.0000
  0.0000  0.0000  0.0000  1.0000  0.0000  0.0000
  0.6000  0.4000  0.0000  0.0000  0.0000  0.0000
  0.5500  0.4500  0.0000  0.0000  0.0000  0.0000
  0.5000  0.5000  0.0000  0.0000  0.0000  0.0000
  0.4500  0.5500  0.0000  0.0000  0.0000  0.0000
  0.4000  0.6000  0.0000  0.0000  0.0000  0.0000
  0.2700  0.4400  0.0900  0.0400  0.0800  0.0800
  0.0400  0.1900  0.3600  0.2000  0.1200  0.0900
  0.0000  0.5900  0.0000  0.0800  0.0800  0.2500
  0.0000  0.3900  0.1300  0.0700  0.0300  0.3800
  0.0100  0.5100  0.0000  0.1000  0.0200  0.3600
  0.0100  0.6200  0.0100  0.0300  0.1000  0.2300
  0.0600  0.3000  0.4100  0.0100  0.0100  0.2100
  0.0800  0.3200  0.5000  0.0700  0.0200  0.0100
  0.1500  0.2800  0.2500  0.0100  0.0600  0.2500
  0.0000  0.0000  0.0000  0.0000  0.0000  1.0000
  0.0000  0.0000  0.0000  0.0000  1.0000  0.0000
  0.0200  0.1100  0.0000  0.5000  0.0300  0.3400
  0.0100  0.1900  0.0000  0.0000  0.0000  0.8000
  0.0100  0.3900  0.0000  0.0200  0.0100  0.5700
  0.1800  0.1200  0.0000  0.3600  0.0000  0.3400
  0.0100  0.0000  0.1300  0.2500  0.0000  0.6100
  0.3200  0.0000  0.1200  0.0100  0.0000  0.5500
  0.0100  0.1500  0.1000  0.2100  0.0000  0.5300
  0.0100  0.0000  0.1500  0.2500  0.0000  0.5900
  0.1500  0.4500  0.0400  0.0300  0.0100  0.3200
  0.0500  0.3200  0.0000  0.5700  0.0600  0.0000
  0.3100  0.5200  0.0000  0.0800  0.0200  0.0700
  0.1500  0.0400  0.1300  0.6700  0.0100  0.0000
  0.0000  0.2100  0.2000  0.5800  0.0100  0.0000
  0.0000  0.0100  0.2800  0.6700  0.0100  0.0300
  0.0100  0.2800  0.1100  0.4600  0.1100  0.0300
  0.4900  0.0600  0.0000  0.1400  0.0200  0.2900
  0.1400  0.0000  0.0700  0.0100  0.0100  0.7700
  0.0300  0.5800  0.1800  0.0400  0.1000  0.0700
  0.0000  0.3100  0.0100  0.0200  0.1500  0.5100
  0.2500  0.0100  0.0100  0.0400  0.1300  0.5600
  0.2900  0.4500  0.0600  0.0800  0.1200  0.0000
  0.0200  0.0100  0.1600  0.0100  0.5000  0.3000
  0.0200  0.2400  0.0000  0.0300  0.2600  0.4500
  0.0000  0.0100  0.0000  0.0100  0.2700  0.7100
  0.0900  0.0200  0.0000  0.0600  0.4000  0.4300
  0.0000  0.1600  0.0000  0.0000  0.2500  0.5900
  0.3200  0.0900  0.0200  0.0100  0.0100  0.5500
  0.0000  0.0800  0.1300  0.0000  0.1100  0.6800
  0.3900  0.0100  0.0300  0.0000  0.0000  0.5700
  0.2600  0.1800  0.0200  0.0100  0.0100  0.5200
  0.2000  0.1600  0.0000  0.0000  0.0000  0.6400
  0.5100  0.3100  0.0700  0.0100  0.0100  0.0900
  0.1400  0.1700  0.0200  0.0000  0.0000  0.6700
  0.0000  0.0300  0.0200  0.2100  0.3200  0.4200
  0.5700  0.0000  0.1100  0.0100  0.1000  0.2100
  0.5100  0.2500  0.1000  0.0200  0.1200  0.0000
  0.5100  0.0100  0.0700  0.0200  0.1100  0.2800
  0.0000  0.0000  0.0000  0.0200  0.0000  0.9800
  0.6000  0.0000  0.0300  0.0000  0.0200  0.3500
  0.3400  0.0000  0.1100  0.0100  0.0600  0.4800
  0.4400  0.1100  0.1100  0.0000  0.0600  0.2800
  0.6600  0.0000  0.0800  0.0000  0.0000  0.2600
  0.3700  0.4700  0.1000  0.0000  0.0600  0.0000
  0.4400  0.3000  0.0900  0.0400  0.1300  0.0000
  0.2700  0.6100  0.1200  0.0000  0.0000  0.0000
  0.0100  0.0000  0.0000  0.0200  0.0800  0.8900
  0.2100  0.1100  0.0600  0.0000  0.1400  0.4800
  0.5200  0.0100  0.0100  0.0000  0.0000  0.4600
  0.0000  0.3800  0.0100  0.0000  0.0000  0.6100
  0.0000  0.3100  0.0100  0.0000  0.0000  0.6800
  0.3200  0.3400  0.0200  0.0000  0.0100  0.3100
  0.0100  0.4100  0.0000  0.0000  0.0100  0.5700
  0.0000  0.4100  0.0000  0.1300  0.0000  0.4600
  0.0000  0.1800  0.0000  0.2600  0.0100  0.5500
  0.0400  0.4500  0.0000  0.0700  0.0100  0.4300
  0.0000  0.2500  0.0000  0.2500  0.0000  0.5000
  0.3600  0.2000  0.0200  0.0800  0.0000  0.3400
  0.2100  0.0000  0.0000  0.3300  0.0100  0.4500
  0.2500  0.0000  0.0000  0.3100  0.0100  0.4300
  0.1900  0.0000  0.0000  0.3200  0.0100  0.4800
  0.0000  0.6300  0.1000  0.0000  0.0000  0.2700
  0.0000  0.6600  0.0900  0.0000  0.0000  0.2500
  0.0000  0.3300  0.1100  0.0100  0.0000  0.5500
  0.0000  0.6800  0.0900  0.0000  0.0100  0.2200
  0.3500  0.0000  0.0000  0.0100  0.0000  0.6400
  0.0100  0.0000  0.0000  0.3600  0.0000  0.6300
  0.4800  0.0000  0.0100  0.0000  0.1200  0.3900
  0.3900  0.0000  0.0000  0.0200  0.0100  0.5800
  0.4000  0.1700  0.0000  0.0000  0.1200  0.3100
  0.4400  0.2700  0.0000  0.0000  0.1700  0.1200
  0.3400  0.1400  0.0000  0.0000  0.1300  0.3900
  0.3300  0.1200  0.0000  0.0000  0.1300  0.4200
  0.3900  0.0000  0.0000  0.0000  0.2200  0.3900
  0.3900  0.3100  0.0000  0.0000  0.2200  0.0800
  0.4100  0.0000  0.0000  0.0000  0.2500  0.3400
  0.3500  0.0000  0.0000  0.0000  0.2000  0.4500
  0.3300  0.0000  0.0000  0.0000  0.2100  0.4600
  0.3100  0.0000  0.0000  0.0000  0.2000  0.4900
  0.3500  0.0000  0.0000  0.0000  0.2100  0.4400
  0.2000  0.0000  0.0000  0.0000  0.0100  0.7900
  0.5000  0.0000  0.0000  0.0000  0.3000  0.2000
  0.5300  0.0600  0.0000  0.0000  0.3200  0.0900
  0.5300  0.0000  0.0000  0.0000  0.3300  0.1400
  0.4200  0.0000  0.0000  0.0000  0.2700  0.3100
  0.4200  0.0100  0.0000  0.0000  0.1400  0.4300
  0.3900  0.0000  0.0000  0.0000  0.1300  0.4800
  0.4400  0.0000  0.0000  0.0500  0.1300  0.3800
  0.2800  0.0000  0.0000  0.1100  0.0800  0.5300
  0.4200  0.1200  0.0000  0.0000  0.0600  0.4000
  0.4200  0.1100  0.0000  0.0100  0.0700  0.3900
  0.4200  0.1100  0.0000  0.0000  0.0400  0.4300
  0.4500  0.0800  0.0000  0.0000  0.0500  0.4200
  0.4100  0.1400  0.0000  0.0000  0.0700  0.3800
  0.4100  0.1200  0.0000  0.0000  0.0600  0.4100
  0.4200  0.1600  0.0000  0.0000  0.0700  0.3500
  0.4000  0.1300  0.0000  0.0000  0.0800  0.3900

 Initial output data matrix:
      f1      f2      f3
-477.3645 -1.2974-78049.1925
-454.7535 -1.3662-68112.8155
-279.9044 -2.1133-51731.0693
-469.5247 -1.7578-77876.9026
-440.0426 -1.9634-76654.9118
-365.6047 -1.2303-62118.0243
-410.9856 -1.1190-66049.6554
-136.1656 -0.8962-22268.5639
-369.0088 -1.3142-61644.3643
-533.9811 -0.8968-68784.7611
-442.6768 -0.7257-59416.2131
-507.4257 -0.9822-66650.9629
-443.6008 -1.1184-65323.0907
-489.5899 -1.3294-72483.9913
-359.3333 -1.7335-60280.1487
-485.2462 -0.8865-66192.4108
-228.9585 -0.7284-49588.2084
-435.6576 -1.1748-60782.1527
-368.0328 -0.0378-29839.9581
-558.3333 -1.0147-72324.3305
-545.1107 -1.0090-76481.1353
-595.9865 -1.0313-80252.0073
-577.5167 -1.0272-78299.5278
-603.0115 -1.0486-79494.8772
-536.4679 -1.3385-83057.1828
-380.6202 -1.5761-63939.3838
-487.9964 -1.6929-74452.7693
-492.2164 -2.0354-77476.1977
-483.0457 -1.7036-74331.8675
-461.0062 -1.5331-68683.9650
-428.6732 -1.9582-73565.0149
-420.3458 -1.7501-70958.0370
-185.7397 -1.9998-39188.2443
-307.5914 -2.9333-68673.8814
-248.0791 -0.3369-41639.4837
-330.4220 -1.6093-58954.7196
-261.1897 -2.5356-54113.5267
-374.3907 -2.1313-72005.0906
-442.1932 -1.6426-73645.0393
-325.5454 -2.2577-65492.6760
-407.4563 -1.7142-79298.8675
-280.7768 -2.0890-55835.4428
-345.4445 -2.2639-66935.4850
-337.8766 -1.7123-65225.4544
-380.5099 -0.6146-47362.4095
-423.7886 -1.3121-68132.9194
-412.9137 -0.7221-59055.9302
-389.7163 -1.2975-60315.7332
-243.9299 -1.5816-43427.1956
-418.8166 -1.1219-61444.5239
-463.1094 -1.4660-81856.9346
-260.4919 -1.9421-59060.6871
-461.1271 -1.5697-75813.0466
-434.9195 -1.9723-80545.7853
-411.2741 -1.7072-85333.3874
-593.8157 -1.0758-82484.6477
-331.6431 -1.2261-62332.4475
-461.8788 -1.5726-80820.6379
-386.3988 -1.9098-76223.9832
-458.6168 -1.3865-78606.8274
-386.1546 -1.7969-73308.3934
-420.6757 -1.8963-83069.8760
-256.3444 -2.2542-53258.3199
-343.7864 -1.8975-72697.8828
-317.0968 -1.9236-66141.3310
-405.5608 -1.9380-81223.2023
-579.2708 -1.0437-87100.5169
-297.2664 -2.2664-61771.9743
-230.0024 -1.7750-53153.7094
-296.3126 -0.8946-60049.3899
-625.1337 -1.1253-94708.7918
-559.4404 -1.5604-98460.5528
-350.2734 -2.6724-74202.1381
-483.8073 -1.5770-91455.1658
-333.6048 -1.8340-67470.0844
-401.3639 -1.5176-75081.6898
-339.8147 -1.1731-68370.6235
-619.8270 -1.3159-92324.8900
-456.6095 -1.0320-73399.8497
-527.1160 -1.2052-80673.3135
-182.0132 -2.1459-33836.3245
-299.4935 -1.9115-62779.5207
-342.4831 -1.8084-73190.6083
-292.5484 -2.1003-64376.6034
-284.1961 -2.0337-60695.8700
-418.6794 -1.5121-75788.0791
-272.5130 -1.9527-60034.6655
-324.9663 -1.9969-65021.8788
-361.4059 -2.0913-69395.5054
-310.1195 -1.9192-61302.0228
-321.0298 -2.0199-62665.9535
-408.2643 -1.5818-76317.7672
-398.2560 -1.9114-74552.8783
-437.9660 -1.8110-79745.2693
-402.9772 -1.8842-75747.1961
-367.7646 -1.7661-65605.9795
-392.9406 -1.8913-69484.2021
-317.1051 -2.1952-63761.7220
-355.6015 -1.8014-64450.3268
-438.2688 -2.1205-87348.6010
-334.7339 -2.0407-65124.3183
-514.0293 -1.5443-93643.6527
-526.1093 -1.9176-98663.7705
-555.0826 -1.4101-91162.3449
-653.9760 -1.1215-96005.8355
-613.3157 -1.3545-102903.8092
-574.5688 -1.4762-99854.6710
-596.1996 -1.5851-97568.0584
-673.8733 -1.3085-96609.9429
-570.9253 -1.5720-97057.6408
-453.6160 -1.8559-85374.7271
-512.3685 -1.7799-93175.9066
-384.8236 -1.8510-77997.5467
-536.0149 -1.7113-96497.9814
-289.9712 -1.9717-66399.4183
-596.7186 -0.9982-92484.7776
-390.5278 -0.8869-64360.6166
-429.9865 -0.7968-68899.7837
-397.0291 -1.0850-76450.3138
-413.4216 -1.7276-80202.5821
-512.4700 -1.6664-92116.8858
-627.3105 -1.5880-103558.9154
-459.2870 -1.8760-85164.1567
-489.1206 -1.8652-89171.2803
-523.3253 -1.8184-92589.2154
-483.7090 -2.0071-89596.8710
-506.5947 -1.8726-91082.8276
-414.5373 -1.4395-76845.5530
-497.6451 -1.5944-86257.9869
-387.4478 -1.5175-74536.3039
-605.3055 -1.7013-100894.6560

 ¯¯¯¯¯¯¯¯¯¯¯¯¯¯¯¯¯¯¯¯¯¯¯¯¯¯¯¯¯¯¯¯¯¯¯¯¯¯¯¯¯¯¯¯¯¯¯¯¯¯¯¯¯¯¯¯¯¯¯¯¯¯¯¯¯¯¯¯¯¯¯¯¯¯¯¯¯¯¯¯¯¯¯¯¯¯¯¯¯¯¯¯¯¯¯¯¯¯¯¯¯¯
 Algorithm iteration 1 

 Predicted hypervolume improvement:    0.0192
 Time taken:   40.7571 

 Proposed evaluation point(s): 
      x1      x2      x3      x4      x5      x6
  0.3200  0.4700  0.0000  0.0000  0.2100  0.0000
  0.3500  0.4800  0.0000  0.0000  0.1700  0.0000
  0.3700  0.4400  0.0000  0.0000  0.1900  0.0000
  0.3300  0.4500  0.0000  0.0100  0.2000  0.0100

 Corresponding observation(s): 
      f1      f2      f3
-682.2424 -0.9962-84344.2081
-678.9160 -1.0143-85765.6377
-685.6943 -0.9791-85490.9199
-677.1503 -1.0120-85008.6424

 ¯¯¯¯¯¯¯¯¯¯¯¯¯¯¯¯¯¯¯¯¯¯¯¯¯¯¯¯¯¯¯¯¯¯¯¯¯¯¯¯¯¯¯¯¯¯¯¯¯¯¯¯¯¯¯¯¯¯¯¯¯¯¯¯¯¯¯¯¯¯¯¯¯¯¯¯¯¯¯¯¯¯¯¯¯¯¯¯¯¯¯¯¯¯¯¯¯¯¯¯¯¯
 Final algorithm output 

 Final input data matrix:
        x1        x2        x3        x4        x5        x6
    0.3200    0.1300    0.0500    0.2100    0.0400    0.2500
    0.0000    0.1800    0.2100    0.2800    0.2000    0.1300
    0.0000    0.0200    0.3800    0.0400    0.2900    0.2700
    0.1900    0.3000    0.1000    0.0600    0.0700    0.2800
    0.0800    0.1600    0.1400    0.0400    0.1900    0.3900
    0.3400    0.0600    0.2300    0.1600    0.1900    0.0200
    0.1400    0.1000    0.0700    0.2000    0.2700    0.2200
    0.0700    0.0700    0.3200    0.2100    0.0300    0.3000
    0.0200    0.0100    0.2700    0.1300    0.4900    0.0800
    0.0900    0.3200    0.0300    0.1300    0.3700    0.0600
    0.0800    0.2100    0.0200    0.0000    0.6100    0.0800
    0.0900    0.3200    0.0400    0.2100    0.1700    0.1700
    0.1400    0.3000    0.0700    0.1000    0.2500    0.1400
    0.0400    0.1700    0.0700    0.2200    0.2400    0.2600
    0.1700    0.1500    0.2800    0.2900    0.0000    0.1100
    0.1000    0.1400    0.1400    0.2600    0.2700    0.0900
    1.0000    0.0000    0.0000    0.0000    0.0000    0.0000
    0.0000    1.0000    0.0000    0.0000    0.0000    0.0000
    0.0000    0.0000    0.0000    1.0000    0.0000    0.0000
    0.6000    0.4000    0.0000    0.0000    0.0000    0.0000
    0.5500    0.4500    0.0000    0.0000    0.0000    0.0000
    0.5000    0.5000    0.0000    0.0000    0.0000    0.0000
    0.4500    0.5500    0.0000    0.0000    0.0000    0.0000
    0.4000    0.6000    0.0000    0.0000    0.0000    0.0000
    0.2700    0.4400    0.0900    0.0400    0.0800    0.0800
    0.0400    0.1900    0.3600    0.2000    0.1200    0.0900
    0.0000    0.5900    0.0000    0.0800    0.0800    0.2500
    0.0000    0.3900    0.1300    0.0700    0.0300    0.3800
    0.0100    0.5100    0.0000    0.1000    0.0200    0.3600
    0.0100    0.6200    0.0100    0.0300    0.1000    0.2300
    0.0600    0.3000    0.4100    0.0100    0.0100    0.2100
    0.0800    0.3200    0.5000    0.0700    0.0200    0.0100
    0.1500    0.2800    0.2500    0.0100    0.0600    0.2500
    0.0000    0.0000    0.0000    0.0000    0.0000    1.0000
    0.0000    0.0000    0.0000    0.0000    1.0000    0.0000
    0.0200    0.1100    0.0000    0.5000    0.0300    0.3400
    0.0100    0.1900    0.0000    0.0000    0.0000    0.8000
    0.0100    0.3900    0.0000    0.0200    0.0100    0.5700
    0.1800    0.1200    0.0000    0.3600    0.0000    0.3400
    0.0100    0.0000    0.1300    0.2500    0.0000    0.6100
    0.3200    0.0000    0.1200    0.0100    0.0000    0.5500
    0.0100    0.1500    0.1000    0.2100    0.0000    0.5300
    0.0100    0.0000    0.1500    0.2500    0.0000    0.5900
    0.1500    0.4500    0.0400    0.0300    0.0100    0.3200
    0.0500    0.3200    0.0000    0.5700    0.0600    0.0000
    0.3100    0.5200    0.0000    0.0800    0.0200    0.0700
    0.1500    0.0400    0.1300    0.6700    0.0100    0.0000
    0.0000    0.2100    0.2000    0.5800    0.0100    0.0000
    0.0000    0.0100    0.2800    0.6700    0.0100    0.0300
    0.0100    0.2800    0.1100    0.4600    0.1100    0.0300
    0.4900    0.0600    0.0000    0.1400    0.0200    0.2900
    0.1400    0.0000    0.0700    0.0100    0.0100    0.7700
    0.0300    0.5800    0.1800    0.0400    0.1000    0.0700
    0.0000    0.3100    0.0100    0.0200    0.1500    0.5100
    0.2500    0.0100    0.0100    0.0400    0.1300    0.5600
    0.2900    0.4500    0.0600    0.0800    0.1200    0.0000
    0.0200    0.0100    0.1600    0.0100    0.5000    0.3000
    0.0200    0.2400    0.0000    0.0300    0.2600    0.4500
    0.0000    0.0100    0.0000    0.0100    0.2700    0.7100
    0.0900    0.0200    0.0000    0.0600    0.4000    0.4300
    0.0000    0.1600    0.0000    0.0000    0.2500    0.5900
    0.3200    0.0900    0.0200    0.0100    0.0100    0.5500
    0.0000    0.0800    0.1300    0.0000    0.1100    0.6800
    0.3900    0.0100    0.0300    0.0000    0.0000    0.5700
    0.2600    0.1800    0.0200    0.0100    0.0100    0.5200
    0.2000    0.1600    0.0000    0.0000    0.0000    0.6400
    0.5100    0.3100    0.0700    0.0100    0.0100    0.0900
    0.1400    0.1700    0.0200    0.0000    0.0000    0.6700
    0.0000    0.0300    0.0200    0.2100    0.3200    0.4200
    0.5700    0.0000    0.1100    0.0100    0.1000    0.2100
    0.5100    0.2500    0.1000    0.0200    0.1200    0.0000
    0.5100    0.0100    0.0700    0.0200    0.1100    0.2800
    0.0000    0.0000    0.0000    0.0200    0.0000    0.9800
    0.6000    0.0000    0.0300    0.0000    0.0200    0.3500
    0.3400    0.0000    0.1100    0.0100    0.0600    0.4800
    0.4400    0.1100    0.1100    0.0000    0.0600    0.2800
    0.6600    0.0000    0.0800    0.0000    0.0000    0.2600
    0.3700    0.4700    0.1000    0.0000    0.0600    0.0000
    0.4400    0.3000    0.0900    0.0400    0.1300    0.0000
    0.2700    0.6100    0.1200    0.0000    0.0000    0.0000
    0.0100    0.0000    0.0000    0.0200    0.0800    0.8900
    0.2100    0.1100    0.0600    0.0000    0.1400    0.4800
    0.5200    0.0100    0.0100    0.0000    0.0000    0.4600
    0.0000    0.3800    0.0100    0.0000    0.0000    0.6100
    0.0000    0.3100    0.0100    0.0000    0.0000    0.6800
    0.3200    0.3400    0.0200    0.0000    0.0100    0.3100
    0.0100    0.4100    0.0000    0.0000    0.0100    0.5700
    0.0000    0.4100    0.0000    0.1300    0.0000    0.4600
    0.0000    0.1800    0.0000    0.2600    0.0100    0.5500
    0.0400    0.4500    0.0000    0.0700    0.0100    0.4300
    0.0000    0.2500    0.0000    0.2500    0.0000    0.5000
    0.3600    0.2000    0.0200    0.0800    0.0000    0.3400
    0.2100    0.0000    0.0000    0.3300    0.0100    0.4500
    0.2500    0.0000    0.0000    0.3100    0.0100    0.4300
    0.1900    0.0000    0.0000    0.3200    0.0100    0.4800
    0.0000    0.6300    0.1000    0.0000    0.0000    0.2700
    0.0000    0.6600    0.0900    0.0000    0.0000    0.2500
    0.0000    0.3300    0.1100    0.0100    0.0000    0.5500
    0.0000    0.6800    0.0900    0.0000    0.0100    0.2200
    0.3500    0.0000    0.0000    0.0100    0.0000    0.6400
    0.0100    0.0000    0.0000    0.3600    0.0000    0.6300
    0.4800    0.0000    0.0100    0.0000    0.1200    0.3900
    0.3900    0.0000    0.0000    0.0200    0.0100    0.5800
    0.4000    0.1700    0.0000    0.0000    0.1200    0.3100
    0.4400    0.2700    0.0000    0.0000    0.1700    0.1200
    0.3400    0.1400    0.0000    0.0000    0.1300    0.3900
    0.3300    0.1200    0.0000    0.0000    0.1300    0.4200
    0.3900    0.0000    0.0000    0.0000    0.2200    0.3900
    0.3900    0.3100    0.0000    0.0000    0.2200    0.0800
    0.4100    0.0000    0.0000    0.0000    0.2500    0.3400
    0.3500    0.0000    0.0000    0.0000    0.2000    0.4500
    0.3300    0.0000    0.0000    0.0000    0.2100    0.4600
    0.3100    0.0000    0.0000    0.0000    0.2000    0.4900
    0.3500    0.0000    0.0000    0.0000    0.2100    0.4400
    0.2000    0.0000    0.0000    0.0000    0.0100    0.7900
    0.5000    0.0000    0.0000    0.0000    0.3000    0.2000
    0.5300    0.0600    0.0000    0.0000    0.3200    0.0900
    0.5300    0.0000    0.0000    0.0000    0.3300    0.1400
    0.4200    0.0000    0.0000    0.0000    0.2700    0.3100
    0.4200    0.0100    0.0000    0.0000    0.1400    0.4300
    0.3900    0.0000    0.0000    0.0000    0.1300    0.4800
    0.4400    0.0000    0.0000    0.0500    0.1300    0.3800
    0.2800    0.0000    0.0000    0.1100    0.0800    0.5300
    0.4200    0.1200    0.0000    0.0000    0.0600    0.4000
    0.4200    0.1100    0.0000    0.0100    0.0700    0.3900
    0.4200    0.1100    0.0000    0.0000    0.0400    0.4300
    0.4500    0.0800    0.0000    0.0000    0.0500    0.4200
    0.4100    0.1400    0.0000    0.0000    0.0700    0.3800
    0.4100    0.1200    0.0000    0.0000    0.0600    0.4100
    0.4200    0.1600    0.0000    0.0000    0.0700    0.3500
    0.4000    0.1300    0.0000    0.0000    0.0800    0.3900
    0.3200    0.4700    0.0000    0.0000    0.2100    0.0000
    0.3500    0.4800    0.0000    0.0000    0.1700    0.0000
    0.3700    0.4400    0.0000    0.0000    0.1900    0.0000
    0.3300    0.4500    0.0000    0.0100    0.2000    0.0100

 Final output data matrix:
        f1        f2        f3
 -477.3645   -1.2974-78049.1925
 -454.7535   -1.3662-68112.8155
 -279.9044   -2.1133-51731.0693
 -469.5247   -1.7578-77876.9026
 -440.0426   -1.9634-76654.9118
 -365.6047   -1.2303-62118.0243
 -410.9856   -1.1190-66049.6554
 -136.1656   -0.8962-22268.5639
 -369.0088   -1.3142-61644.3643
 -533.9811   -0.8968-68784.7611
 -442.6768   -0.7257-59416.2131
 -507.4257   -0.9822-66650.9629
 -443.6008   -1.1184-65323.0907
 -489.5899   -1.3294-72483.9913
 -359.3333   -1.7335-60280.1487
 -485.2462   -0.8865-66192.4108
 -228.9585   -0.7284-49588.2084
 -435.6576   -1.1748-60782.1527
 -368.0328   -0.0378-29839.9581
 -558.3333   -1.0147-72324.3305
 -545.1107   -1.0090-76481.1353
 -595.9865   -1.0313-80252.0073
 -577.5167   -1.0272-78299.5278
 -603.0115   -1.0486-79494.8772
 -536.4679   -1.3385-83057.1828
 -380.6202   -1.5761-63939.3838
 -487.9964   -1.6929-74452.7693
 -492.2164   -2.0354-77476.1977
 -483.0457   -1.7036-74331.8675
 -461.0062   -1.5331-68683.9650
 -428.6732   -1.9582-73565.0149
 -420.3458   -1.7501-70958.0370
 -185.7397   -1.9998-39188.2443
 -307.5914   -2.9333-68673.8814
 -248.0791   -0.3369-41639.4837
 -330.4220   -1.6093-58954.7196
 -261.1897   -2.5356-54113.5267
 -374.3907   -2.1313-72005.0906
 -442.1932   -1.6426-73645.0393
 -325.5454   -2.2577-65492.6760
 -407.4563   -1.7142-79298.8675
 -280.7768   -2.0890-55835.4428
 -345.4445   -2.2639-66935.4850
 -337.8766   -1.7123-65225.4544
 -380.5099   -0.6146-47362.4095
 -423.7886   -1.3121-68132.9194
 -412.9137   -0.7221-59055.9302
 -389.7163   -1.2975-60315.7332
 -243.9299   -1.5816-43427.1956
 -418.8166   -1.1219-61444.5239
 -463.1094   -1.4660-81856.9346
 -260.4919   -1.9421-59060.6871
 -461.1271   -1.5697-75813.0466
 -434.9195   -1.9723-80545.7853
 -411.2741   -1.7072-85333.3874
 -593.8157   -1.0758-82484.6477
 -331.6431   -1.2261-62332.4475
 -461.8788   -1.5726-80820.6379
 -386.3988   -1.9098-76223.9832
 -458.6168   -1.3865-78606.8274
 -386.1546   -1.7969-73308.3934
 -420.6757   -1.8963-83069.8760
 -256.3444   -2.2542-53258.3199
 -343.7864   -1.8975-72697.8828
 -317.0968   -1.9236-66141.3310
 -405.5608   -1.9380-81223.2023
 -579.2708   -1.0437-87100.5169
 -297.2664   -2.2664-61771.9743
 -230.0024   -1.7750-53153.7094
 -296.3126   -0.8946-60049.3899
 -625.1337   -1.1253-94708.7918
 -559.4404   -1.5604-98460.5528
 -350.2734   -2.6724-74202.1381
 -483.8073   -1.5770-91455.1658
 -333.6048   -1.8340-67470.0844
 -401.3639   -1.5176-75081.6898
 -339.8147   -1.1731-68370.6235
 -619.8270   -1.3159-92324.8900
 -456.6095   -1.0320-73399.8497
 -527.1160   -1.2052-80673.3135
 -182.0132   -2.1459-33836.3245
 -299.4935   -1.9115-62779.5207
 -342.4831   -1.8084-73190.6083
 -292.5484   -2.1003-64376.6034
 -284.1961   -2.0337-60695.8700
 -418.6794   -1.5121-75788.0791
 -272.5130   -1.9527-60034.6655
 -324.9663   -1.9969-65021.8788
 -361.4059   -2.0913-69395.5054
 -310.1195   -1.9192-61302.0228
 -321.0298   -2.0199-62665.9535
 -408.2643   -1.5818-76317.7672
 -398.2560   -1.9114-74552.8783
 -437.9660   -1.8110-79745.2693
 -402.9772   -1.8842-75747.1961
 -367.7646   -1.7661-65605.9795
 -392.9406   -1.8913-69484.2021
 -317.1051   -2.1952-63761.7220
 -355.6015   -1.8014-64450.3268
 -438.2688   -2.1205-87348.6010
 -334.7339   -2.0407-65124.3183
 -514.0293   -1.5443-93643.6527
 -526.1093   -1.9176-98663.7705
 -555.0826   -1.4101-91162.3449
 -653.9760   -1.1215-96005.8355
 -613.3157   -1.3545-102903.8092
 -574.5688   -1.4762-99854.6710
 -596.1996   -1.5851-97568.0584
 -673.8733   -1.3085-96609.9429
 -570.9253   -1.5720-97057.6408
 -453.6160   -1.8559-85374.7271
 -512.3685   -1.7799-93175.9066
 -384.8236   -1.8510-77997.5467
 -536.0149   -1.7113-96497.9814
 -289.9712   -1.9717-66399.4183
 -596.7186   -0.9982-92484.7776
 -390.5278   -0.8869-64360.6166
 -429.9865   -0.7968-68899.7837
 -397.0291   -1.0850-76450.3138
 -413.4216   -1.7276-80202.5821
 -512.4700   -1.6664-92116.8858
 -627.3105   -1.5880-103558.9154
 -459.2870   -1.8760-85164.1567
 -489.1206   -1.8652-89171.2803
 -523.3253   -1.8184-92589.2154
 -483.7090   -2.0071-89596.8710
 -506.5947   -1.8726-91082.8276
 -414.5373   -1.4395-76845.5530
 -497.6451   -1.5944-86257.9869
 -387.4478   -1.5175-74536.3039
 -605.3055   -1.7013-100894.6560
 -682.2424   -0.9962-84344.2081
 -678.9160   -1.0143-85765.6377
 -685.6943   -0.9791-85490.9199
 -677.1503   -1.0120-85008.6424

 Input data matrix of corresponding Pareto front:
        x1        x2        x3        x4        x5        x6
    0.0000    0.3900    0.1300    0.0700    0.0300    0.3800
    0.0000    0.0000    0.0000    0.0000    0.0000    1.0000
    0.0100    0.3900    0.0000    0.0200    0.0100    0.5700
    0.0000    0.0000    0.0000    0.0200    0.0000    0.9800
    0.3500    0.0000    0.0000    0.0100    0.0000    0.6400
    0.3900    0.0000    0.0000    0.0200    0.0100    0.5800
    0.3900    0.3100    0.0000    0.0000    0.2200    0.0800
    0.3500    0.0000    0.0000    0.0000    0.2100    0.4400
    0.4400    0.0000    0.0000    0.0500    0.1300    0.3800
    0.4200    0.1100    0.0000    0.0000    0.0400    0.4300
    0.4000    0.1300    0.0000    0.0000    0.0800    0.3900

 Output data matrix of corresponding Pareto front:
        f1        f2        f3
 -492.2164   -2.0354-77476.1977
 -307.5914   -2.9333-68673.8814
 -374.3907   -2.1313-72005.0906
 -350.2734   -2.6724-74202.1381
 -438.2688   -2.1205-87348.6010
 -526.1093   -1.9176-98663.7705
 -673.8733   -1.3085-96609.9429
 -536.0149   -1.7113-96497.9814
 -627.3105   -1.5880-103558.9154
 -483.7090   -2.0071-89596.8710
 -605.3055   -1.7013-100894.6560

 Input data matrix of Pareto front of final Gaussian process model:
        x1        x2        x3        x4        x5        x6
    1.0000    0.0000    0.0000    0.0000    0.0000    0.0000
    0.4167    0.0391    0.0000    0.0000    0.1599    0.3842
    0.0000    0.0000    0.0000    0.0000    0.0000    1.0000
    0.3810    0.4011    0.0000    0.0007    0.2147    0.0025
    0.0000    0.0000    0.0000    1.0000    0.0000    0.0000
    0.0125    0.0307    0.0000    0.6536    0.1937    0.1095
    0.0000    0.0000    0.0000    0.0000    0.9883    0.0117
    0.0476    0.0182    0.0000    0.0052    0.0050    0.9240
    0.1694    0.0245    0.0000    0.7463    0.0000    0.0598
    0.0000    0.0000    0.0000    0.0212    0.0000    0.9788
    0.2945    0.1184    0.0000    0.0013    0.1268    0.4590
    0.0221    0.0268    0.0000    0.4515    0.0310    0.4686
    0.0228    0.0900    0.0000    0.0178    0.1220    0.7474
    0.3631    0.4039    0.0000    0.0113    0.2127    0.0089
    0.8326    0.0070    0.0000    0.0000    0.0330    0.1275
    0.0276    0.0030    0.0000    0.9503    0.0067    0.0124
    0.4099    0.2188    0.0000    0.0007    0.2004    0.1701
    0.3191    0.2425    0.0000    0.3883    0.0501    0.0000
    0.0104    0.0023    0.0000    0.0548    0.0526    0.8800
    0.0000    0.1584    0.0000    0.8159    0.0257    0.0000
    0.0000    0.0000    0.0000    0.0000    0.7488    0.2512
    0.1229    0.0116    0.0000    0.8619    0.0000    0.0036
    0.1819    0.0024    0.0000    0.7278    0.0576    0.0303
    0.0631    0.0279    0.0000    0.0555    0.0333    0.8202
    0.0805    0.0985    0.0000    0.0000    0.0573    0.7637
    0.0283    0.0372    0.0000    0.0000    0.0052    0.9293
    0.2709    0.2202    0.0000    0.1131    0.1109    0.2849
    0.0368    0.0000    0.0000    0.0165    0.0275    0.9192
    0.3761    0.0017    0.0000    0.0296    0.0982    0.4944
    0.1129    0.0360    0.0000    0.1242    0.0391    0.6878
    0.3596    0.3196    0.0000    0.1642    0.0869    0.0696
    0.0969    0.0061    0.0000    0.0000    0.0324    0.8647
    0.0111    0.1005    0.0000    0.6271    0.0000    0.2614
    0.3468    0.4185    0.0000    0.0006    0.1954    0.0386
    0.0187    0.0346    0.0000    0.0481    0.0542    0.8444
    0.0000    0.0522    0.0000    0.8807    0.0573    0.0098
    0.0675    0.0807    0.0000    0.0000    0.0688    0.7830
    0.0249    0.0000    0.0000    0.9751    0.0000    0.0000
    0.0931    0.3576    0.0000    0.1230    0.1494    0.2769
    0.1128    0.0360    0.0000    0.1175    0.0317    0.7021
    0.2613    0.1974    0.0000    0.3739    0.1169    0.0505
    0.0136    0.2663    0.0000    0.4863    0.1603    0.0735
    0.1800    0.4376    0.0000    0.0753    0.2240    0.0831
    0.0497    0.2486    0.0000    0.0553    0.0000    0.6463
    0.1761    0.1141    0.0000    0.0351    0.0261    0.6486
    0.0000    0.0417    0.0000    0.0207    0.0449    0.8927
    0.4033    0.0379    0.0000    0.0052    0.1548    0.3988
    0.0000    0.0800    0.0000    0.0000    0.2426    0.6774
    0.2026    0.1589    0.0000    0.3220    0.1028    0.2136
    0.0281    0.1038    0.0000    0.4862    0.3073    0.0747
    0.3910    0.0000    0.0000    0.0859    0.1905    0.3327
    0.4450    0.0367    0.0000    0.0090    0.1497    0.3597
    0.0422    0.1645    0.0000    0.5443    0.1814    0.0676
    0.0000    0.0319    0.0000    0.0000    0.0063    0.9617
    0.0377    0.0819    0.0000    0.7034    0.1443    0.0328
    0.0186    0.0837    0.0000    0.7721    0.0052    0.1205
    0.3220    0.1402    0.0000    0.0720    0.2134    0.2523
    0.0762    0.0431    0.0000    0.6739    0.2068    0.0000
    0.0596    0.1407    0.0000    0.0077    0.1419    0.6501
    0.3580    0.0336    0.0000    0.0370    0.1374    0.4340
    0.3080    0.1964    0.0000    0.1912    0.0965    0.2078
    0.0000    0.0000    0.0000    0.0000    0.0000    1.0000
    0.3218    0.4162    0.0000    0.0102    0.1985    0.0532
    0.2228    0.0242    0.0000    0.0417    0.2265    0.4848
    0.0000    0.0526    0.0000    0.1420    0.0000    0.8054
    0.0798    0.0192    0.0000    0.2042    0.2626    0.4342
    0.0620    0.1210    0.0000    0.3987    0.0448    0.3734
    0.0745    0.1079    0.0000    0.4147    0.1324    0.2705
    0.0336    0.0187    0.0000    0.7835    0.0382    0.1261
    0.1017    0.0000    0.0000    0.8983    0.0000    0.0000
    0.4127    0.3333    0.0000    0.0356    0.0061    0.2123
    0.0134    0.0210    0.0000    0.8934    0.0063    0.0658
    0.3669    0.1026    0.0000    0.0023    0.4935    0.0347
    0.0573    0.0216    0.0000    0.8678    0.0077    0.0457
    0.0573    0.0031    0.0000    0.9344    0.0052    0.0000
    0.0024    0.4980    0.0000    0.1136    0.3147    0.0713
    0.1726    0.0718    0.0000    0.5837    0.0524    0.1195
    0.0093    0.0283    0.0000    0.0218    0.0000    0.9406
    0.3047    0.6618    0.0000    0.0086    0.0077    0.0171
    0.3070    0.2236    0.0000    0.2821    0.1740    0.0133
    0.3285    0.3099    0.0000    0.1051    0.2139    0.0426
    0.4229    0.2405    0.0000    0.1214    0.1854    0.0299
    0.0980    0.3766    0.0000    0.1295    0.1044    0.2915
    0.0876    0.2612    0.0000    0.0417    0.0027    0.6067
    0.0778    0.1920    0.0000    0.1693    0.0331    0.5278
    0.2188    0.1794    0.0000    0.0922    0.1916    0.3180
    0.2542    0.0277    0.0000    0.4574    0.1670    0.0937
    0.0147    0.0527    0.0000    0.9028    0.0069    0.0229
    0.2954    0.2183    0.0000    0.2890    0.1645    0.0328
    0.1627    0.1100    0.0000    0.2073    0.2798    0.2403
    0.3293    0.3209    0.0000    0.0732    0.2307    0.0460
    0.3701    0.1716    0.0000    0.0113    0.1759    0.2710
    0.1580    0.0744    0.0000    0.5299    0.0758    0.1619
    0.1373    0.1576    0.0000    0.0418    0.1498    0.5135
    0.2941    0.2021    0.0000    0.0085    0.1708    0.3245
    0.4681    0.4117    0.0000    0.0203    0.0801    0.0197
    0.0354    0.0287    0.0000    0.8374    0.0086    0.0898
    0.0214    0.0515    0.0000    0.0000    0.8877    0.0394
    0.0174    0.0000    0.0000    0.9826    0.0000    0.0000
    0.2883    0.1892    0.0000    0.0249    0.0824    0.4151
    0.1316    0.0598    0.0000    0.0056    0.0079    0.7951
    0.0067    0.3054    0.0000    0.0910    0.0343    0.5625
    0.0063    0.0684    0.0000    0.7137    0.0326    0.1790
    0.0401    0.0325    0.0000    0.8158    0.0097    0.1018
    0.0345    0.1335    0.0000    0.7123    0.0573    0.0624
    0.3411    0.2435    0.0000    0.0684    0.1397    0.2072
    0.3547    0.2623    0.0000    0.2417    0.0333    0.1080
    0.3680    0.0330    0.0000    0.0363    0.1362    0.4264
    0.0978    0.1878    0.0000    0.1657    0.0324    0.5164
    0.0314    0.0743    0.0000    0.5529    0.2727    0.0687
    0.1450    0.5048    0.0000    0.0010    0.2607    0.0884
    0.0613    0.0000    0.0000    0.8174    0.0082    0.1131
    0.5476    0.1959    0.0000    0.0010    0.2477    0.0077
    0.0050    0.2634    0.0000    0.5643    0.0258    0.1415
    0.1000    0.1522    0.0000    0.6760    0.0401    0.0316
    0.3010    0.4904    0.0000    0.0082    0.1819    0.0186
    0.0218    0.1244    0.0000    0.6959    0.0912    0.0667
    0.2430    0.3471    0.0000    0.1451    0.0358    0.2291
    0.0969    0.0149    0.0000    0.1250    0.0177    0.7456
    0.0417    0.0647    0.0000    0.8936    0.0000    0.0000
    0.1069    0.1342    0.0000    0.0719    0.0747    0.6123
    0.1735    0.3908    0.0000    0.4357    0.0000    0.0000
    0.0151    0.1430    0.0000    0.0000    0.0173    0.8245
    0.0000    0.0442    0.0000    0.0000    0.0062    0.9496
    0.2709    0.4414    0.0000    0.0124    0.2587    0.0167
    0.0125    0.0580    0.0000    0.8331    0.0499    0.0465
    0.4188    0.2748    0.0000    0.0000    0.2020    0.1044
    1.0000    0.0000    0.0000    0.0000    0.0000    0.0000
    0.3500    0.1172    0.0000    0.2975    0.1196    0.1156
    0.4759    0.2540    0.0000    0.0000    0.1681    0.1021
    0.0559    0.0211    0.0000    0.7484    0.0075    0.1672
    0.0223    0.0839    0.0000    0.7678    0.1160    0.0100
    0.2370    0.2759    0.0000    0.0567    0.2276    0.2028
    0.0194    0.0358    0.0000    0.0499    0.0201    0.8748
    0.0340    0.0972    0.0000    0.7347    0.0081    0.1259
    0.2345    0.1990    0.0000    0.0085    0.1962    0.3618
    0.0543    0.4669    0.0000    0.1065    0.3054    0.0669
    0.0278    0.0578    0.0000    0.1470    0.0043    0.7632
    0.0502    0.0192    0.0000    0.0055    0.0344    0.8907
    0.2864    0.0269    0.0000    0.0445    0.1099    0.5323
    0.1125    0.0564    0.0000    0.0099    0.0757    0.7455
    0.0888    0.0420    0.0000    0.7446    0.1245    0.0000
    0.0208    0.0381    0.0000    0.8021    0.0597    0.0792
    0.1682    0.2915    0.0000    0.0871    0.2033    0.2499
    0.3303    0.1075    0.0000    0.0576    0.0598    0.4448
    0.4109    0.4247    0.0000    0.0000    0.0886    0.0757
    0.2017    0.0277    0.0000    0.0000    0.2608    0.5098
    0.0275    0.0031    0.0000    0.7985    0.0088    0.1620
    0.0324    0.0794    0.0000    0.5707    0.2467    0.0709
    0.3553    0.0656    0.0000    0.3683    0.1268    0.0841
    0.0218    0.6330    0.0000    0.0292    0.2610    0.0551
    0.1584    0.4804    0.0000    0.0155    0.3247    0.0210
    0.3913    0.0501    0.0000    0.3326    0.0968    0.1292
    0.4662    0.1019    0.0000    0.0202    0.1571    0.2546
    0.0142    0.0862    0.0000    0.6079    0.0000    0.2917
    0.3762    0.1744    0.0000    0.0115    0.1625    0.2754
    0.1189    0.0717    0.0000    0.7600    0.0462    0.0032
    0.0550    0.0261    0.0000    0.1270    0.0341    0.7578
    0.0313    0.0000    0.0000    0.0133    0.0000    0.9554
    0.0131    0.0323    0.0000    0.6805    0.2037    0.0704
    0.0567    0.1100    0.0000    0.4227    0.1350    0.2757
    0.0696    0.1690    0.0000    0.2398    0.0710    0.4507
    0.5305    0.0325    0.0000    0.2718    0.0384    0.1267
    0.3808    0.2821    0.0000    0.0706    0.2223    0.0443
    0.2472    0.0850    0.0000    0.5032    0.1340    0.0305
    0.0366    0.1474    0.0000    0.5823    0.0055    0.2282
    0.3438    0.4149    0.0000    0.0006    0.1937    0.0469
    0.0676    0.0826    0.0000    0.0000    0.0481    0.8017
    0.3645    0.4163    0.0000    0.0000    0.1449    0.0742
    0.3756    0.1434    0.0000    0.0737    0.1531    0.2542
    0.2943    0.0916    0.0000    0.2723    0.1340    0.2078
    0.0109    0.0991    0.0000    0.6183    0.0000    0.2717
    0.0077    0.0039    0.0000    0.0000    0.4720    0.5164
    0.2690    0.4384    0.0000    0.0123    0.2570    0.0234
    0.0000    0.0620    0.0000    0.5547    0.0459    0.3375
    0.1425    0.3071    0.0000    0.0596    0.1773    0.3136
    0.0000    0.1275    0.0000    0.7879    0.0464    0.0383
    0.0883    0.0761    0.0000    0.6463    0.1183    0.0709
    0.1328    0.0847    0.0000    0.1260    0.0353    0.6211
    0.1896    0.1845    0.0000    0.5877    0.0381    0.0000
    0.3154    0.3625    0.0000    0.1786    0.1133    0.0303
    0.5595    0.0244    0.0000    0.0000    0.2019    0.2142
    0.3846    0.2069    0.0000    0.2620    0.1406    0.0059
    0.0890    0.1182    0.0000    0.0413    0.0075    0.7440
    0.1128    0.0459    0.0000    0.7730    0.0531    0.0152
    0.1221    0.3010    0.0000    0.0618    0.2938    0.2212
    0.0367    0.0449    0.0000    0.7027    0.2157    0.0000
    0.4395    0.3932    0.0000    0.0367    0.0978    0.0328
    0.2550    0.1573    0.0000    0.0470    0.1445    0.3961
    0.5265    0.1905    0.0000    0.0140    0.2513    0.0175
    0.1459    0.0842    0.0000    0.5475    0.1812    0.0413
    0.0000    0.0622    0.0000    0.1582    0.0000    0.7796
    0.2421    0.0931    0.0000    0.0158    0.0372    0.6118
    0.1297    0.3285    0.0000    0.3124    0.1673    0.0621
    0.0521    0.0000    0.0000    0.6973    0.0070    0.2437
    0.3660    0.1695    0.0000    0.0000    0.1376    0.3269
    0.0000    0.6978    0.0000    0.0000    0.0000    0.3022
    0.1405    0.0600    0.0000    0.6805    0.0000    0.1191
    0.1684    0.1927    0.0000    0.0253    0.1908    0.4228
    0.1316    0.2407    0.0000    0.0000    0.3775    0.2502

 Output data matrix of Pareto front of final Gaussian process model:
        f1        f2        f3
 -274.0718   -0.7141-54478.2083
 -521.0066   -1.5798-92836.0272
 -281.8587   -2.7480-61760.8939
 -662.7870   -0.9560-85305.6833
 -384.4024   -0.1564-37140.1329
 -421.9321   -0.6183-55226.6779
 -280.7230   -0.3974-46846.6746
 -286.9711   -2.5200-62143.4497
 -413.6176   -0.4876-50074.6173
 -283.0677   -2.6859-61387.3821
