
 TSEMO log file created on 17-Aug-2020 

 This file shows the initial specifications of TSEMO and logs the output.
 ¯¯¯¯¯¯¯¯¯¯¯¯¯¯¯¯¯¯¯¯¯¯¯¯¯¯¯¯¯¯¯¯¯¯¯¯¯¯¯¯¯¯¯¯¯¯¯¯¯¯¯¯¯¯¯¯¯¯¯¯¯¯¯¯¯¯¯¯¯¯¯¯¯¯¯¯¯¯¯¯¯¯¯¯¯¯¯¯¯¯¯¯¯¯¯¯¯¯¯¯¯¯
 License information 

 BSD 2-Clause License 

 Copyright (c) 2017, Eric Bradford, Artur M. Schweidtmann and Alexei Lapkin
 All rights reserved. 

 Redistribution and use in source and binary forms, with or without
 modification, are permitted provided that the following conditions are met: 

 *Redistributions of source code must retain the above copyright notice, this   
  list of conditions and the following disclaimer. 

 *Redistributions in binary form must reproduce the above copyright notice,   
  this list of conditions and the following disclaimer in the documentation   
  and/or other materials provided with the distribution. 

 Modified by Mina Konakovic Lukovic 2019. 

 ¯¯¯¯¯¯¯¯¯¯¯¯¯¯¯¯¯¯¯¯¯¯¯¯¯¯¯¯¯¯¯¯¯¯¯¯¯¯¯¯¯¯¯¯¯¯¯¯¯¯¯¯¯¯¯¯¯¯¯¯¯¯¯¯¯¯¯¯¯¯¯¯¯¯¯¯¯¯¯¯¯¯¯¯¯¯¯¯¯¯¯¯¯¯¯¯¯¯¯¯¯¯
 Problem specifications 

 Number of inputs:   6
 Number of outputs:  3 

 Lower bounds of decision variables:
      x1      x2      x3      x4      x5      x6
  0.0000  0.0000  0.0000  0.0000  0.0000  0.0000
 
 Upper bounds of decision variables:
      x1      x2      x3      x4      x5      x6
  1.0000  1.0000  0.5000  1.0000  1.0000  1.0000
 ¯¯¯¯¯¯¯¯¯¯¯¯¯¯¯¯¯¯¯¯¯¯¯¯¯¯¯¯¯¯¯¯¯¯¯¯¯¯¯¯¯¯¯¯¯¯¯¯¯¯¯¯¯¯¯¯¯¯¯¯¯¯¯¯¯¯¯¯¯¯¯¯¯¯¯¯¯¯¯¯¯¯¯¯¯¯¯¯¯¯¯¯¯¯¯¯¯¯¯¯¯¯
 Algorithm options 

 Maximum number of function evaluations:  4
 Sample batch size:                       4
 Number of algorithm iterations:          1 

 Genetic algorithm population size:        100
 Genetic algorithm number of generations:  100 

                                               f1      f2      f3
 Number of spectral sampling points:          100     100     100
 Type of matern function:                       5       5       5
 Direct evaluations per input dimension:      100     100     100
 ¯¯¯¯¯¯¯¯¯¯¯¯¯¯¯¯¯¯¯¯¯¯¯¯¯¯¯¯¯¯¯¯¯¯¯¯¯¯¯¯¯¯¯¯¯¯¯¯¯¯¯¯¯¯¯¯¯¯¯¯¯¯¯¯¯¯¯¯¯¯¯¯¯¯¯¯¯¯¯¯¯¯¯¯¯¯¯¯¯¯¯¯¯¯¯¯¯¯¯¯¯¯
 Initial data set 

 Number of initial data points:  151 

 Initial input data matrix:
      x1      x2      x3      x4      x5      x6
  0.0000  0.1800  0.2100  0.2800  0.2000  0.1300
  0.0000  0.0200  0.3800  0.0400  0.2900  0.2700
  0.1900  0.3000  0.1000  0.0600  0.0700  0.2800
  0.0800  0.1600  0.1400  0.0400  0.1900  0.3900
  0.3400  0.0600  0.2300  0.1600  0.1900  0.0200
  0.1400  0.1000  0.0700  0.2000  0.2700  0.2200
  0.0700  0.0700  0.3200  0.2100  0.0300  0.3000
  0.0200  0.0100  0.2700  0.1300  0.4900  0.0800
  0.0900  0.3200  0.0300  0.1300  0.3700  0.0600
  0.0800  0.2100  0.0200  0.0000  0.6100  0.0800
  0.0900  0.3200  0.0400  0.2100  0.1700  0.1700
  0.1400  0.3000  0.0700  0.1000  0.2500  0.1400
  0.0400  0.1700  0.0700  0.2200  0.2400  0.2600
  0.1700  0.1500  0.2800  0.2900  0.0000  0.1100
  0.1000  0.1400  0.1400  0.2600  0.2700  0.0900
  1.0000  0.0000  0.0000  0.0000  0.0000  0.0000
  0.0000  1.0000  0.0000  0.0000  0.0000  0.0000
  0.0000  0.0000  0.0000  1.0000  0.0000  0.0000
  0.6000  0.4000  0.0000  0.0000  0.0000  0.0000
  0.5500  0.4500  0.0000  0.0000  0.0000  0.0000
  0.5000  0.5000  0.0000  0.0000  0.0000  0.0000
  0.4500  0.5500  0.0000  0.0000  0.0000  0.0000
  0.4000  0.6000  0.0000  0.0000  0.0000  0.0000
  0.2700  0.4400  0.0900  0.0400  0.0800  0.0800
  0.0400  0.1900  0.3600  0.2000  0.1200  0.0900
  0.0000  0.5900  0.0000  0.0800  0.0800  0.2500
  0.0000  0.3900  0.1300  0.0700  0.0300  0.3800
  0.0100  0.5100  0.0000  0.1000  0.0200  0.3600
  0.0100  0.6200  0.0100  0.0300  0.1000  0.2300
  0.0600  0.3000  0.4100  0.0100  0.0100  0.2100
  0.0800  0.3200  0.5000  0.0700  0.0200  0.0100
  0.1500  0.2800  0.2500  0.0100  0.0600  0.2500
  0.0000  0.0000  0.0000  0.0000  0.0000  1.0000
  0.0000  0.0000  0.0000  0.0000  1.0000  0.0000
  0.0200  0.1100  0.0000  0.5000  0.0300  0.3400
  0.0100  0.1900  0.0000  0.0000  0.0000  0.8000
  0.0100  0.3900  0.0000  0.0200  0.0100  0.5700
  0.1800  0.1200  0.0000  0.3600  0.0000  0.3400
  0.0100  0.0000  0.1300  0.2500  0.0000  0.6100
  0.3200  0.0000  0.1200  0.0100  0.0000  0.5500
  0.0100  0.1500  0.1000  0.2100  0.0000  0.5300
  0.0100  0.0000  0.1500  0.2500  0.0000  0.5900
  0.1500  0.4500  0.0400  0.0300  0.0100  0.3200
  0.0500  0.3200  0.0000  0.5700  0.0600  0.0000
  0.3100  0.5200  0.0000  0.0800  0.0200  0.0700
  0.1500  0.0400  0.1300  0.6700  0.0100  0.0000
  0.0000  0.2100  0.2000  0.5800  0.0100  0.0000
  0.0000  0.0100  0.2800  0.6700  0.0100  0.0300
  0.0100  0.2800  0.1100  0.4600  0.1100  0.0300
  0.4900  0.0600  0.0000  0.1400  0.0200  0.2900
  0.1400  0.0000  0.0700  0.0100  0.0100  0.7700
  0.0300  0.5800  0.1800  0.0400  0.1000  0.0700
  0.0000  0.3100  0.0100  0.0200  0.1500  0.5100
  0.2500  0.0100  0.0100  0.0400  0.1300  0.5600
  0.2900  0.4500  0.0600  0.0800  0.1200  0.0000
  0.0200  0.0100  0.1600  0.0100  0.5000  0.3000
  0.0200  0.2400  0.0000  0.0300  0.2600  0.4500
  0.0000  0.0100  0.0000  0.0100  0.2700  0.7100
  0.0900  0.0200  0.0000  0.0600  0.4000  0.4300
  0.0000  0.1600  0.0000  0.0000  0.2500  0.5900
  0.3200  0.0900  0.0200  0.0100  0.0100  0.5500
  0.0000  0.0800  0.1300  0.0000  0.1100  0.6800
  0.3900  0.0100  0.0300  0.0000  0.0000  0.5700
  0.2600  0.1800  0.0200  0.0100  0.0100  0.5200
  0.2000  0.1600  0.0000  0.0000  0.0000  0.6400
  0.5100  0.3100  0.0700  0.0100  0.0100  0.0900
  0.1400  0.1700  0.0200  0.0000  0.0000  0.6700
  0.0000  0.0300  0.0200  0.2100  0.3200  0.4200
  0.5700  0.0000  0.1100  0.0100  0.1000  0.2100
  0.5100  0.2500  0.1000  0.0200  0.1200  0.0000
  0.5100  0.0100  0.0700  0.0200  0.1100  0.2800
  0.0000  0.0000  0.0000  0.0200  0.0000  0.9800
  0.6000  0.0000  0.0300  0.0000  0.0200  0.3500
  0.3400  0.0000  0.1100  0.0100  0.0600  0.4800
  0.4400  0.1100  0.1100  0.0000  0.0600  0.2800
  0.6600  0.0000  0.0800  0.0000  0.0000  0.2600
  0.3700  0.4700  0.1000  0.0000  0.0600  0.0000
  0.4400  0.3000  0.0900  0.0400  0.1300  0.0000
  0.2700  0.6100  0.1200  0.0000  0.0000  0.0000
  0.0100  0.0000  0.0000  0.0200  0.0800  0.8900
  0.2100  0.1100  0.0600  0.0000  0.1400  0.4800
  0.5200  0.0100  0.0100  0.0000  0.0000  0.4600
  0.0000  0.3800  0.0100  0.0000  0.0000  0.6100
  0.0000  0.3100  0.0100  0.0000  0.0000  0.6800
  0.3200  0.3400  0.0200  0.0000  0.0100  0.3100
  0.0100  0.4100  0.0000  0.0000  0.0100  0.5700
  0.0000  0.4100  0.0000  0.1300  0.0000  0.4600
  0.0000  0.1800  0.0000  0.2600  0.0100  0.5500
  0.0400  0.4500  0.0000  0.0700  0.0100  0.4300
  0.0000  0.2500  0.0000  0.2500  0.0000  0.5000
  0.3600  0.2000  0.0200  0.0800  0.0000  0.3400
  0.2100  0.0000  0.0000  0.3300  0.0100  0.4500
  0.2500  0.0000  0.0000  0.3100  0.0100  0.4300
  0.1900  0.0000  0.0000  0.3200  0.0100  0.4800
  0.0000  0.6300  0.1000  0.0000  0.0000  0.2700
  0.0000  0.6600  0.0900  0.0000  0.0000  0.2500
  0.0000  0.3300  0.1100  0.0100  0.0000  0.5500
  0.0000  0.6800  0.0900  0.0000  0.0100  0.2200
  0.3500  0.0000  0.0000  0.0100  0.0000  0.6400
  0.0100  0.0000  0.0000  0.3600  0.0000  0.6300
  0.4800  0.0000  0.0100  0.0000  0.1200  0.3900
  0.3900  0.0000  0.0000  0.0200  0.0100  0.5800
  0.4000  0.1700  0.0000  0.0000  0.1200  0.3100
  0.4400  0.2700  0.0000  0.0000  0.1700  0.1200
  0.3400  0.1400  0.0000  0.0000  0.1300  0.3900
  0.3300  0.1200  0.0000  0.0000  0.1300  0.4200
  0.3900  0.0000  0.0000  0.0000  0.2200  0.3900
  0.3900  0.3100  0.0000  0.0000  0.2200  0.0800
  0.4100  0.0000  0.0000  0.0000  0.2500  0.3400
  0.3500  0.0000  0.0000  0.0000  0.2000  0.4500
  0.3300  0.0000  0.0000  0.0000  0.2100  0.4600
  0.3100  0.0000  0.0000  0.0000  0.2000  0.4900
  0.3500  0.0000  0.0000  0.0000  0.2100  0.4400
  0.2000  0.0000  0.0000  0.0000  0.0100  0.7900
  0.5000  0.0000  0.0000  0.0000  0.3000  0.2000
  0.5300  0.0600  0.0000  0.0000  0.3200  0.0900
  0.5300  0.0000  0.0000  0.0000  0.3300  0.1400
  0.4200  0.0000  0.0000  0.0000  0.2700  0.3100
  0.4200  0.0100  0.0000  0.0000  0.1400  0.4300
  0.3900  0.0000  0.0000  0.0000  0.1300  0.4800
  0.4400  0.0000  0.0000  0.0500  0.1300  0.3800
  0.2800  0.0000  0.0000  0.1100  0.0800  0.5300
  0.4200  0.1200  0.0000  0.0000  0.0600  0.4000
  0.4200  0.1100  0.0000  0.0100  0.0700  0.3900
  0.4200  0.1100  0.0000  0.0000  0.0400  0.4300
  0.4500  0.0800  0.0000  0.0000  0.0500  0.4200
  0.4100  0.1400  0.0000  0.0000  0.0700  0.3800
  0.4100  0.1200  0.0000  0.0000  0.0600  0.4100
  0.4200  0.1600  0.0000  0.0000  0.0700  0.3500
  0.4000  0.1300  0.0000  0.0000  0.0800  0.3900
  0.2500  0.0000  0.0000  0.0000  0.0000  0.7500
  0.2700  0.0000  0.0000  0.0000  0.0000  0.7300
  0.2300  0.0000  0.0000  0.0000  0.0000  0.7700
  0.2700  0.0000  0.0000  0.0000  0.1400  0.5900
  0.3000  0.0000  0.0000  0.0000  0.0900  0.6100
  0.3200  0.0100  0.0000  0.0000  0.0900  0.5800
  0.3700  0.3700  0.0000  0.0000  0.1900  0.0700
  0.3800  0.4100  0.0000  0.0100  0.1900  0.0100
  0.3400  0.3600  0.0000  0.0000  0.2000  0.1000
  0.3900  0.2300  0.0000  0.0000  0.0000  0.3800
  0.3700  0.2200  0.0000  0.0100  0.0000  0.4000
  0.4100  0.2100  0.0000  0.0100  0.0000  0.3700
  0.3200  0.1900  0.0000  0.0000  0.0000  0.4900
  0.1500  0.0000  0.0000  0.0000  0.0000  0.8500
  0.1100  0.0000  0.0000  0.0000  0.0000  0.8900
  0.1800  0.0000  0.0000  0.0000  0.0000  0.8200
  0.1300  0.0000  0.0000  0.0000  0.0000  0.8700
  0.0300  0.3600  0.0000  0.0300  0.2200  0.3600
  0.0000  0.4600  0.0000  0.0300  0.3500  0.1600
  0.0000  0.4700  0.0000  0.0600  0.3200  0.1500
  0.1100  0.2300  0.0000  0.0100  0.2500  0.4000

 Initial output data matrix:
      f1      f2      f3
-454.7535 -1.3662-68112.8155
-279.9044 -2.1133-51731.0693
-469.5247 -1.7578-77876.9026
-440.0426 -1.9634-76654.9118
-365.6047 -1.2303-62118.0243
-410.9856 -1.1190-66049.6554
-136.1656 -0.8962-22268.5639
-369.0088 -1.3142-61644.3643
-533.9811 -0.8968-68784.7611
-442.6768 -0.7257-59416.2131
-507.4257 -0.9822-66650.9629
-443.6008 -1.1184-65323.0907
-489.5899 -1.3294-72483.9913
-359.3333 -1.7335-60280.1487
-485.2462 -0.8865-66192.4108
-228.9585 -0.7284-49588.2084
-435.6576 -1.1748-60782.1527
-368.0328 -0.0378-29839.9581
-558.3333 -1.0147-72324.3305
-545.1107 -1.0090-76481.1353
-595.9865 -1.0313-80252.0073
-577.5167 -1.0272-78299.5278
-603.0115 -1.0486-79494.8772
-536.4679 -1.3385-83057.1828
-380.6202 -1.5761-63939.3838
-487.9964 -1.6929-74452.7693
-492.2164 -2.0354-77476.1977
-483.0457 -1.7036-74331.8675
-461.0062 -1.5331-68683.9650
-428.6732 -1.9582-73565.0149
-420.3458 -1.7501-70958.0370
-185.7397 -1.9998-39188.2443
-307.5914 -2.9333-68673.8814
-248.0791 -0.3369-41639.4837
-330.4220 -1.6093-58954.7196
-261.1897 -2.5356-54113.5267
-374.3907 -2.1313-72005.0906
-442.1932 -1.6426-73645.0393
-325.5454 -2.2577-65492.6760
-407.4563 -1.7142-79298.8675
-280.7768 -2.0890-55835.4428
-345.4445 -2.2639-66935.4850
-337.8766 -1.7123-65225.4544
-380.5099 -0.6146-47362.4095
-423.7886 -1.3121-68132.9194
-412.9137 -0.7221-59055.9302
-389.7163 -1.2975-60315.7332
-243.9299 -1.5816-43427.1956
-418.8166 -1.1219-61444.5239
-463.1094 -1.4660-81856.9346
-260.4919 -1.9421-59060.6871
-461.1271 -1.5697-75813.0466
-434.9195 -1.9723-80545.7853
-411.2741 -1.7072-85333.3874
-593.8157 -1.0758-82484.6477
-331.6431 -1.2261-62332.4475
-461.8788 -1.5726-80820.6379
-386.3988 -1.9098-76223.9832
-458.6168 -1.3865-78606.8274
-386.1546 -1.7969-73308.3934
-420.6757 -1.8963-83069.8760
-256.3444 -2.2542-53258.3199
-343.7864 -1.8975-72697.8828
-317.0968 -1.9236-66141.3310
-405.5608 -1.9380-81223.2023
-579.2708 -1.0437-87100.5169
-297.2664 -2.2664-61771.9743
-230.0024 -1.7750-53153.7094
-296.3126 -0.8946-60049.3899
-625.1337 -1.1253-94708.7918
-559.4404 -1.5604-98460.5528
-350.2734 -2.6724-74202.1381
-483.8073 -1.5770-91455.1658
-333.6048 -1.8340-67470.0844
-401.3639 -1.5176-75081.6898
-339.8147 -1.1731-68370.6235
-619.8270 -1.3159-92324.8900
-456.6095 -1.0320-73399.8497
-527.1160 -1.2052-80673.3135
-182.0132 -2.1459-33836.3245
-299.4935 -1.9115-62779.5207
-342.4831 -1.8084-73190.6083
-292.5484 -2.1003-64376.6034
-284.1961 -2.0337-60695.8700
-418.6794 -1.5121-75788.0791
-272.5130 -1.9527-60034.6655
-324.9663 -1.9969-65021.8788
-361.4059 -2.0913-69395.5054
-310.1195 -1.9192-61302.0228
-321.0298 -2.0199-62665.9535
-408.2643 -1.5818-76317.7672
-398.2560 -1.9114-74552.8783
-437.9660 -1.8110-79745.2693
-402.9772 -1.8842-75747.1961
-367.7646 -1.7661-65605.9795
-392.9406 -1.8913-69484.2021
-317.1051 -2.1952-63761.7220
-355.6015 -1.8014-64450.3268
-438.2688 -2.1205-87348.6010
-334.7339 -2.0407-65124.3183
-514.0293 -1.5443-93643.6527
-526.1093 -1.9176-98663.7705
-555.0826 -1.4101-91162.3449
-653.9760 -1.1215-96005.8355
-613.3157 -1.3545-102903.8092
-574.5688 -1.4762-99854.6710
-596.1996 -1.5851-97568.0584
-673.8733 -1.3085-96609.9429
-570.9253 -1.5720-97057.6408
-453.6160 -1.8559-85374.7271
-512.3685 -1.7799-93175.9066
-384.8236 -1.8510-77997.5467
-536.0149 -1.7113-96497.9814
-289.9712 -1.9717-66399.4183
-596.7186 -0.9982-92484.7776
-390.5278 -0.8869-64360.6166
-429.9865 -0.7968-68899.7837
-397.0291 -1.0850-76450.3138
-413.4216 -1.7276-80202.5821
-512.4700 -1.6664-92116.8858
-627.3105 -1.5880-103558.9154
-459.2870 -1.8760-85164.1567
-489.1206 -1.8652-89171.2803
-523.3253 -1.8184-92589.2154
-483.7090 -2.0071-89596.8710
-506.5947 -1.8726-91082.8276
-414.5373 -1.4395-76845.5530
-497.6451 -1.5944-86257.9869
-387.4478 -1.5175-74536.3039
-605.3055 -1.7013-100894.6560
-330.1772 -2.3875-72121.0094
-430.6648 -2.0605-85776.8507
-379.2996 -1.2350-79505.9871
-373.9609 -1.7620-76874.3459
-304.9460 -1.8920-67570.8658
-474.1479 -1.6447-89096.7259
-697.1304 -1.0954-95259.3377
-631.9917 -1.0162-84624.4465
-558.3350 -1.1524-81235.4409
-500.0071 -1.6765-86776.1337
-502.4466 -1.6487-86185.4611
-497.5673 -1.6842-87186.3665
-464.8064 -1.9485-85123.7213
-230.9656 -2.1941-42770.3205
-298.7214 -2.0758-62599.7659
-411.9961 -2.4700-81011.7887
-344.5861 -2.1419-69445.9723
-398.4218 -1.2656-72927.4257
-386.4135 -0.7346-58533.7851
-462.8592 -0.8218-69546.7524
-500.1382 -0.9135-86787.5940

 ¯¯¯¯¯¯¯¯¯¯¯¯¯¯¯¯¯¯¯¯¯¯¯¯¯¯¯¯¯¯¯¯¯¯¯¯¯¯¯¯¯¯¯¯¯¯¯¯¯¯¯¯¯¯¯¯¯¯¯¯¯¯¯¯¯¯¯¯¯¯¯¯¯¯¯¯¯¯¯¯¯¯¯¯¯¯¯¯¯¯¯¯¯¯¯¯¯¯¯¯¯¯
 Algorithm iteration 1 

 Predicted hypervolume improvement:    0.0000
 Time taken:    0.0063 

 Proposed evaluation point(s): 
      x1      x2      x3      x4      x5      x6
  0.4100  0.0000  0.0000  0.1600  0.1700  0.2600
  0.4100  0.0000  0.0000  0.1600  0.1700  0.2600
  0.4100  0.0000  0.0000  0.1600  0.1700  0.2600
  0.4100  0.0000  0.0000  0.1600  0.1700  0.2600

 Corresponding observation(s): 
      f1      f2      f3
-525.7647 -1.1954-94816.2450
-525.7647 -1.1954-94816.2450
-525.7647 -1.1954-94816.2450
-525.7647 -1.1954-94816.2450

 ¯¯¯¯¯¯¯¯¯¯¯¯¯¯¯¯¯¯¯¯¯¯¯¯¯¯¯¯¯¯¯¯¯¯¯¯¯¯¯¯¯¯¯¯¯¯¯¯¯¯¯¯¯¯¯¯¯¯¯¯¯¯¯¯¯¯¯¯¯¯¯¯¯¯¯¯¯¯¯¯¯¯¯¯¯¯¯¯¯¯¯¯¯¯¯¯¯¯¯¯¯¯
 Final algorithm output 

 Final input data matrix:
        x1        x2        x3        x4        x5        x6
    0.0000    0.1800    0.2100    0.2800    0.2000    0.1300
    0.0000    0.0200    0.3800    0.0400    0.2900    0.2700
    0.1900    0.3000    0.1000    0.0600    0.0700    0.2800
    0.0800    0.1600    0.1400    0.0400    0.1900    0.3900
    0.3400    0.0600    0.2300    0.1600    0.1900    0.0200
    0.1400    0.1000    0.0700    0.2000    0.2700    0.2200
    0.0700    0.0700    0.3200    0.2100    0.0300    0.3000
    0.0200    0.0100    0.2700    0.1300    0.4900    0.0800
    0.0900    0.3200    0.0300    0.1300    0.3700    0.0600
    0.0800    0.2100    0.0200    0.0000    0.6100    0.0800
    0.0900    0.3200    0.0400    0.2100    0.1700    0.1700
    0.1400    0.3000    0.0700    0.1000    0.2500    0.1400
    0.0400    0.1700    0.0700    0.2200    0.2400    0.2600
    0.1700    0.1500    0.2800    0.2900    0.0000    0.1100
    0.1000    0.1400    0.1400    0.2600    0.2700    0.0900
    1.0000    0.0000    0.0000    0.0000    0.0000    0.0000
    0.0000    1.0000    0.0000    0.0000    0.0000    0.0000
    0.0000    0.0000    0.0000    1.0000    0.0000    0.0000
    0.6000    0.4000    0.0000    0.0000    0.0000    0.0000
    0.5500    0.4500    0.0000    0.0000    0.0000    0.0000
    0.5000    0.5000    0.0000    0.0000    0.0000    0.0000
    0.4500    0.5500    0.0000    0.0000    0.0000    0.0000
    0.4000    0.6000    0.0000    0.0000    0.0000    0.0000
    0.2700    0.4400    0.0900    0.0400    0.0800    0.0800
    0.0400    0.1900    0.3600    0.2000    0.1200    0.0900
    0.0000    0.5900    0.0000    0.0800    0.0800    0.2500
    0.0000    0.3900    0.1300    0.0700    0.0300    0.3800
    0.0100    0.5100    0.0000    0.1000    0.0200    0.3600
    0.0100    0.6200    0.0100    0.0300    0.1000    0.2300
    0.0600    0.3000    0.4100    0.0100    0.0100    0.2100
    0.0800    0.3200    0.5000    0.0700    0.0200    0.0100
    0.1500    0.2800    0.2500    0.0100    0.0600    0.2500
    0.0000    0.0000    0.0000    0.0000    0.0000    1.0000
    0.0000    0.0000    0.0000    0.0000    1.0000    0.0000
    0.0200    0.1100    0.0000    0.5000    0.0300    0.3400
    0.0100    0.1900    0.0000    0.0000    0.0000    0.8000
    0.0100    0.3900    0.0000    0.0200    0.0100    0.5700
    0.1800    0.1200    0.0000    0.3600    0.0000    0.3400
    0.0100    0.0000    0.1300    0.2500    0.0000    0.6100
    0.3200    0.0000    0.1200    0.0100    0.0000    0.5500
    0.0100    0.1500    0.1000    0.2100    0.0000    0.5300
    0.0100    0.0000    0.1500    0.2500    0.0000    0.5900
    0.1500    0.4500    0.0400    0.0300    0.0100    0.3200
    0.0500    0.3200    0.0000    0.5700    0.0600    0.0000
    0.3100    0.5200    0.0000    0.0800    0.0200    0.0700
    0.1500    0.0400    0.1300    0.6700    0.0100    0.0000
    0.0000    0.2100    0.2000    0.5800    0.0100    0.0000
    0.0000    0.0100    0.2800    0.6700    0.0100    0.0300
    0.0100    0.2800    0.1100    0.4600    0.1100    0.0300
    0.4900    0.0600    0.0000    0.1400    0.0200    0.2900
    0.1400    0.0000    0.0700    0.0100    0.0100    0.7700
    0.0300    0.5800    0.1800    0.0400    0.1000    0.0700
    0.0000    0.3100    0.0100    0.0200    0.1500    0.5100
    0.2500    0.0100    0.0100    0.0400    0.1300    0.5600
    0.2900    0.4500    0.0600    0.0800    0.1200    0.0000
    0.0200    0.0100    0.1600    0.0100    0.5000    0.3000
    0.0200    0.2400    0.0000    0.0300    0.2600    0.4500
    0.0000    0.0100    0.0000    0.0100    0.2700    0.7100
    0.0900    0.0200    0.0000    0.0600    0.4000    0.4300
    0.0000    0.1600    0.0000    0.0000    0.2500    0.5900
    0.3200    0.0900    0.0200    0.0100    0.0100    0.5500
    0.0000    0.0800    0.1300    0.0000    0.1100    0.6800
    0.3900    0.0100    0.0300    0.0000    0.0000    0.5700
    0.2600    0.1800    0.0200    0.0100    0.0100    0.5200
    0.2000    0.1600    0.0000    0.0000    0.0000    0.6400
    0.5100    0.3100    0.0700    0.0100    0.0100    0.0900
    0.1400    0.1700    0.0200    0.0000    0.0000    0.6700
    0.0000    0.0300    0.0200    0.2100    0.3200    0.4200
    0.5700    0.0000    0.1100    0.0100    0.1000    0.2100
    0.5100    0.2500    0.1000    0.0200    0.1200    0.0000
    0.5100    0.0100    0.0700    0.0200    0.1100    0.2800
    0.0000    0.0000    0.0000    0.0200    0.0000    0.9800
    0.6000    0.0000    0.0300    0.0000    0.0200    0.3500
    0.3400    0.0000    0.1100    0.0100    0.0600    0.4800
    0.4400    0.1100    0.1100    0.0000    0.0600    0.2800
    0.6600    0.0000    0.0800    0.0000    0.0000    0.2600
    0.3700    0.4700    0.1000    0.0000    0.0600    0.0000
    0.4400    0.3000    0.0900    0.0400    0.1300    0.0000
    0.2700    0.6100    0.1200    0.0000    0.0000    0.0000
    0.0100    0.0000    0.0000    0.0200    0.0800    0.8900
    0.2100    0.1100    0.0600    0.0000    0.1400    0.4800
    0.5200    0.0100    0.0100    0.0000    0.0000    0.4600
    0.0000    0.3800    0.0100    0.0000    0.0000    0.6100
    0.0000    0.3100    0.0100    0.0000    0.0000    0.6800
    0.3200    0.3400    0.0200    0.0000    0.0100    0.3100
    0.0100    0.4100    0.0000    0.0000    0.0100    0.5700
    0.0000    0.4100    0.0000    0.1300    0.0000    0.4600
    0.0000    0.1800    0.0000    0.2600    0.0100    0.5500
    0.0400    0.4500    0.0000    0.0700    0.0100    0.4300
    0.0000    0.2500    0.0000    0.2500    0.0000    0.5000
    0.3600    0.2000    0.0200    0.0800    0.0000    0.3400
    0.2100    0.0000    0.0000    0.3300    0.0100    0.4500
    0.2500    0.0000    0.0000    0.3100    0.0100    0.4300
    0.1900    0.0000    0.0000    0.3200    0.0100    0.4800
    0.0000    0.6300    0.1000    0.0000    0.0000    0.2700
    0.0000    0.6600    0.0900    0.0000    0.0000    0.2500
    0.0000    0.3300    0.1100    0.0100    0.0000    0.5500
    0.0000    0.6800    0.0900    0.0000    0.0100    0.2200
    0.3500    0.0000    0.0000    0.0100    0.0000    0.6400
    0.0100    0.0000    0.0000    0.3600    0.0000    0.6300
    0.4800    0.0000    0.0100    0.0000    0.1200    0.3900
    0.3900    0.0000    0.0000    0.0200    0.0100    0.5800
    0.4000    0.1700    0.0000    0.0000    0.1200    0.3100
    0.4400    0.2700    0.0000    0.0000    0.1700    0.1200
    0.3400    0.1400    0.0000    0.0000    0.1300    0.3900
    0.3300    0.1200    0.0000    0.0000    0.1300    0.4200
    0.3900    0.0000    0.0000    0.0000    0.2200    0.3900
    0.3900    0.3100    0.0000    0.0000    0.2200    0.0800
    0.4100    0.0000    0.0000    0.0000    0.2500    0.3400
    0.3500    0.0000    0.0000    0.0000    0.2000    0.4500
    0.3300    0.0000    0.0000    0.0000    0.2100    0.4600
    0.3100    0.0000    0.0000    0.0000    0.2000    0.4900
    0.3500    0.0000    0.0000    0.0000    0.2100    0.4400
    0.2000    0.0000    0.0000    0.0000    0.0100    0.7900
    0.5000    0.0000    0.0000    0.0000    0.3000    0.2000
    0.5300    0.0600    0.0000    0.0000    0.3200    0.0900
    0.5300    0.0000    0.0000    0.0000    0.3300    0.1400
    0.4200    0.0000    0.0000    0.0000    0.2700    0.3100
    0.4200    0.0100    0.0000    0.0000    0.1400    0.4300
    0.3900    0.0000    0.0000    0.0000    0.1300    0.4800
    0.4400    0.0000    0.0000    0.0500    0.1300    0.3800
    0.2800    0.0000    0.0000    0.1100    0.0800    0.5300
    0.4200    0.1200    0.0000    0.0000    0.0600    0.4000
    0.4200    0.1100    0.0000    0.0100    0.0700    0.3900
    0.4200    0.1100    0.0000    0.0000    0.0400    0.4300
    0.4500    0.0800    0.0000    0.0000    0.0500    0.4200
    0.4100    0.1400    0.0000    0.0000    0.0700    0.3800
    0.4100    0.1200    0.0000    0.0000    0.0600    0.4100
    0.4200    0.1600    0.0000    0.0000    0.0700    0.3500
    0.4000    0.1300    0.0000    0.0000    0.0800    0.3900
    0.2500    0.0000    0.0000    0.0000    0.0000    0.7500
    0.2700    0.0000    0.0000    0.0000    0.0000    0.7300
    0.2300    0.0000    0.0000    0.0000    0.0000    0.7700
    0.2700    0.0000    0.0000    0.0000    0.1400    0.5900
    0.3000    0.0000    0.0000    0.0000    0.0900    0.6100
    0.3200    0.0100    0.0000    0.0000    0.0900    0.5800
    0.3700    0.3700    0.0000    0.0000    0.1900    0.0700
    0.3800    0.4100    0.0000    0.0100    0.1900    0.0100
    0.3400    0.3600    0.0000    0.0000    0.2000    0.1000
    0.3900    0.2300    0.0000    0.0000    0.0000    0.3800
    0.3700    0.2200    0.0000    0.0100    0.0000    0.4000
    0.4100    0.2100    0.0000    0.0100    0.0000    0.3700
    0.3200    0.1900    0.0000    0.0000    0.0000    0.4900
    0.1500    0.0000    0.0000    0.0000    0.0000    0.8500
    0.1100    0.0000    0.0000    0.0000    0.0000    0.8900
    0.1800    0.0000    0.0000    0.0000    0.0000    0.8200
    0.1300    0.0000    0.0000    0.0000    0.0000    0.8700
    0.0300    0.3600    0.0000    0.0300    0.2200    0.3600
    0.0000    0.4600    0.0000    0.0300    0.3500    0.1600
    0.0000    0.4700    0.0000    0.0600    0.3200    0.1500
    0.1100    0.2300    0.0000    0.0100    0.2500    0.4000
    0.4100    0.0000    0.0000    0.1600    0.1700    0.2600
    0.4100    0.0000    0.0000    0.1600    0.1700    0.2600
    0.4100    0.0000    0.0000    0.1600    0.1700    0.2600
    0.4100    0.0000    0.0000    0.1600    0.1700    0.2600

 Final output data matrix:
        f1        f2        f3
 -454.7535   -1.3662-68112.8155
 -279.9044   -2.1133-51731.0693
 -469.5247   -1.7578-77876.9026
 -440.0426   -1.9634-76654.9118
 -365.6047   -1.2303-62118.0243
 -410.9856   -1.1190-66049.6554
 -136.1656   -0.8962-22268.5639
 -369.0088   -1.3142-61644.3643
 -533.9811   -0.8968-68784.7611
 -442.6768   -0.7257-59416.2131
 -507.4257   -0.9822-66650.9629
 -443.6008   -1.1184-65323.0907
 -489.5899   -1.3294-72483.9913
 -359.3333   -1.7335-60280.1487
 -485.2462   -0.8865-66192.4108
 -228.9585   -0.7284-49588.2084
 -435.6576   -1.1748-60782.1527
 -368.0328   -0.0378-29839.9581
 -558.3333   -1.0147-72324.3305
 -545.1107   -1.0090-76481.1353
 -595.9865   -1.0313-80252.0073
 -577.5167   -1.0272-78299.5278
 -603.0115   -1.0486-79494.8772
 -536.4679   -1.3385-83057.1828
 -380.6202   -1.5761-63939.3838
 -487.9964   -1.6929-74452.7693
 -492.2164   -2.0354-77476.1977
 -483.0457   -1.7036-74331.8675
 -461.0062   -1.5331-68683.9650
 -428.6732   -1.9582-73565.0149
 -420.3458   -1.7501-70958.0370
 -185.7397   -1.9998-39188.2443
 -307.5914   -2.9333-68673.8814
 -248.0791   -0.3369-41639.4837
 -330.4220   -1.6093-58954.7196
 -261.1897   -2.5356-54113.5267
 -374.3907   -2.1313-72005.0906
 -442.1932   -1.6426-73645.0393
 -325.5454   -2.2577-65492.6760
 -407.4563   -1.7142-79298.8675
 -280.7768   -2.0890-55835.4428
 -345.4445   -2.2639-66935.4850
 -337.8766   -1.7123-65225.4544
 -380.5099   -0.6146-47362.4095
 -423.7886   -1.3121-68132.9194
 -412.9137   -0.7221-59055.9302
 -389.7163   -1.2975-60315.7332
 -243.9299   -1.5816-43427.1956
 -418.8166   -1.1219-61444.5239
 -463.1094   -1.4660-81856.9346
 -260.4919   -1.9421-59060.6871
 -461.1271   -1.5697-75813.0466
 -434.9195   -1.9723-80545.7853
 -411.2741   -1.7072-85333.3874
 -593.8157   -1.0758-82484.6477
 -331.6431   -1.2261-62332.4475
 -461.8788   -1.5726-80820.6379
 -386.3988   -1.9098-76223.9832
 -458.6168   -1.3865-78606.8274
 -386.1546   -1.7969-73308.3934
 -420.6757   -1.8963-83069.8760
 -256.3444   -2.2542-53258.3199
 -343.7864   -1.8975-72697.8828
 -317.0968   -1.9236-66141.3310
 -405.5608   -1.9380-81223.2023
 -579.2708   -1.0437-87100.5169
 -297.2664   -2.2664-61771.9743
 -230.0024   -1.7750-53153.7094
 -296.3126   -0.8946-60049.3899
 -625.1337   -1.1253-94708.7918
 -559.4404   -1.5604-98460.5528
 -350.2734   -2.6724-74202.1381
 -483.8073   -1.5770-91455.1658
 -333.6048   -1.8340-67470.0844
 -401.3639   -1.5176-75081.6898
 -339.8147   -1.1731-68370.6235
 -619.8270   -1.3159-92324.8900
 -456.6095   -1.0320-73399.8497
 -527.1160   -1.2052-80673.3135
 -182.0132   -2.1459-33836.3245
 -299.4935   -1.9115-62779.5207
 -342.4831   -1.8084-73190.6083
 -292.5484   -2.1003-64376.6034
 -284.1961   -2.0337-60695.8700
 -418.6794   -1.5121-75788.0791
 -272.5130   -1.9527-60034.6655
 -324.9663   -1.9969-65021.8788
 -361.4059   -2.0913-69395.5054
 -310.1195   -1.9192-61302.0228
 -321.0298   -2.0199-62665.9535
 -408.2643   -1.5818-76317.7672
 -398.2560   -1.9114-74552.8783
 -437.9660   -1.8110-79745.2693
 -402.9772   -1.8842-75747.1961
 -367.7646   -1.7661-65605.9795
 -392.9406   -1.8913-69484.2021
 -317.1051   -2.1952-63761.7220
 -355.6015   -1.8014-64450.3268
 -438.2688   -2.1205-87348.6010
 -334.7339   -2.0407-65124.3183
 -514.0293   -1.5443-93643.6527
 -526.1093   -1.9176-98663.7705
 -555.0826   -1.4101-91162.3449
 -653.9760   -1.1215-96005.8355
 -613.3157   -1.3545-102903.8092
 -574.5688   -1.4762-99854.6710
 -596.1996   -1.5851-97568.0584
 -673.8733   -1.3085-96609.9429
 -570.9253   -1.5720-97057.6408
 -453.6160   -1.8559-85374.7271
 -512.3685   -1.7799-93175.9066
 -384.8236   -1.8510-77997.5467
 -536.0149   -1.7113-96497.9814
 -289.9712   -1.9717-66399.4183
 -596.7186   -0.9982-92484.7776
 -390.5278   -0.8869-64360.6166
 -429.9865   -0.7968-68899.7837
 -397.0291   -1.0850-76450.3138
 -413.4216   -1.7276-80202.5821
 -512.4700   -1.6664-92116.8858
 -627.3105   -1.5880-103558.9154
 -459.2870   -1.8760-85164.1567
 -489.1206   -1.8652-89171.2803
 -523.3253   -1.8184-92589.2154
 -483.7090   -2.0071-89596.8710
 -506.5947   -1.8726-91082.8276
 -414.5373   -1.4395-76845.5530
 -497.6451   -1.5944-86257.9869
 -387.4478   -1.5175-74536.3039
 -605.3055   -1.7013-100894.6560
 -330.1772   -2.3875-72121.0094
 -430.6648   -2.0605-85776.8507
 -379.2996   -1.2350-79505.9871
 -373.9609   -1.7620-76874.3459
 -304.9460   -1.8920-67570.8658
 -474.1479   -1.6447-89096.7259
 -697.1304   -1.0954-95259.3377
 -631.9917   -1.0162-84624.4465
 -558.3350   -1.1524-81235.4409
 -500.0071   -1.6765-86776.1337
 -502.4466   -1.6487-86185.4611
 -497.5673   -1.6842-87186.3665
 -464.8064   -1.9485-85123.7213
 -230.9656   -2.1941-42770.3205
 -298.7214   -2.0758-62599.7659
 -411.9961   -2.4700-81011.7887
 -344.5861   -2.1419-69445.9723
 -398.4218   -1.2656-72927.4257
 -386.4135   -0.7346-58533.7851
 -462.8592   -0.8218-69546.7524
 -500.1382   -0.9135-86787.5940
 -525.7647   -1.1954-94816.2450
 -525.7647   -1.1954-94816.2450
 -525.7647   -1.1954-94816.2450
 -525.7647   -1.1954-94816.2450

 Input data matrix of corresponding Pareto front:
        x1        x2        x3        x4        x5        x6
    0.0000    0.3900    0.1300    0.0700    0.0300    0.3800
    0.0000    0.0000    0.0000    0.0000    0.0000    1.0000
    0.0000    0.0000    0.0000    0.0200    0.0000    0.9800
    0.3500    0.0000    0.0000    0.0100    0.0000    0.6400
    0.3900    0.0000    0.0000    0.0200    0.0100    0.5800
    0.3900    0.3100    0.0000    0.0000    0.2200    0.0800
    0.3500    0.0000    0.0000    0.0000    0.2100    0.4400
    0.4400    0.0000    0.0000    0.0500    0.1300    0.3800
    0.4200    0.1100    0.0000    0.0000    0.0400    0.4300
    0.4000    0.1300    0.0000    0.0000    0.0800    0.3900
    0.3700    0.3700    0.0000    0.0000    0.1900    0.0700
    0.1800    0.0000    0.0000    0.0000    0.0000    0.8200

 Output data matrix of corresponding Pareto front:
        f1        f2        f3
 -492.2164   -2.0354-77476.1977
 -307.5914   -2.9333-68673.8814
 -350.2734   -2.6724-74202.1381
 -438.2688   -2.1205-87348.6010
 -526.1093   -1.9176-98663.7705
 -673.8733   -1.3085-96609.9429
 -536.0149   -1.7113-96497.9814
 -627.3105   -1.5880-103558.9154
 -483.7090   -2.0071-89596.8710
 -605.3055   -1.7013-100894.6560
 -697.1304   -1.0954-95259.3377
 -411.9961   -2.4700-81011.7887

 Input data matrix of Pareto front of final Gaussian process model:
        x1        x2        x3        x4        x5        x6
    0.3620    0.4215    0.0000    0.0104    0.1727    0.0334
    0.4140    0.0203    0.0000    0.0117    0.1887    0.3653
    0.4231    0.3482    0.0000    0.0110    0.1837    0.0341
    0.0244    0.0077    0.0000    0.0159    0.0098    0.9423
    0.0243    0.0076    0.0000    0.0284    0.0013    0.9384
    0.2646    0.0922    0.0000    0.0340    0.0018    0.6073
    0.1127    0.0202    0.0000    0.0264    0.0025    0.8381
    0.3069    0.0951    0.0000    0.0043    0.0024    0.5913
    0.0554    0.0078    0.0000    0.0151    0.0091    0.9127
    0.3654    0.0639    0.0000    0.0033    0.1242    0.4431
    0.3101    0.1389    0.0000    0.0105    0.0000    0.5406
    0.0343    0.0080    0.0000    0.0252    0.0091    0.9234
    0.0980    0.0000    0.0000    0.0237    0.0058    0.8726
    0.2556    0.0049    0.0000    0.1328    0.0000    0.6067
    0.2984    0.1336    0.0000    0.0081    0.0040    0.5560
    0.2761    0.1156    0.0000    0.0110    0.0041    0.5931
    0.2288    0.1206    0.0000    0.0351    0.0020    0.6136
    0.1318    0.1272    0.0000    0.1502    0.0019    0.5889
    0.3824    0.3147    0.0000    0.0099    0.1227    0.1703
    0.0677    0.0069    0.0000    0.0216    0.0078    0.8960
    0.0801    0.1080    0.0000    0.1748    0.0000    0.6370
    0.0399    0.2177    0.0000    0.1619    0.0005    0.5800
    0.0864    0.1558    0.0000    0.1680    0.0031    0.5867
    0.0833    0.0083    0.0000    0.0261    0.0000    0.8823
    0.3452    0.3266    0.0000    0.0051    0.1343    0.1888
    0.3479    0.2670    0.0000    0.0089    0.1107    0.2655
    0.3364    0.2582    0.0000    0.0087    0.1400    0.2568
    0.3405    0.1262    0.0000    0.0031    0.0051    0.5251
    0.0825    0.0077    0.0000    0.0115    0.0087    0.8897
    0.2138    0.1256    0.0000    0.0120    0.0045    0.6442
    0.2912    0.0670    0.0000    0.0119    0.0044    0.6255
    0.3538    0.0618    0.0000    0.0032    0.1202    0.4610
    0.3667    0.3875    0.0000    0.0054    0.1294    0.1110
    0.3596    0.0583    0.0000    0.0056    0.0787    0.4978
    0.2989    0.0737    0.0000    0.0189    0.0521    0.5564
    0.0690    0.0070    0.0000    0.0063    0.0079    0.9098
    0.3769    0.1447    0.0000    0.0116    0.1714    0.2953
    0.3835    0.4050    0.0000    0.0116    0.1237    0.0762
    0.1025    0.2008    0.0000    0.0784    0.0005    0.6178
    0.1261    0.0932    0.0000    0.1082    0.0020    0.6705
    0.1752    0.0557    0.0000    0.1641    0.0000    0.6050
    0.4395    0.3197    0.0000    0.0073    0.1434    0.0900
    0.3627    0.4973    0.0000    0.0056    0.0419    0.0925
    0.1117    0.0107    0.0000    0.0249    0.0012    0.8515
    0.0587    0.2259    0.0000    0.1131    0.0005    0.6018
    0.0344    0.1453    0.0000    0.2035    0.0004    0.6164
    0.1913    0.1172    0.0000    0.0864    0.0042    0.6009
    0.3975    0.3831    0.0000    0.0106    0.1761    0.0327
    0.1463    0.0081    0.0000    0.0072    0.0082    0.8302
    0.3463    0.0605    0.0000    0.0032    0.1176    0.4724
    0.2948    0.5444    0.0000    0.0058    0.1161    0.0388
    0.1836    0.0584    0.0000    0.1537    0.0000    0.6043
    0.3183    0.4640    0.0000    0.0106    0.1123    0.0948
    0.3374    0.2903    0.0000    0.0026    0.0797    0.2900
    0.3967    0.0029    0.0000    0.0018    0.0943    0.5044
    0.3823    0.4833    0.0000    0.0002    0.0904    0.0439
    0.1409    0.1361    0.0000    0.0822    0.0111    0.6298
    0.1041    0.0074    0.0000    0.0143    0.0087    0.8656
    0.4112    0.1055    0.0000    0.0068    0.0723    0.4042
    0.3979    0.2894    0.0000    0.0119    0.0775    0.2233
    0.1334    0.1877    0.0000    0.1009    0.0005    0.5775
    0.3475    0.1591    0.0000    0.0024    0.1026    0.3883
    0.3535    0.2945    0.0000    0.0027    0.1186    0.2307
    0.1745    0.0764    0.0000    0.1723    0.0020    0.5748
    0.3580    0.1639    0.0000    0.0046    0.1346    0.3389
    0.2313    0.0726    0.0000    0.1009    0.0004    0.5948
    0.3491    0.2904    0.0000    0.0086    0.0838    0.2681
    0.0255    0.0105    0.0000    0.0194    0.0126    0.9320
    0.3654    0.1611    0.0000    0.0112    0.1484    0.3139
    0.1296    0.1276    0.0000    0.0947    0.0003    0.6478
    0.3560    0.3088    0.0000    0.0028    0.1203    0.2122
    0.3439    0.0507    0.0000    0.0031    0.1140    0.4883
    0.4032    0.0209    0.0000    0.0109    0.1792    0.3857
    0.1031    0.0212    0.0000    0.0081    0.0108    0.8567
    0.2025    0.0972    0.0000    0.0341    0.0000    0.6663
    0.3533    0.1618    0.0000    0.0024    0.0878    0.3947
    0.3577    0.1540    0.0000    0.0107    0.1333    0.3443
    0.3646    0.4610    0.0000    0.0002    0.0670    0.1072
    0.4645    0.2463    0.0000    0.0107    0.1700    0.1086
    0.1344    0.0110    0.0000    0.0346    0.0000    0.8200
    0.4481    0.2730    0.0000    0.0102    0.1640    0.1048
    0.3398    0.1492    0.0000    0.0029    0.0139    0.4942
    0.1998    0.1174    0.0000    0.0764    0.0042    0.6022
    0.3430    0.1249    0.0000    0.0097    0.1881    0.3343
    0.3495    0.1987    0.0000    0.0020    0.1961    0.2536
    0.4153    0.1917    0.0000    0.0043    0.1615    0.2272
    0.3835    0.0278    0.0000    0.0112    0.1832    0.3944
    0.3737    0.0606    0.0000    0.0058    0.0818    0.4781
    0.3289    0.4967    0.0000    0.0054    0.0805    0.0886
    0.3439    0.1574    0.0000    0.0024    0.1121    0.3842
    0.3566    0.1321    0.0000    0.0108    0.0247    0.4758
    0.3322    0.4887    0.0000    0.0055    0.0826    0.0909
    0.4107    0.1896    0.0000    0.0043    0.1597    0.2357
    0.3937    0.2319    0.0000    0.0053    0.1534    0.2157
    0.3110    0.1848    0.0000    0.0048    0.0046    0.4947
    0.3641    0.0303    0.0000    0.0114    0.1897    0.4045
    0.2890    0.1326    0.0000    0.0109    0.0568    0.5107
    0.3706    0.0806    0.0000    0.0064    0.1491    0.3934
    0.3049    0.0416    0.0000    0.0223    0.0902    0.5410
    0.3402    0.0960    0.0000    0.0076    0.0658    0.4904

 Output data matrix of Pareto front of final Gaussian process model:
        f1        f2        f3
 -608.6464   -0.9649-84246.6506
 -516.4955   -1.4893-94201.3514
 -603.0828   -0.9193-85204.1997
 -297.2568   -2.4539-58335.8901
 -296.8720   -2.4476-58754.0216
 -388.5805   -2.0161-79332.9366
 -313.7718   -2.1895-64565.4291
 -405.9591   -1.9842-81509.5430
 -301.0417   -2.3610-59850.4221
 -488.9611   -1.7028-91753.7678
 -419.3331   -1.9580-82235.2866
 -298.6093   -2.3995-59000.1838
 -308.8111   -2.2493-62637.9907
 -375.1325   -2.0266-78280.6011
 -414.0082   -1.9698-81777.6120
 -398.5058   -1.9990-80274.6913
 -378.1745   -2.0351-77441.0517
 -347.9495   -2.0904-71507.2894
 -572.0984   -1.1742-88907.9965
 -303.2115   -2.3155-60732.9523
 -326.9852   -2.1396-67915.3984
 -330.5223   -2.1276-67305.9881
 -337.5414   -2.1117-69074.6334
 -305.2191   -2.2828-61937.5659
 -567.7352   -1.2107-89287.7961
 -540.9489   -1.3869-90224.7752
 -546.9691   -1.3386-90970.8470
 -431.8083   -1.9264-83638.7639
 -305.7887   -2.2929-61457.4026
 -370.2950   -2.0398-76190.0385
 -393.2709   -1.9999-80338.6723
 -481.6306   -1.7356-91045.0605
 -588.9100   -1.0826-86727.3867
 -462.0187   -1.8209-88528.3892
 -425.7775   -1.9243-83906.3648
 -302.7006   -2.3470-60424.5447
 -538.9345   -1.3727-93234.6084
 -595.7188   -1.0352-85306.7027
 -341.1443   -2.1011-70444.5478
 -334.7637   -2.1101-70048.8362
 -353.4460   -2.0753-73439.1512
 -588.9830   -1.0039-87159.7390
 -574.2920   -1.1498-81058.3516
 -312.1999   -2.2098-64086.6014
 -332.8327   -2.1205-68393.5248
 -322.0169   -2.1582-66157.0981
 -366.5053   -2.0567-75321.2065
 -607.1516   -0.9412-84877.4890
 -322.6411   -2.1516-66501.0937
 -476.7829   -1.7554-90544.2404
 -593.6381   -1.0657-81068.8294
 -356.4856   -2.0704-74052.2368
 -584.7149   -1.1016-83987.9684
 -526.6300   -1.4740-88686.9022
 -466.6835   -1.7953-89945.9608
 -598.6636   -1.0507-82596.5162
 -349.6331   -2.0817-72138.3234
 -310.9433   -2.2321-63114.9626
 -492.1915   -1.6820-89992.9592
 -548.8055   -1.3203-88328.1272
 -354.7293   -2.0761-72404.5756
 -501.2871   -1.6407-90743.5452
 -554.3449   -1.3073-90081.0961
 -359.2196   -2.0585-73762.8761
 -522.9657   -1.5095-92433.1027
 -375.5386   -2.0385-77406.3957
 -534.8827   -1.4208-88825.8048
 -297.9133   -2.4252-58488.7338
 -531.6523   -1.4409-92779.5422
 -340.1681   -2.1042-70919.3912
 -560.2436   -1.2681-89727.3089
 -470.8741   -1.7788-90039.7121
 -511.0999   -1.5401-94121.7487
 -312.0225   -2.2176-63378.9586
 -359.1507   -2.0582-74833.4666
 -496.7317   -1.6662-90055.0200
 -520.0332   -1.5215-92314.4557
 -578.4871   -1.1479-83391.7445
 -578.3496   -0.9830-88092.3287
 -318.9977   -2.1549-66244.0234
 -583.5353   -0.9926-88001.0711
 -443.6382   -1.8881-84425.7018
 -369.4615   -2.0514-75859.3611
 -526.2315   -1.4417-92995.7102
 -552.6238   -1.2627-92140.3195
 -557.9428   -1.2319-92182.9951
 -508.8338   -1.5555-93896.2933
 -470.0899   -1.7907-89318.7785
 -581.2102   -1.1252-82436.4568
 -504.0098   -1.6240-91134.2695
 -453.5234   -1.8510-85627.5518
 -581.7341   -1.1240-82751.8921
