
 TSEMO log file created on 03-Mar-2020 

 This file shows the initial specifications of TSEMO and logs the output.
 ¯¯¯¯¯¯¯¯¯¯¯¯¯¯¯¯¯¯¯¯¯¯¯¯¯¯¯¯¯¯¯¯¯¯¯¯¯¯¯¯¯¯¯¯¯¯¯¯¯¯¯¯¯¯¯¯¯¯¯¯¯¯¯¯¯¯¯¯¯¯¯¯¯¯¯¯¯¯¯¯¯¯¯¯¯¯¯¯¯¯¯¯¯¯¯¯¯¯¯¯¯¯
 License information 

 BSD 2-Clause License 

 Copyright (c) 2017, Eric Bradford, Artur M. Schweidtmann and Alexei Lapkin
 All rights reserved. 

 Redistribution and use in source and binary forms, with or without
 modification, are permitted provided that the following conditions are met: 

 *Redistributions of source code must retain the above copyright notice, this   
  list of conditions and the following disclaimer. 

 *Redistributions in binary form must reproduce the above copyright notice,   
  this list of conditions and the following disclaimer in the documentation   
  and/or other materials provided with the distribution. 

 Modified by Mina Konakovic Lukovic 2019. 

 ¯¯¯¯¯¯¯¯¯¯¯¯¯¯¯¯¯¯¯¯¯¯¯¯¯¯¯¯¯¯¯¯¯¯¯¯¯¯¯¯¯¯¯¯¯¯¯¯¯¯¯¯¯¯¯¯¯¯¯¯¯¯¯¯¯¯¯¯¯¯¯¯¯¯¯¯¯¯¯¯¯¯¯¯¯¯¯¯¯¯¯¯¯¯¯¯¯¯¯¯¯¯
 Problem specifications 

 Function used:   consta 

 Number of inputs:   6
 Number of outputs:  3 

 Lower bounds of decision variables:
      x1      x2      x3      x4      x5      x6
  0.0000  0.0000  0.0000  0.0000  0.0000  0.0000
 
 Upper bounds of decision variables:
      x1      x2      x3      x4      x5      x6
  1.0000  1.0000  0.5000  1.0000  1.0000  1.0000
 ¯¯¯¯¯¯¯¯¯¯¯¯¯¯¯¯¯¯¯¯¯¯¯¯¯¯¯¯¯¯¯¯¯¯¯¯¯¯¯¯¯¯¯¯¯¯¯¯¯¯¯¯¯¯¯¯¯¯¯¯¯¯¯¯¯¯¯¯¯¯¯¯¯¯¯¯¯¯¯¯¯¯¯¯¯¯¯¯¯¯¯¯¯¯¯¯¯¯¯¯¯¯
 Algorithm options 

 Maximum number of function evaluations:  4
 Sample batch size:                       4
 Number of algorithm iterations:          1 

 Genetic algorithm population size:        200
 Genetic algorithm number of generations:  200 

                                               f1      f2      f3
 Number of spectral sampling points:         4000    4000    4000
 Type of matern function:                       5       5       5
 Direct evaluations per input dimension:      200     200     200
 ¯¯¯¯¯¯¯¯¯¯¯¯¯¯¯¯¯¯¯¯¯¯¯¯¯¯¯¯¯¯¯¯¯¯¯¯¯¯¯¯¯¯¯¯¯¯¯¯¯¯¯¯¯¯¯¯¯¯¯¯¯¯¯¯¯¯¯¯¯¯¯¯¯¯¯¯¯¯¯¯¯¯¯¯¯¯¯¯¯¯¯¯¯¯¯¯¯¯¯¯¯¯
 Initial data set 

 Number of initial data points:  127 

 Initial input data matrix:
      x1      x2      x3      x4      x5      x6
  0.3200  0.1300  0.0500  0.2100  0.0400  0.2500
  0.0000  0.1800  0.2100  0.2800  0.2000  0.1300
  0.0000  0.0200  0.3800  0.0400  0.2900  0.2700
  0.1900  0.3000  0.1000  0.0600  0.0700  0.2800
  0.0800  0.1600  0.1400  0.0400  0.1900  0.3900
  0.3400  0.0600  0.2300  0.1600  0.1900  0.0200
  0.1400  0.1000  0.0700  0.2000  0.2700  0.2200
  0.0700  0.0700  0.3200  0.2100  0.0300  0.3000
  0.0200  0.0100  0.2700  0.1300  0.4900  0.0800
  0.0900  0.3200  0.0300  0.1300  0.3700  0.0600
  0.0800  0.2100  0.0200  0.0000  0.6100  0.0800
  0.0900  0.3200  0.0400  0.2100  0.1700  0.1700
  0.1400  0.3000  0.0700  0.1000  0.2500  0.1400
  0.0400  0.1700  0.0700  0.2200  0.2400  0.2600
  0.1700  0.1500  0.2800  0.2900  0.0000  0.1100
  0.1000  0.1400  0.1400  0.2600  0.2700  0.0900
  1.0000  0.0000  0.0000  0.0000  0.0000  0.0000
  0.0000  1.0000  0.0000  0.0000  0.0000  0.0000
  0.0000  0.0000  0.0000  1.0000  0.0000  0.0000
  0.6000  0.4000  0.0000  0.0000  0.0000  0.0000
  0.5500  0.4500  0.0000  0.0000  0.0000  0.0000
  0.5000  0.5000  0.0000  0.0000  0.0000  0.0000
  0.4500  0.5500  0.0000  0.0000  0.0000  0.0000
  0.4000  0.6000  0.0000  0.0000  0.0000  0.0000
  0.2700  0.4400  0.0900  0.0400  0.0800  0.0800
  0.0400  0.1900  0.3600  0.2000  0.1200  0.0900
  0.0000  0.5900  0.0000  0.0800  0.0800  0.2500
  0.0000  0.3900  0.1300  0.0700  0.0300  0.3800
  0.0100  0.5100  0.0000  0.1000  0.0200  0.3600
  0.0100  0.6200  0.0100  0.0300  0.1000  0.2300
  0.0600  0.3000  0.4100  0.0100  0.0100  0.2100
  0.0800  0.3200  0.5000  0.0700  0.0200  0.0100
  0.1500  0.2800  0.2500  0.0100  0.0600  0.2500
  0.0000  0.0000  0.0000  0.0000  0.0000  1.0000
  0.0000  0.0000  0.0000  0.0000  1.0000  0.0000
  0.0200  0.1100  0.0000  0.5000  0.0300  0.3400
  0.0100  0.1900  0.0000  0.0000  0.0000  0.8000
  0.0100  0.3900  0.0000  0.0200  0.0100  0.5700
  0.1800  0.1200  0.0000  0.3600  0.0000  0.3400
  0.0100  0.0000  0.1300  0.2500  0.0000  0.6100
  0.3200  0.0000  0.1200  0.0100  0.0000  0.5500
  0.0100  0.1500  0.1000  0.2100  0.0000  0.5300
  0.0100  0.0000  0.1500  0.2500  0.0000  0.5900
  0.1500  0.4500  0.0400  0.0300  0.0100  0.3200
  0.0500  0.3200  0.0000  0.5700  0.0600  0.0000
  0.3100  0.5200  0.0000  0.0800  0.0200  0.0700
  0.1500  0.0400  0.1300  0.6700  0.0100  0.0000
  0.0000  0.2100  0.2000  0.5800  0.0100  0.0000
  0.0000  0.0100  0.2800  0.6700  0.0100  0.0300
  0.0100  0.2800  0.1100  0.4600  0.1100  0.0300
  0.4900  0.0600  0.0000  0.1400  0.0200  0.2900
  0.1400  0.0000  0.0700  0.0100  0.0100  0.7700
  0.0300  0.5800  0.1800  0.0400  0.1000  0.0700
  0.0000  0.3100  0.0100  0.0200  0.1500  0.5100
  0.2500  0.0100  0.0100  0.0400  0.1300  0.5600
  0.2900  0.4500  0.0600  0.0800  0.1200  0.0000
  0.0200  0.0100  0.1600  0.0100  0.5000  0.3000
  0.0200  0.2400  0.0000  0.0300  0.2600  0.4500
  0.0000  0.0100  0.0000  0.0100  0.2700  0.7100
  0.0900  0.0200  0.0000  0.0600  0.4000  0.4300
  0.0000  0.1600  0.0000  0.0000  0.2500  0.5900
  0.3200  0.0900  0.0200  0.0100  0.0100  0.5500
  0.0000  0.0800  0.1300  0.0000  0.1100  0.6800
  0.3900  0.0100  0.0300  0.0000  0.0000  0.5700
  0.2600  0.1800  0.0200  0.0100  0.0100  0.5200
  0.2000  0.1600  0.0000  0.0000  0.0000  0.6400
  0.5100  0.3100  0.0700  0.0100  0.0100  0.0900
  0.1400  0.1700  0.0200  0.0000  0.0000  0.6700
  0.0000  0.0300  0.0200  0.2100  0.3200  0.4200
  0.5700  0.0000  0.1100  0.0100  0.1000  0.2100
  0.5100  0.2500  0.1000  0.0200  0.1200  0.0000
  0.5100  0.0100  0.0700  0.0200  0.1100  0.2800
  0.0000  0.0000  0.0000  0.0200  0.0000  0.9800
  0.6000  0.0000  0.0300  0.0000  0.0200  0.3500
  0.3400  0.0000  0.1100  0.0100  0.0600  0.4800
  0.4400  0.1100  0.1100  0.0000  0.0600  0.2800
  0.6600  0.0000  0.0800  0.0000  0.0000  0.2600
  0.3700  0.4700  0.1000  0.0000  0.0600  0.0000
  0.4400  0.3000  0.0900  0.0400  0.1300  0.0000
  0.2700  0.6100  0.1200  0.0000  0.0000  0.0000
  0.0100  0.0000  0.0000  0.0200  0.0800  0.8900
  0.2100  0.1100  0.0600  0.0000  0.1400  0.4800
  0.5200  0.0100  0.0100  0.0000  0.0000  0.4600
  0.0000  0.3800  0.0100  0.0000  0.0000  0.6100
  0.0000  0.3100  0.0100  0.0000  0.0000  0.6800
  0.3200  0.3400  0.0200  0.0000  0.0100  0.3100
  0.0100  0.4100  0.0000  0.0000  0.0100  0.5700
  0.0000  0.4100  0.0000  0.1300  0.0000  0.4600
  0.0000  0.1800  0.0000  0.2600  0.0100  0.5500
  0.0400  0.4500  0.0000  0.0700  0.0100  0.4300
  0.0000  0.2500  0.0000  0.2500  0.0000  0.5000
  0.3600  0.2000  0.0200  0.0800  0.0000  0.3400
  0.2100  0.0000  0.0000  0.3300  0.0100  0.4500
  0.2500  0.0000  0.0000  0.3100  0.0100  0.4300
  0.1900  0.0000  0.0000  0.3200  0.0100  0.4800
  0.0000  0.6300  0.1000  0.0000  0.0000  0.2700
  0.0000  0.6600  0.0900  0.0000  0.0000  0.2500
  0.0000  0.3300  0.1100  0.0100  0.0000  0.5500
  0.0000  0.6800  0.0900  0.0000  0.0100  0.2200
  0.3500  0.0000  0.0000  0.0100  0.0000  0.6400
  0.0100  0.0000  0.0000  0.3600  0.0000  0.6300
  0.4800  0.0000  0.0100  0.0000  0.1200  0.3900
  0.3900  0.0000  0.0000  0.0200  0.0100  0.5800
  0.4000  0.1700  0.0000  0.0000  0.1200  0.3100
  0.4400  0.2700  0.0000  0.0000  0.1700  0.1200
  0.3400  0.1400  0.0000  0.0000  0.1300  0.3900
  0.3300  0.1200  0.0000  0.0000  0.1300  0.4200
  0.3900  0.0000  0.0000  0.0000  0.2200  0.3900
  0.3900  0.3100  0.0000  0.0000  0.2200  0.0800
  0.4100  0.0000  0.0000  0.0000  0.2500  0.3400
  0.3500  0.0000  0.0000  0.0000  0.2000  0.4500
  0.3300  0.0000  0.0000  0.0000  0.2100  0.4600
  0.3100  0.0000  0.0000  0.0000  0.2000  0.4900
  0.3500  0.0000  0.0000  0.0000  0.2100  0.4400
  0.2000  0.0000  0.0000  0.0000  0.0100  0.7900
  0.5000  0.0000  0.0000  0.0000  0.3000  0.2000
  0.5300  0.0600  0.0000  0.0000  0.3200  0.0900
  0.5300  0.0000  0.0000  0.0000  0.3300  0.1400
  0.4200  0.0000  0.0000  0.0000  0.2700  0.3100
  0.4200  0.0100  0.0000  0.0000  0.1400  0.4300
  0.3900  0.0000  0.0000  0.0000  0.1300  0.4800
  0.4400  0.0000  0.0000  0.0500  0.1300  0.3800
  0.2800  0.0000  0.0000  0.1100  0.0800  0.5300
  0.4200  0.1200  0.0000  0.0000  0.0600  0.4000
  0.4200  0.1100  0.0000  0.0100  0.0700  0.3900
  0.4200  0.1100  0.0000  0.0000  0.0400  0.4300
  0.4500  0.0800  0.0000  0.0000  0.0500  0.4200

 Initial output data matrix:
      f1      f2      f3
-477.3645 -1.2974-78049.1925
-454.7535 -1.3662-68112.8155
-279.9044 -2.1133-51731.0693
-469.5247 -1.7578-77876.9026
-440.0426 -1.9634-76654.9118
-365.6047 -1.2303-62118.0243
-410.9856 -1.1190-66049.6554
-136.1656 -0.8962-22268.5639
-369.0088 -1.3142-61644.3643
-533.9811 -0.8968-68784.7611
-442.6768 -0.7257-59416.2131
-507.4257 -0.9822-66650.9629
-443.6008 -1.1184-65323.0907
-489.5899 -1.3294-72483.9913
-359.3333 -1.7335-60280.1487
-485.2462 -0.8865-66192.4108
-228.9585 -0.7284-49588.2084
-435.6576 -1.1748-60782.1527
-368.0328 -0.0378-29839.9581
-558.3333 -1.0147-72324.3305
-545.1107 -1.0090-76481.1353
-595.9865 -1.0313-80252.0073
-577.5167 -1.0272-78299.5278
-603.0115 -1.0486-79494.8772
-536.4679 -1.3385-83057.1828
-380.6202 -1.5761-63939.3838
-487.9964 -1.6929-74452.7693
-492.2164 -2.0354-77476.1977
-483.0457 -1.7036-74331.8675
-461.0062 -1.5331-68683.9650
-428.6732 -1.9582-73565.0149
-420.3458 -1.7501-70958.0370
-185.7397 -1.9998-39188.2443
-307.5914 -2.9333-68673.8814
-248.0791 -0.3369-41639.4837
-330.4220 -1.6093-58954.7196
-261.1897 -2.5356-54113.5267
-374.3907 -2.1313-72005.0906
-442.1932 -1.6426-73645.0393
-325.5454 -2.2577-65492.6760
-407.4563 -1.7142-79298.8675
-280.7768 -2.0890-55835.4428
-345.4445 -2.2639-66935.4850
-337.8766 -1.7123-65225.4544
-380.5099 -0.6146-47362.4095
-423.7886 -1.3121-68132.9194
-412.9137 -0.7221-59055.9302
-389.7163 -1.2975-60315.7332
-243.9299 -1.5816-43427.1956
-418.8166 -1.1219-61444.5239
-463.1094 -1.4660-81856.9346
-260.4919 -1.9421-59060.6871
-461.1271 -1.5697-75813.0466
-434.9195 -1.9723-80545.7853
-411.2741 -1.7072-85333.3874
-593.8157 -1.0758-82484.6477
-331.6431 -1.2261-62332.4475
-461.8788 -1.5726-80820.6379
-386.3988 -1.9098-76223.9832
-458.6168 -1.3865-78606.8274
-386.1546 -1.7969-73308.3934
-420.6757 -1.8963-83069.8760
-256.3444 -2.2542-53258.3199
-343.7864 -1.8975-72697.8828
-317.0968 -1.9236-66141.3310
-405.5608 -1.9380-81223.2023
-579.2708 -1.0437-87100.5169
-297.2664 -2.2664-61771.9743
-230.0024 -1.7750-53153.7094
-296.3126 -0.8946-60049.3899
-625.1337 -1.1253-94708.7918
-559.4404 -1.5604-98460.5528
-350.2734 -2.6724-74202.1381
-483.8073 -1.5770-91455.1658
-333.6048 -1.8340-67470.0844
-401.3639 -1.5176-75081.6898
-339.8147 -1.1731-68370.6235
-619.8270 -1.3159-92324.8900
-456.6095 -1.0320-73399.8497
-527.1160 -1.2052-80673.3135
-182.0132 -2.1459-33836.3245
-299.4935 -1.9115-62779.5207
-342.4831 -1.8084-73190.6083
-292.5484 -2.1003-64376.6034
-284.1961 -2.0337-60695.8700
-418.6794 -1.5121-75788.0791
-272.5130 -1.9527-60034.6655
-324.9663 -1.9969-65021.8788
-361.4059 -2.0913-69395.5054
-310.1195 -1.9192-61302.0228
-321.0298 -2.0199-62665.9535
-408.2643 -1.5818-76317.7672
-398.2560 -1.9114-74552.8783
-437.9660 -1.8110-79745.2693
-402.9772 -1.8842-75747.1961
-367.7646 -1.7661-65605.9795
-392.9406 -1.8913-69484.2021
-317.1051 -2.1952-63761.7220
-355.6015 -1.8014-64450.3268
-438.2688 -2.1205-87348.6010
-334.7339 -2.0407-65124.3183
-514.0293 -1.5443-93643.6527
-526.1093 -1.9176-98663.7705
-555.0826 -1.4101-91162.3449
-653.9760 -1.1215-96005.8355
-613.3157 -1.3545-102903.8092
-574.5688 -1.4762-99854.6710
-596.1996 -1.5851-97568.0584
-673.8733 -1.3085-96609.9429
-570.9253 -1.5720-97057.6408
-453.6160 -1.8559-85374.7271
-512.3685 -1.7799-93175.9066
-384.8236 -1.8510-77997.5467
-536.0149 -1.7113-96497.9814
-289.9712 -1.9717-66399.4183
-596.7186 -0.9982-92484.7776
-390.5278 -0.8869-64360.6166
-429.9865 -0.7968-68899.7837
-397.0291 -1.0850-76450.3138
-413.4216 -1.7276-80202.5821
-512.4700 -1.6664-92116.8858
-627.3105 -1.5880-103558.9154
-459.2870 -1.8760-85164.1567
-489.1206 -1.8652-89171.2803
-523.3253 -1.8184-92589.2154
-483.7090 -2.0071-89596.8710
-506.5947 -1.8726-91082.8276

 ¯¯¯¯¯¯¯¯¯¯¯¯¯¯¯¯¯¯¯¯¯¯¯¯¯¯¯¯¯¯¯¯¯¯¯¯¯¯¯¯¯¯¯¯¯¯¯¯¯¯¯¯¯¯¯¯¯¯¯¯¯¯¯¯¯¯¯¯¯¯¯¯¯¯¯¯¯¯¯¯¯¯¯¯¯¯¯¯¯¯¯¯¯¯¯¯¯¯¯¯¯¯
 Algorithm iteration 1 

 Predicted hypervolume improvement:    0.0585
 Time taken:   53.8683 

 Proposed evaluation point(s): 
      x1      x2      x3      x4      x5      x6
  0.3800  0.4100  0.0000  0.0000  0.1900  0.0200
  0.3600  0.4300  0.0000  0.0000  0.1900  0.0200
  0.3700  0.4400  0.0000  0.0000  0.1900  0.0000
  0.3800  0.4200  0.0000  0.0000  0.1700  0.0300

 Corresponding observation(s): 
      f1      f2      f3
-684.9955 -1.0183-89060.6265
-683.7791 -1.0337-88968.0985
-691.3912 -0.9798-87769.9503
-677.9588 -1.0626-90065.5846

 ¯¯¯¯¯¯¯¯¯¯¯¯¯¯¯¯¯¯¯¯¯¯¯¯¯¯¯¯¯¯¯¯¯¯¯¯¯¯¯¯¯¯¯¯¯¯¯¯¯¯¯¯¯¯¯¯¯¯¯¯¯¯¯¯¯¯¯¯¯¯¯¯¯¯¯¯¯¯¯¯¯¯¯¯¯¯¯¯¯¯¯¯¯¯¯¯¯¯¯¯¯¯
 Final algorithm output 

 Final input data matrix:
        x1        x2        x3        x4        x5        x6
    0.3200    0.1300    0.0500    0.2100    0.0400    0.2500
    0.0000    0.1800    0.2100    0.2800    0.2000    0.1300
    0.0000    0.0200    0.3800    0.0400    0.2900    0.2700
    0.1900    0.3000    0.1000    0.0600    0.0700    0.2800
    0.0800    0.1600    0.1400    0.0400    0.1900    0.3900
    0.3400    0.0600    0.2300    0.1600    0.1900    0.0200
    0.1400    0.1000    0.0700    0.2000    0.2700    0.2200
    0.0700    0.0700    0.3200    0.2100    0.0300    0.3000
    0.0200    0.0100    0.2700    0.1300    0.4900    0.0800
    0.0900    0.3200    0.0300    0.1300    0.3700    0.0600
    0.0800    0.2100    0.0200    0.0000    0.6100    0.0800
    0.0900    0.3200    0.0400    0.2100    0.1700    0.1700
    0.1400    0.3000    0.0700    0.1000    0.2500    0.1400
    0.0400    0.1700    0.0700    0.2200    0.2400    0.2600
    0.1700    0.1500    0.2800    0.2900    0.0000    0.1100
    0.1000    0.1400    0.1400    0.2600    0.2700    0.0900
    1.0000    0.0000    0.0000    0.0000    0.0000    0.0000
    0.0000    1.0000    0.0000    0.0000    0.0000    0.0000
    0.0000    0.0000    0.0000    1.0000    0.0000    0.0000
    0.6000    0.4000    0.0000    0.0000    0.0000    0.0000
    0.5500    0.4500    0.0000    0.0000    0.0000    0.0000
    0.5000    0.5000    0.0000    0.0000    0.0000    0.0000
    0.4500    0.5500    0.0000    0.0000    0.0000    0.0000
    0.4000    0.6000    0.0000    0.0000    0.0000    0.0000
    0.2700    0.4400    0.0900    0.0400    0.0800    0.0800
    0.0400    0.1900    0.3600    0.2000    0.1200    0.0900
    0.0000    0.5900    0.0000    0.0800    0.0800    0.2500
    0.0000    0.3900    0.1300    0.0700    0.0300    0.3800
    0.0100    0.5100    0.0000    0.1000    0.0200    0.3600
    0.0100    0.6200    0.0100    0.0300    0.1000    0.2300
    0.0600    0.3000    0.4100    0.0100    0.0100    0.2100
    0.0800    0.3200    0.5000    0.0700    0.0200    0.0100
    0.1500    0.2800    0.2500    0.0100    0.0600    0.2500
    0.0000    0.0000    0.0000    0.0000    0.0000    1.0000
    0.0000    0.0000    0.0000    0.0000    1.0000    0.0000
    0.0200    0.1100    0.0000    0.5000    0.0300    0.3400
    0.0100    0.1900    0.0000    0.0000    0.0000    0.8000
    0.0100    0.3900    0.0000    0.0200    0.0100    0.5700
    0.1800    0.1200    0.0000    0.3600    0.0000    0.3400
    0.0100    0.0000    0.1300    0.2500    0.0000    0.6100
    0.3200    0.0000    0.1200    0.0100    0.0000    0.5500
    0.0100    0.1500    0.1000    0.2100    0.0000    0.5300
    0.0100    0.0000    0.1500    0.2500    0.0000    0.5900
    0.1500    0.4500    0.0400    0.0300    0.0100    0.3200
    0.0500    0.3200    0.0000    0.5700    0.0600    0.0000
    0.3100    0.5200    0.0000    0.0800    0.0200    0.0700
    0.1500    0.0400    0.1300    0.6700    0.0100    0.0000
    0.0000    0.2100    0.2000    0.5800    0.0100    0.0000
    0.0000    0.0100    0.2800    0.6700    0.0100    0.0300
    0.0100    0.2800    0.1100    0.4600    0.1100    0.0300
    0.4900    0.0600    0.0000    0.1400    0.0200    0.2900
    0.1400    0.0000    0.0700    0.0100    0.0100    0.7700
    0.0300    0.5800    0.1800    0.0400    0.1000    0.0700
    0.0000    0.3100    0.0100    0.0200    0.1500    0.5100
    0.2500    0.0100    0.0100    0.0400    0.1300    0.5600
    0.2900    0.4500    0.0600    0.0800    0.1200    0.0000
    0.0200    0.0100    0.1600    0.0100    0.5000    0.3000
    0.0200    0.2400    0.0000    0.0300    0.2600    0.4500
    0.0000    0.0100    0.0000    0.0100    0.2700    0.7100
    0.0900    0.0200    0.0000    0.0600    0.4000    0.4300
    0.0000    0.1600    0.0000    0.0000    0.2500    0.5900
    0.3200    0.0900    0.0200    0.0100    0.0100    0.5500
    0.0000    0.0800    0.1300    0.0000    0.1100    0.6800
    0.3900    0.0100    0.0300    0.0000    0.0000    0.5700
    0.2600    0.1800    0.0200    0.0100    0.0100    0.5200
    0.2000    0.1600    0.0000    0.0000    0.0000    0.6400
    0.5100    0.3100    0.0700    0.0100    0.0100    0.0900
    0.1400    0.1700    0.0200    0.0000    0.0000    0.6700
    0.0000    0.0300    0.0200    0.2100    0.3200    0.4200
    0.5700    0.0000    0.1100    0.0100    0.1000    0.2100
    0.5100    0.2500    0.1000    0.0200    0.1200    0.0000
    0.5100    0.0100    0.0700    0.0200    0.1100    0.2800
    0.0000    0.0000    0.0000    0.0200    0.0000    0.9800
    0.6000    0.0000    0.0300    0.0000    0.0200    0.3500
    0.3400    0.0000    0.1100    0.0100    0.0600    0.4800
    0.4400    0.1100    0.1100    0.0000    0.0600    0.2800
    0.6600    0.0000    0.0800    0.0000    0.0000    0.2600
    0.3700    0.4700    0.1000    0.0000    0.0600    0.0000
    0.4400    0.3000    0.0900    0.0400    0.1300    0.0000
    0.2700    0.6100    0.1200    0.0000    0.0000    0.0000
    0.0100    0.0000    0.0000    0.0200    0.0800    0.8900
    0.2100    0.1100    0.0600    0.0000    0.1400    0.4800
    0.5200    0.0100    0.0100    0.0000    0.0000    0.4600
    0.0000    0.3800    0.0100    0.0000    0.0000    0.6100
    0.0000    0.3100    0.0100    0.0000    0.0000    0.6800
    0.3200    0.3400    0.0200    0.0000    0.0100    0.3100
    0.0100    0.4100    0.0000    0.0000    0.0100    0.5700
    0.0000    0.4100    0.0000    0.1300    0.0000    0.4600
    0.0000    0.1800    0.0000    0.2600    0.0100    0.5500
    0.0400    0.4500    0.0000    0.0700    0.0100    0.4300
    0.0000    0.2500    0.0000    0.2500    0.0000    0.5000
    0.3600    0.2000    0.0200    0.0800    0.0000    0.3400
    0.2100    0.0000    0.0000    0.3300    0.0100    0.4500
    0.2500    0.0000    0.0000    0.3100    0.0100    0.4300
    0.1900    0.0000    0.0000    0.3200    0.0100    0.4800
    0.0000    0.6300    0.1000    0.0000    0.0000    0.2700
    0.0000    0.6600    0.0900    0.0000    0.0000    0.2500
    0.0000    0.3300    0.1100    0.0100    0.0000    0.5500
    0.0000    0.6800    0.0900    0.0000    0.0100    0.2200
    0.3500    0.0000    0.0000    0.0100    0.0000    0.6400
    0.0100    0.0000    0.0000    0.3600    0.0000    0.6300
    0.4800    0.0000    0.0100    0.0000    0.1200    0.3900
    0.3900    0.0000    0.0000    0.0200    0.0100    0.5800
    0.4000    0.1700    0.0000    0.0000    0.1200    0.3100
    0.4400    0.2700    0.0000    0.0000    0.1700    0.1200
    0.3400    0.1400    0.0000    0.0000    0.1300    0.3900
    0.3300    0.1200    0.0000    0.0000    0.1300    0.4200
    0.3900    0.0000    0.0000    0.0000    0.2200    0.3900
    0.3900    0.3100    0.0000    0.0000    0.2200    0.0800
    0.4100    0.0000    0.0000    0.0000    0.2500    0.3400
    0.3500    0.0000    0.0000    0.0000    0.2000    0.4500
    0.3300    0.0000    0.0000    0.0000    0.2100    0.4600
    0.3100    0.0000    0.0000    0.0000    0.2000    0.4900
    0.3500    0.0000    0.0000    0.0000    0.2100    0.4400
    0.2000    0.0000    0.0000    0.0000    0.0100    0.7900
    0.5000    0.0000    0.0000    0.0000    0.3000    0.2000
    0.5300    0.0600    0.0000    0.0000    0.3200    0.0900
    0.5300    0.0000    0.0000    0.0000    0.3300    0.1400
    0.4200    0.0000    0.0000    0.0000    0.2700    0.3100
    0.4200    0.0100    0.0000    0.0000    0.1400    0.4300
    0.3900    0.0000    0.0000    0.0000    0.1300    0.4800
    0.4400    0.0000    0.0000    0.0500    0.1300    0.3800
    0.2800    0.0000    0.0000    0.1100    0.0800    0.5300
    0.4200    0.1200    0.0000    0.0000    0.0600    0.4000
    0.4200    0.1100    0.0000    0.0100    0.0700    0.3900
    0.4200    0.1100    0.0000    0.0000    0.0400    0.4300
    0.4500    0.0800    0.0000    0.0000    0.0500    0.4200
    0.3800    0.4100    0.0000    0.0000    0.1900    0.0200
    0.3600    0.4300    0.0000    0.0000    0.1900    0.0200
    0.3700    0.4400    0.0000    0.0000    0.1900    0.0000
    0.3800    0.4200    0.0000    0.0000    0.1700    0.0300

 Final output data matrix:
        f1        f2        f3
 -477.3645   -1.2974-78049.1925
 -454.7535   -1.3662-68112.8155
 -279.9044   -2.1133-51731.0693
 -469.5247   -1.7578-77876.9026
 -440.0426   -1.9634-76654.9118
 -365.6047   -1.2303-62118.0243
 -410.9856   -1.1190-66049.6554
 -136.1656   -0.8962-22268.5639
 -369.0088   -1.3142-61644.3643
 -533.9811   -0.8968-68784.7611
 -442.6768   -0.7257-59416.2131
 -507.4257   -0.9822-66650.9629
 -443.6008   -1.1184-65323.0907
 -489.5899   -1.3294-72483.9913
 -359.3333   -1.7335-60280.1487
 -485.2462   -0.8865-66192.4108
 -228.9585   -0.7284-49588.2084
 -435.6576   -1.1748-60782.1527
 -368.0328   -0.0378-29839.9581
 -558.3333   -1.0147-72324.3305
 -545.1107   -1.0090-76481.1353
 -595.9865   -1.0313-80252.0073
 -577.5167   -1.0272-78299.5278
 -603.0115   -1.0486-79494.8772
 -536.4679   -1.3385-83057.1828
 -380.6202   -1.5761-63939.3838
 -487.9964   -1.6929-74452.7693
 -492.2164   -2.0354-77476.1977
 -483.0457   -1.7036-74331.8675
 -461.0062   -1.5331-68683.9650
 -428.6732   -1.9582-73565.0149
 -420.3458   -1.7501-70958.0370
 -185.7397   -1.9998-39188.2443
 -307.5914   -2.9333-68673.8814
 -248.0791   -0.3369-41639.4837
 -330.4220   -1.6093-58954.7196
 -261.1897   -2.5356-54113.5267
 -374.3907   -2.1313-72005.0906
 -442.1932   -1.6426-73645.0393
 -325.5454   -2.2577-65492.6760
 -407.4563   -1.7142-79298.8675
 -280.7768   -2.0890-55835.4428
 -345.4445   -2.2639-66935.4850
 -337.8766   -1.7123-65225.4544
 -380.5099   -0.6146-47362.4095
 -423.7886   -1.3121-68132.9194
 -412.9137   -0.7221-59055.9302
 -389.7163   -1.2975-60315.7332
 -243.9299   -1.5816-43427.1956
 -418.8166   -1.1219-61444.5239
 -463.1094   -1.4660-81856.9346
 -260.4919   -1.9421-59060.6871
 -461.1271   -1.5697-75813.0466
 -434.9195   -1.9723-80545.7853
 -411.2741   -1.7072-85333.3874
 -593.8157   -1.0758-82484.6477
 -331.6431   -1.2261-62332.4475
 -461.8788   -1.5726-80820.6379
 -386.3988   -1.9098-76223.9832
 -458.6168   -1.3865-78606.8274
 -386.1546   -1.7969-73308.3934
 -420.6757   -1.8963-83069.8760
 -256.3444   -2.2542-53258.3199
 -343.7864   -1.8975-72697.8828
 -317.0968   -1.9236-66141.3310
 -405.5608   -1.9380-81223.2023
 -579.2708   -1.0437-87100.5169
 -297.2664   -2.2664-61771.9743
 -230.0024   -1.7750-53153.7094
 -296.3126   -0.8946-60049.3899
 -625.1337   -1.1253-94708.7918
 -559.4404   -1.5604-98460.5528
 -350.2734   -2.6724-74202.1381
 -483.8073   -1.5770-91455.1658
 -333.6048   -1.8340-67470.0844
 -401.3639   -1.5176-75081.6898
 -339.8147   -1.1731-68370.6235
 -619.8270   -1.3159-92324.8900
 -456.6095   -1.0320-73399.8497
 -527.1160   -1.2052-80673.3135
 -182.0132   -2.1459-33836.3245
 -299.4935   -1.9115-62779.5207
 -342.4831   -1.8084-73190.6083
 -292.5484   -2.1003-64376.6034
 -284.1961   -2.0337-60695.8700
 -418.6794   -1.5121-75788.0791
 -272.5130   -1.9527-60034.6655
 -324.9663   -1.9969-65021.8788
 -361.4059   -2.0913-69395.5054
 -310.1195   -1.9192-61302.0228
 -321.0298   -2.0199-62665.9535
 -408.2643   -1.5818-76317.7672
 -398.2560   -1.9114-74552.8783
 -437.9660   -1.8110-79745.2693
 -402.9772   -1.8842-75747.1961
 -367.7646   -1.7661-65605.9795
 -392.9406   -1.8913-69484.2021
 -317.1051   -2.1952-63761.7220
 -355.6015   -1.8014-64450.3268
 -438.2688   -2.1205-87348.6010
 -334.7339   -2.0407-65124.3183
 -514.0293   -1.5443-93643.6527
 -526.1093   -1.9176-98663.7705
 -555.0826   -1.4101-91162.3449
 -653.9760   -1.1215-96005.8355
 -613.3157   -1.3545-102903.8092
 -574.5688   -1.4762-99854.6710
 -596.1996   -1.5851-97568.0584
 -673.8733   -1.3085-96609.9429
 -570.9253   -1.5720-97057.6408
 -453.6160   -1.8559-85374.7271
 -512.3685   -1.7799-93175.9066
 -384.8236   -1.8510-77997.5467
 -536.0149   -1.7113-96497.9814
 -289.9712   -1.9717-66399.4183
 -596.7186   -0.9982-92484.7776
 -390.5278   -0.8869-64360.6166
 -429.9865   -0.7968-68899.7837
 -397.0291   -1.0850-76450.3138
 -413.4216   -1.7276-80202.5821
 -512.4700   -1.6664-92116.8858
 -627.3105   -1.5880-103558.9154
 -459.2870   -1.8760-85164.1567
 -489.1206   -1.8652-89171.2803
 -523.3253   -1.8184-92589.2154
 -483.7090   -2.0071-89596.8710
 -506.5947   -1.8726-91082.8276
 -684.9955   -1.0183-89060.6265
 -683.7791   -1.0337-88968.0985
 -691.3912   -0.9798-87769.9503
 -677.9588   -1.0626-90065.5846

 Input data matrix of corresponding Pareto front:
        x1        x2        x3        x4        x5        x6
    0.0000    0.3900    0.1300    0.0700    0.0300    0.3800
    0.0000    0.0000    0.0000    0.0000    0.0000    1.0000
    0.0100    0.3900    0.0000    0.0200    0.0100    0.5700
    0.0000    0.0000    0.0000    0.0200    0.0000    0.9800
    0.3500    0.0000    0.0000    0.0100    0.0000    0.6400
    0.3900    0.0000    0.0000    0.0200    0.0100    0.5800
    0.3900    0.3100    0.0000    0.0000    0.2200    0.0800
    0.3500    0.0000    0.0000    0.0000    0.2100    0.4400
    0.4400    0.0000    0.0000    0.0500    0.1300    0.3800
    0.4200    0.1100    0.0000    0.0000    0.0400    0.4300

 Output data matrix of corresponding Pareto front:
        f1        f2        f3
 -492.2164   -2.0354-77476.1977
 -307.5914   -2.9333-68673.8814
 -374.3907   -2.1313-72005.0906
 -350.2734   -2.6724-74202.1381
 -438.2688   -2.1205-87348.6010
 -526.1093   -1.9176-98663.7705
 -673.8733   -1.3085-96609.9429
 -536.0149   -1.7113-96497.9814
 -627.3105   -1.5880-103558.9154
 -483.7090   -2.0071-89596.8710

 Input data matrix of Pareto front of final Gaussian process model:
        x1        x2        x3        x4        x5        x6
    0.0077    0.0051    0.0000    0.9817    0.0054    0.0000
    0.0000    0.0000    0.0000    0.0000    0.0000    1.0000
    0.0026    0.0257    0.0000    0.9665    0.0051    0.0000
    0.0012    0.0000    0.0000    0.0017    0.0319    0.9652
    0.4178    0.1126    0.0000    0.0000    0.1539    0.3157
    0.3820    0.4214    0.0000    0.0001    0.1912    0.0054
    0.0068    0.0035    0.0000    0.7173    0.0253    0.2472
    0.4835    0.1252    0.0000    0.0002    0.1328    0.2583
    0.0383    0.0684    0.0000    0.0015    0.0562    0.8357
    0.0050    0.1488    0.0000    0.6735    0.1542    0.0185
    0.4075    0.1600    0.0000    0.0553    0.1679    0.2093
    0.0000    0.0000    0.0000    0.0000    0.0191    0.9809
    0.0077    0.0050    0.0000    0.9702    0.0121    0.0050
    0.4005    0.1745    0.0000    0.0028    0.1571    0.2651
    0.0630    0.1602    0.0000    0.0324    0.2001    0.5442
    0.0449    0.0310    0.0000    0.8690    0.0446    0.0105
    0.0073    0.0712    0.0000    0.9015    0.0141    0.0060
    0.3448    0.0905    0.0000    0.1334    0.0970    0.3343
    0.4322    0.2443    0.0000    0.1145    0.1850    0.0241
    0.0022    0.2705    0.0000    0.6916    0.0222    0.0135
    0.3903    0.3865    0.0000    0.0458    0.1534    0.0239
    0.3177    0.3183    0.0000    0.0776    0.2244    0.0620
    0.0071    0.0047    0.0000    0.8978    0.0050    0.0855
    0.0145    0.0187    0.0000    0.4350    0.0200    0.5117
    0.0214    0.1515    0.0000    0.3795    0.0813    0.3663
    0.4546    0.1224    0.0000    0.0000    0.1701    0.2529
    0.0560    0.1604    0.0000    0.3138    0.1221    0.3476
    0.0213    0.0486    0.0000    0.7425    0.0037    0.1838
    0.0873    0.1949    0.0000    0.0673    0.0171    0.6334
    0.2032    0.1105    0.0000    0.3644    0.0622    0.2597
    0.0127    0.3091    0.0000    0.6394    0.0318    0.0070
    0.2014    0.1096    0.0000    0.3612    0.0703    0.2574
    0.1938    0.1054    0.0000    0.3475    0.0676    0.2857
    0.3529    0.4562    0.0000    0.0799    0.0000    0.1110
    0.0000    0.0000    0.0000    0.0000    0.0011    0.9989
    0.1505    0.0220    0.0000    0.0408    0.0935    0.6932
    0.0084    0.0301    0.0000    0.4010    0.0653    0.4952
    0.1259    0.0044    0.0000    0.8546    0.0106    0.0044
    0.1906    0.3516    0.0000    0.3154    0.1232    0.0192
    0.3261    0.2227    0.0000    0.1845    0.2302    0.0366
    0.4680    0.2792    0.0000    0.0261    0.0938    0.1328
    0.3836    0.3300    0.0000    0.0695    0.1919    0.0250
    0.2380    0.0904    0.0000    0.3587    0.0982    0.2148
    0.0478    0.0273    0.0000    0.0000    0.2217    0.7032
    0.2743    0.3088    0.0000    0.2873    0.1122    0.0175
    0.0222    0.0311    0.0000    0.9194    0.0273    0.0000
    0.3686    0.1404    0.0000    0.0016    0.1038    0.3856
    0.1190    0.5328    0.0000    0.0000    0.1595    0.1887
    0.3510    0.4320    0.0000    0.0016    0.1978    0.0176
    0.0903    0.0494    0.0000    0.0066    0.0080    0.8458
    0.0051    0.1577    0.0000    0.6891    0.1111    0.0370
    0.2708    0.3421    0.0000    0.0249    0.1017    0.2604
    0.0890    0.2980    0.0000    0.0076    0.2098    0.3957
    0.1067    0.1224    0.0000    0.3806    0.1180    0.2723
    0.5091    0.1956    0.0000    0.0000    0.2217    0.0737
    0.3541    0.1825    0.0000    0.0023    0.1282    0.3329
    0.0151    0.0728    0.0000    0.8660    0.0377    0.0083
    0.3279    0.2296    0.0000    0.2203    0.1884    0.0338
    0.3739    0.1833    0.0000    0.0000    0.1000    0.3428
    0.0987    0.0313    0.0000    0.8166    0.0275    0.0257
    0.0087    0.0782    0.0000    0.0094    0.0462    0.8576
    0.2246    0.0548    0.0000    0.6514    0.0098    0.0594
    0.1399    0.1068    0.0000    0.6247    0.0403    0.0883
    0.0456    0.0869    0.0000    0.8111    0.0084    0.0480
    0.0168    0.0809    0.0000    0.8511    0.0419    0.0093
    0.0864    0.0674    0.0000    0.7813    0.0577    0.0072
    0.0116    0.0236    0.0000    0.3292    0.1514    0.4842
    0.0100    0.0603    0.0000    0.0164    0.0858    0.8275
    0.0967    0.0644    0.0000    0.7652    0.0039    0.0698
    0.0075    0.2555    0.0000    0.6531    0.0387    0.0453
    0.0040    0.0168    0.0000    0.0044    0.0091    0.9657
    0.0132    0.0096    0.0000    0.4653    0.0366    0.4754
    0.0054    0.0035    0.0000    0.7343    0.0038    0.2530
    0.0483    0.1200    0.0000    0.8210    0.0107    0.0000
    0.2183    0.1828    0.0000    0.0177    0.1366    0.4446
    0.1946    0.3057    0.0000    0.0593    0.0605    0.3799
    0.2414    0.1152    0.0000    0.3403    0.0821    0.2211
    0.1180    0.2509    0.0000    0.3635    0.1899    0.0777
    0.1139    0.1024    0.0000    0.1578    0.2300    0.3959
    0.2533    0.2047    0.0000    0.0197    0.0909    0.4314
    0.2196    0.1952    0.0000    0.3770    0.1477    0.0604
    0.1208    0.3454    0.0000    0.0473    0.1928    0.2937
    0.3413    0.3608    0.0000    0.0026    0.0852    0.2102
    0.1617    0.1899    0.0000    0.0434    0.1865    0.4185
    0.3849    0.1627    0.0000    0.0018    0.0715    0.3790
    0.0589    0.0682    0.0000    0.6906    0.1638    0.0185
    0.2226    0.1279    0.0000    0.2298    0.0803    0.3393
    0.1300    0.1392    0.0000    0.0279    0.0570    0.6460
    0.3675    0.4109    0.0000    0.0187    0.1657    0.0372
    0.0027    0.1012    0.0000    0.0000    0.0886    0.8075
    0.0079    0.2686    0.0000    0.6719    0.0155    0.0361
    0.1329    0.1418    0.0000    0.6031    0.0383    0.0839
    0.0313    0.1501    0.0000    0.6280    0.1870    0.0036
    0.0063    0.0877    0.0000    0.8039    0.0979    0.0042
    0.0695    0.0977    0.0000    0.7361    0.0700    0.0268
    0.1782    0.1310    0.0000    0.3169    0.1235    0.2504
    0.0053    0.0270    0.0000    0.6740    0.0405    0.2531
    0.0375    0.1289    0.0000    0.6275    0.0023    0.2038
    0.3770    0.3526    0.0000    0.0635    0.1330    0.0739
    0.0408    0.0437    0.0000    0.9104    0.0050    0.0000
    0.1411    0.0000    0.0000    0.0018    0.0333    0.8238
    0.0078    0.0967    0.0000    0.3724    0.0633    0.4598
    0.2441    0.2112    0.0000    0.3957    0.1194    0.0297
    0.0573    0.0241    0.0000    0.9139    0.0048    0.0000
    0.1199    0.1284    0.0000    0.1030    0.0526    0.5961
    0.1926    0.0424    0.0000    0.3314    0.4014    0.0322
    0.3944    0.2763    0.0000    0.0268    0.1436    0.1589
    0.0000    0.0673    0.0000    0.0144    0.0000    0.9183
    0.0135    0.1570    0.0000    0.0144    0.2987    0.5165
    0.2084    0.2131    0.0000    0.4132    0.0763    0.0889
    0.2356    0.4620    0.0000    0.0948    0.0738    0.1337
    0.0044    0.0051    0.0000    0.8392    0.1513    0.0000
    0.0000    0.0292    0.0000    0.0596    0.0000    0.9113
    0.0314    0.1008    0.0000    0.6768    0.1875    0.0036
    0.0772    0.1412    0.0000    0.6951    0.0381    0.0484
    0.2727    0.4396    0.0000    0.0902    0.0703    0.1272
    0.0066    0.0000    0.0000    0.0017    0.0346    0.9570
    0.3436    0.1045    0.0000    0.0932    0.0503    0.4084
    0.2438    0.1397    0.0000    0.2584    0.1251    0.2330
    0.1108    0.0621    0.0000    0.0347    0.0503    0.7421
    0.6362    0.1286    0.0000    0.0826    0.0935    0.0591
    0.3032    0.2645    0.0000    0.0276    0.0973    0.3074
    0.4009    0.2564    0.0000    0.0620    0.1333    0.1475
    0.1068    0.0788    0.0000    0.0119    0.0996    0.7028
    0.0583    0.0410    0.0000    0.0000    0.0000    0.9007
    0.3851    0.1258    0.0000    0.2588    0.1906    0.0397
    0.0794    0.1558    0.0000    0.2673    0.0500    0.4475
    0.0756    0.0175    0.0000    0.0045    0.0094    0.8929
    0.0022    0.0214    0.0000    0.8030    0.1734    0.0000
    0.0201    0.1023    0.0000    0.6992    0.0148    0.1636
    0.5732    0.2067    0.0000    0.0033    0.1855    0.0313
    0.4075    0.3636    0.0000    0.0000    0.1525    0.0765
    0.0100    0.1563    0.0000    0.0540    0.0353    0.7444
    0.3460    0.3808    0.0000    0.0173    0.1536    0.1022
    0.2569    0.1263    0.0000    0.0664    0.2104    0.3401
    0.0073    0.0000    0.0000    0.0019    0.0391    0.9517
    0.1836    0.1093    0.0000    0.4798    0.1261    0.1011
    0.2014    0.1943    0.0000    0.0444    0.1316    0.4283
    0.3658    0.3400    0.0000    0.0028    0.2078    0.0835
    0.3831    0.4226    0.0000    0.0001    0.1750    0.0192
    0.2776    0.1329    0.0000    0.4185    0.0854    0.0856
    0.0106    0.0369    0.0000    0.3730    0.0157    0.5637
    0.0101    0.1055    0.0000    0.0056    0.0864    0.7924
    0.0615    0.0300    0.0000    0.3429    0.1335    0.4321
    0.0016    0.1769    0.0000    0.4004    0.0002    0.4209
    0.0682    0.0959    0.0000    0.7925    0.0197    0.0237
    0.0774    0.0795    0.0000    0.7270    0.0696    0.0465
    0.0070    0.2514    0.0000    0.0076    0.0375    0.6964
    0.4434    0.2463    0.0000    0.0254    0.1361    0.1488
    0.0634    0.2731    0.0000    0.5191    0.0116    0.1327
    0.2390    0.0933    0.0000    0.3859    0.0973    0.1846
    0.1920    0.0692    0.0000    0.5989    0.1398    0.0000
    0.0000    0.1008    0.0000    0.0000    0.0000    0.8992
    0.0182    0.1897    0.0000    0.6324    0.0032    0.1566
    0.0452    0.1183    0.0000    0.0391    0.0604    0.7370
    0.2770    0.3843    0.0000    0.1103    0.1744    0.0540
    0.1326    0.0585    0.0000    0.0017    0.0703    0.7369
    0.2963    0.0289    0.0000    0.0499    0.0574    0.5675
    0.3449    0.4202    0.0000    0.0035    0.1461    0.0853
    0.3259    0.1438    0.0000    0.4140    0.1002    0.0161
    0.0389    0.2005    0.0000    0.1193    0.0456    0.5957
    0.0896    0.1127    0.0000    0.6150    0.0631    0.1197
    0.0103    0.1076    0.0000    0.0170    0.0887    0.7764
    0.0252    0.0762    0.0000    0.0213    0.0310    0.8463
    0.3165    0.0830    0.0000    0.1224    0.1712    0.3068
    0.3370    0.1965    0.0000    0.1907    0.2380    0.0378
    0.4618    0.1076    0.0000    0.2239    0.0972    0.1096
    0.0360    0.0000    0.0000    0.0013    0.1967    0.7660
    0.0011    0.1129    0.0000    0.0486    0.0318    0.8055
    0.3594    0.2153    0.0000    0.2066    0.1870    0.0317
    0.0107    0.3040    0.0000    0.5366    0.1429    0.0059
    0.0165    0.3369    0.0000    0.5963    0.0412    0.0091
    0.0180    0.0857    0.0000    0.0269    0.1044    0.7650
    0.0763    0.1394    0.0000    0.6866    0.0498    0.0479
    0.4188    0.5213    0.0000    0.0374    0.0180    0.0045
    0.1109    0.3628    0.0000    0.0438    0.2193    0.2632
    0.2973    0.2525    0.0000    0.0763    0.0493    0.3246
    0.0069    0.0444    0.0000    0.8524    0.0105    0.0857
    0.2630    0.1077    0.0000    0.3457    0.1019    0.1817
    0.0923    0.2833    0.0000    0.0580    0.1353    0.4312
    0.0784    0.0870    0.0000    0.0441    0.0987    0.6918
    0.0931    0.1172    0.0000    0.6087    0.1810    0.0000
    0.0217    0.1167    0.0000    0.0072    0.0538    0.8006
    0.2306    0.1724    0.0000    0.0001    0.2578    0.3390
    0.0098    0.0840    0.0000    0.3138    0.1272    0.4652
    0.0573    0.0286    0.0000    0.0266    0.0148    0.8726
    0.0370    0.1776    0.0000    0.5599    0.2213    0.0042
    0.0137    0.1309    0.0000    0.6451    0.0726    0.1377
    0.0483    0.0294    0.0000    0.0273    0.0000    0.8950
    0.0393    0.2172    0.0000    0.0945    0.0462    0.6028
    0.0118    0.0840    0.0000    0.1030    0.0000    0.8012
    0.0710    0.1805    0.0000    0.0355    0.1244    0.5885
    0.0024    0.0873    0.0000    0.0343    0.0835    0.7926
    0.0835    0.3131    0.0000    0.4269    0.0629    0.1136
    0.2805    0.1352    0.0000    0.4309    0.0875    0.0660
    0.2671    0.3186    0.0000    0.1063    0.2560    0.0521
    0.3884    0.3413    0.0000    0.0108    0.1869    0.0727
    0.0068    0.0300    0.0000    0.0017    0.0355    0.9260
    0.4095    0.2086    0.0000    0.1986    0.0862    0.0972
    0.0169    0.1894    0.0000    0.0000    0.0375    0.7562

 Output data matrix of Pareto front of final Gaussian process model:
        f1        f2        f3
 -377.3175   -0.1676-36317.4486
 -285.6496   -2.7456-63595.3832
 -377.1870   -0.1893-36289.9174
 -283.4263   -2.6317-59419.2251
 -565.1530   -1.4652-96115.5170
 -669.2891   -0.9949-88413.3157
 -360.4842   -1.1132-50819.6479
 -564.5271   -1.3362-94599.1862
 -297.3668   -2.2761-57742.7344
 -457.4615   -0.4546-52572.4757
 -594.3892   -1.2093-94189.2078
 -283.6378   -2.6834-61060.8538
 -379.0125   -0.1860-36806.1584
 -587.4380   -1.3694-95817.6484
 -403.1207   -1.8495-76696.4593
 -400.5539   -0.2617-41383.4534
 -382.7509   -0.2703-37578.0994
 -525.8121   -1.5333-90624.2027
 -632.9504   -0.8353-87284.4515
 -398.8075   -0.5688-41987.5832
 -658.1519   -0.9912-88750.2760
 -628.1325   -0.9822-85863.4507
 -370.2684   -0.4782-39266.7797
 -327.6072   -1.9657-64519.9969
 -380.9665   -1.6505-67251.3875
 -575.0173   -1.2993-95241.0483
 -415.0367   -1.5786-72870.8448
 -364.1385   -0.9151-46339.3397
 -324.0423   -2.0601-68313.1176
 -452.2479   -1.3011-73716.4245
 -410.3777   -0.6108-44119.4446
 -456.7486   -1.2898-74358.3751
 -445.9989   -1.3821-74787.4719
 -529.7874   -1.2452-77586.1935
 -285.4934   -2.7421-63446.4948
