
 TSEMO log file created on 03-Mar-2020 

 This file shows the initial specifications of TSEMO and logs the output.
 ¯¯¯¯¯¯¯¯¯¯¯¯¯¯¯¯¯¯¯¯¯¯¯¯¯¯¯¯¯¯¯¯¯¯¯¯¯¯¯¯¯¯¯¯¯¯¯¯¯¯¯¯¯¯¯¯¯¯¯¯¯¯¯¯¯¯¯¯¯¯¯¯¯¯¯¯¯¯¯¯¯¯¯¯¯¯¯¯¯¯¯¯¯¯¯¯¯¯¯¯¯¯
 License information 

 BSD 2-Clause License 

 Copyright (c) 2017, Eric Bradford, Artur M. Schweidtmann and Alexei Lapkin
 All rights reserved. 

 Redistribution and use in source and binary forms, with or without
 modification, are permitted provided that the following conditions are met: 

 *Redistributions of source code must retain the above copyright notice, this   
  list of conditions and the following disclaimer. 

 *Redistributions in binary form must reproduce the above copyright notice,   
  this list of conditions and the following disclaimer in the documentation   
  and/or other materials provided with the distribution. 

 Modified by Mina Konakovic Lukovic 2019. 

 ¯¯¯¯¯¯¯¯¯¯¯¯¯¯¯¯¯¯¯¯¯¯¯¯¯¯¯¯¯¯¯¯¯¯¯¯¯¯¯¯¯¯¯¯¯¯¯¯¯¯¯¯¯¯¯¯¯¯¯¯¯¯¯¯¯¯¯¯¯¯¯¯¯¯¯¯¯¯¯¯¯¯¯¯¯¯¯¯¯¯¯¯¯¯¯¯¯¯¯¯¯¯
 Problem specifications 

 Function used:   consta 

 Number of inputs:   6
 Number of outputs:  3 

 Lower bounds of decision variables:
      x1      x2      x3      x4      x5      x6
  0.0000  0.0000  0.0000  0.0000  0.0000  0.0000
 
 Upper bounds of decision variables:
      x1      x2      x3      x4      x5      x6
  1.0000  1.0000  0.5000  1.0000  1.0000  1.0000
 ¯¯¯¯¯¯¯¯¯¯¯¯¯¯¯¯¯¯¯¯¯¯¯¯¯¯¯¯¯¯¯¯¯¯¯¯¯¯¯¯¯¯¯¯¯¯¯¯¯¯¯¯¯¯¯¯¯¯¯¯¯¯¯¯¯¯¯¯¯¯¯¯¯¯¯¯¯¯¯¯¯¯¯¯¯¯¯¯¯¯¯¯¯¯¯¯¯¯¯¯¯¯
 Algorithm options 

 Maximum number of function evaluations:  4
 Sample batch size:                       4
 Number of algorithm iterations:          1 

 Genetic algorithm population size:        200
 Genetic algorithm number of generations:  200 

                                               f1      f2      f3
 Number of spectral sampling points:         4000    4000    4000
 Type of matern function:                       5       5       5
 Direct evaluations per input dimension:      200     200     200
 ¯¯¯¯¯¯¯¯¯¯¯¯¯¯¯¯¯¯¯¯¯¯¯¯¯¯¯¯¯¯¯¯¯¯¯¯¯¯¯¯¯¯¯¯¯¯¯¯¯¯¯¯¯¯¯¯¯¯¯¯¯¯¯¯¯¯¯¯¯¯¯¯¯¯¯¯¯¯¯¯¯¯¯¯¯¯¯¯¯¯¯¯¯¯¯¯¯¯¯¯¯¯
 Initial data set 

 Number of initial data points:  127 

 Initial input data matrix:
      x1      x2      x3      x4      x5      x6
  0.3200  0.1300  0.0500  0.2100  0.0400  0.2500
  0.0000  0.1800  0.2100  0.2800  0.2000  0.1300
  0.0000  0.0200  0.3800  0.0400  0.2900  0.2700
  0.1900  0.3000  0.1000  0.0600  0.0700  0.2800
  0.0800  0.1600  0.1400  0.0400  0.1900  0.3900
  0.3400  0.0600  0.2300  0.1600  0.1900  0.0200
  0.1400  0.1000  0.0700  0.2000  0.2700  0.2200
  0.0700  0.0700  0.3200  0.2100  0.0300  0.3000
  0.0200  0.0100  0.2700  0.1300  0.4900  0.0800
  0.0900  0.3200  0.0300  0.1300  0.3700  0.0600
  0.0800  0.2100  0.0200  0.0000  0.6100  0.0800
  0.0900  0.3200  0.0400  0.2100  0.1700  0.1700
  0.1400  0.3000  0.0700  0.1000  0.2500  0.1400
  0.0400  0.1700  0.0700  0.2200  0.2400  0.2600
  0.1700  0.1500  0.2800  0.2900  0.0000  0.1100
  0.1000  0.1400  0.1400  0.2600  0.2700  0.0900
  1.0000  0.0000  0.0000  0.0000  0.0000  0.0000
  0.0000  1.0000  0.0000  0.0000  0.0000  0.0000
  0.0000  0.0000  0.0000  1.0000  0.0000  0.0000
  0.6000  0.4000  0.0000  0.0000  0.0000  0.0000
  0.5500  0.4500  0.0000  0.0000  0.0000  0.0000
  0.5000  0.5000  0.0000  0.0000  0.0000  0.0000
  0.4500  0.5500  0.0000  0.0000  0.0000  0.0000
  0.4000  0.6000  0.0000  0.0000  0.0000  0.0000
  0.2700  0.4400  0.0900  0.0400  0.0800  0.0800
  0.0400  0.1900  0.3600  0.2000  0.1200  0.0900
  0.0000  0.5900  0.0000  0.0800  0.0800  0.2500
  0.0000  0.3900  0.1300  0.0700  0.0300  0.3800
  0.0100  0.5100  0.0000  0.1000  0.0200  0.3600
  0.0100  0.6200  0.0100  0.0300  0.1000  0.2300
  0.0600  0.3000  0.4100  0.0100  0.0100  0.2100
  0.0800  0.3200  0.5000  0.0700  0.0200  0.0100
  0.1500  0.2800  0.2500  0.0100  0.0600  0.2500
  0.0000  0.0000  0.0000  0.0000  0.0000  1.0000
  0.0000  0.0000  0.0000  0.0000  1.0000  0.0000
  0.0200  0.1100  0.0000  0.5000  0.0300  0.3400
  0.0100  0.1900  0.0000  0.0000  0.0000  0.8000
  0.0100  0.3900  0.0000  0.0200  0.0100  0.5700
  0.1800  0.1200  0.0000  0.3600  0.0000  0.3400
  0.0100  0.0000  0.1300  0.2500  0.0000  0.6100
  0.3200  0.0000  0.1200  0.0100  0.0000  0.5500
  0.0100  0.1500  0.1000  0.2100  0.0000  0.5300
  0.0100  0.0000  0.1500  0.2500  0.0000  0.5900
  0.1500  0.4500  0.0400  0.0300  0.0100  0.3200
  0.0500  0.3200  0.0000  0.5700  0.0600  0.0000
  0.3100  0.5200  0.0000  0.0800  0.0200  0.0700
  0.1500  0.0400  0.1300  0.6700  0.0100  0.0000
  0.0000  0.2100  0.2000  0.5800  0.0100  0.0000
  0.0000  0.0100  0.2800  0.6700  0.0100  0.0300
  0.0100  0.2800  0.1100  0.4600  0.1100  0.0300
  0.4900  0.0600  0.0000  0.1400  0.0200  0.2900
  0.1400  0.0000  0.0700  0.0100  0.0100  0.7700
  0.0300  0.5800  0.1800  0.0400  0.1000  0.0700
  0.0000  0.3100  0.0100  0.0200  0.1500  0.5100
  0.2500  0.0100  0.0100  0.0400  0.1300  0.5600
  0.2900  0.4500  0.0600  0.0800  0.1200  0.0000
  0.0200  0.0100  0.1600  0.0100  0.5000  0.3000
  0.0200  0.2400  0.0000  0.0300  0.2600  0.4500
  0.0000  0.0100  0.0000  0.0100  0.2700  0.7100
  0.0900  0.0200  0.0000  0.0600  0.4000  0.4300
  0.0000  0.1600  0.0000  0.0000  0.2500  0.5900
  0.3200  0.0900  0.0200  0.0100  0.0100  0.5500
  0.0000  0.0800  0.1300  0.0000  0.1100  0.6800
  0.3900  0.0100  0.0300  0.0000  0.0000  0.5700
  0.2600  0.1800  0.0200  0.0100  0.0100  0.5200
  0.2000  0.1600  0.0000  0.0000  0.0000  0.6400
  0.5100  0.3100  0.0700  0.0100  0.0100  0.0900
  0.1400  0.1700  0.0200  0.0000  0.0000  0.6700
  0.0000  0.0300  0.0200  0.2100  0.3200  0.4200
  0.5700  0.0000  0.1100  0.0100  0.1000  0.2100
  0.5100  0.2500  0.1000  0.0200  0.1200  0.0000
  0.5100  0.0100  0.0700  0.0200  0.1100  0.2800
  0.0000  0.0000  0.0000  0.0200  0.0000  0.9800
  0.6000  0.0000  0.0300  0.0000  0.0200  0.3500
  0.3400  0.0000  0.1100  0.0100  0.0600  0.4800
  0.4400  0.1100  0.1100  0.0000  0.0600  0.2800
  0.6600  0.0000  0.0800  0.0000  0.0000  0.2600
  0.3700  0.4700  0.1000  0.0000  0.0600  0.0000
  0.4400  0.3000  0.0900  0.0400  0.1300  0.0000
  0.2700  0.6100  0.1200  0.0000  0.0000  0.0000
  0.0100  0.0000  0.0000  0.0200  0.0800  0.8900
  0.2100  0.1100  0.0600  0.0000  0.1400  0.4800
  0.5200  0.0100  0.0100  0.0000  0.0000  0.4600
  0.0000  0.3800  0.0100  0.0000  0.0000  0.6100
  0.0000  0.3100  0.0100  0.0000  0.0000  0.6800
  0.3200  0.3400  0.0200  0.0000  0.0100  0.3100
  0.0100  0.4100  0.0000  0.0000  0.0100  0.5700
  0.0000  0.4100  0.0000  0.1300  0.0000  0.4600
  0.0000  0.1800  0.0000  0.2600  0.0100  0.5500
  0.0400  0.4500  0.0000  0.0700  0.0100  0.4300
  0.0000  0.2500  0.0000  0.2500  0.0000  0.5000
  0.3600  0.2000  0.0200  0.0800  0.0000  0.3400
  0.2100  0.0000  0.0000  0.3300  0.0100  0.4500
  0.2500  0.0000  0.0000  0.3100  0.0100  0.4300
  0.1900  0.0000  0.0000  0.3200  0.0100  0.4800
  0.0000  0.6300  0.1000  0.0000  0.0000  0.2700
  0.0000  0.6600  0.0900  0.0000  0.0000  0.2500
  0.0000  0.3300  0.1100  0.0100  0.0000  0.5500
  0.0000  0.6800  0.0900  0.0000  0.0100  0.2200
  0.3500  0.0000  0.0000  0.0100  0.0000  0.6400
  0.0100  0.0000  0.0000  0.3600  0.0000  0.6300
  0.4800  0.0000  0.0100  0.0000  0.1200  0.3900
  0.3900  0.0000  0.0000  0.0200  0.0100  0.5800
  0.4000  0.1700  0.0000  0.0000  0.1200  0.3100
  0.4400  0.2700  0.0000  0.0000  0.1700  0.1200
  0.3400  0.1400  0.0000  0.0000  0.1300  0.3900
  0.3300  0.1200  0.0000  0.0000  0.1300  0.4200
  0.3900  0.0000  0.0000  0.0000  0.2200  0.3900
  0.3900  0.3100  0.0000  0.0000  0.2200  0.0800
  0.4100  0.0000  0.0000  0.0000  0.2500  0.3400
  0.3500  0.0000  0.0000  0.0000  0.2000  0.4500
  0.3300  0.0000  0.0000  0.0000  0.2100  0.4600
  0.3100  0.0000  0.0000  0.0000  0.2000  0.4900
  0.3500  0.0000  0.0000  0.0000  0.2100  0.4400
  0.2000  0.0000  0.0000  0.0000  0.0100  0.7900
  0.5000  0.0000  0.0000  0.0000  0.3000  0.2000
  0.5300  0.0600  0.0000  0.0000  0.3200  0.0900
  0.5300  0.0000  0.0000  0.0000  0.3300  0.1400
  0.4200  0.0000  0.0000  0.0000  0.2700  0.3100
  0.4200  0.0100  0.0000  0.0000  0.1400  0.4300
  0.3900  0.0000  0.0000  0.0000  0.1300  0.4800
  0.4400  0.0000  0.0000  0.0500  0.1300  0.3800
  0.2800  0.0000  0.0000  0.1100  0.0800  0.5300
  0.4200  0.1200  0.0000  0.0000  0.0600  0.4000
  0.4200  0.1100  0.0000  0.0100  0.0700  0.3900
  0.4200  0.1100  0.0000  0.0000  0.0400  0.4300
  0.4500  0.0800  0.0000  0.0000  0.0500  0.4200

 Initial output data matrix:
      f1      f2      f3
-477.3645 -1.2974-78049.1925
-454.7535 -1.3662-68112.8155
-279.9044 -2.1133-51731.0693
-469.5247 -1.7578-77876.9026
-440.0426 -1.9634-76654.9118
-365.6047 -1.2303-62118.0243
-410.9856 -1.1190-66049.6554
-136.1656 -0.8962-22268.5639
-369.0088 -1.3142-61644.3643
-533.9811 -0.8968-68784.7611
-442.6768 -0.7257-59416.2131
-507.4257 -0.9822-66650.9629
-443.6008 -1.1184-65323.0907
-489.5899 -1.3294-72483.9913
-359.3333 -1.7335-60280.1487
-485.2462 -0.8865-66192.4108
-228.9585 -0.7284-49588.2084
-435.6576 -1.1748-60782.1527
-368.0328 -0.0378-29839.9581
-558.3333 -1.0147-72324.3305
-545.1107 -1.0090-76481.1353
-595.9865 -1.0313-80252.0073
-577.5167 -1.0272-78299.5278
-603.0115 -1.0486-79494.8772
-536.4679 -1.3385-83057.1828
-380.6202 -1.5761-63939.3838
-487.9964 -1.6929-74452.7693
-492.2164 -2.0354-77476.1977
-483.0457 -1.7036-74331.8675
-461.0062 -1.5331-68683.9650
-428.6732 -1.9582-73565.0149
-420.3458 -1.7501-70958.0370
-185.7397 -1.9998-39188.2443
-307.5914 -2.9333-68673.8814
-248.0791 -0.3369-41639.4837
-330.4220 -1.6093-58954.7196
-261.1897 -2.5356-54113.5267
-374.3907 -2.1313-72005.0906
-442.1932 -1.6426-73645.0393
-325.5454 -2.2577-65492.6760
-407.4563 -1.7142-79298.8675
-280.7768 -2.0890-55835.4428
-345.4445 -2.2639-66935.4850
-337.8766 -1.7123-65225.4544
-380.5099 -0.6146-47362.4095
-423.7886 -1.3121-68132.9194
-412.9137 -0.7221-59055.9302
-389.7163 -1.2975-60315.7332
-243.9299 -1.5816-43427.1956
-418.8166 -1.1219-61444.5239
-463.1094 -1.4660-81856.9346
-260.4919 -1.9421-59060.6871
-461.1271 -1.5697-75813.0466
-434.9195 -1.9723-80545.7853
-411.2741 -1.7072-85333.3874
-593.8157 -1.0758-82484.6477
-331.6431 -1.2261-62332.4475
-461.8788 -1.5726-80820.6379
-386.3988 -1.9098-76223.9832
-458.6168 -1.3865-78606.8274
-386.1546 -1.7969-73308.3934
-420.6757 -1.8963-83069.8760
-256.3444 -2.2542-53258.3199
-343.7864 -1.8975-72697.8828
-317.0968 -1.9236-66141.3310
-405.5608 -1.9380-81223.2023
-579.2708 -1.0437-87100.5169
-297.2664 -2.2664-61771.9743
-230.0024 -1.7750-53153.7094
-296.3126 -0.8946-60049.3899
-625.1337 -1.1253-94708.7918
-559.4404 -1.5604-98460.5528
-350.2734 -2.6724-74202.1381
-483.8073 -1.5770-91455.1658
-333.6048 -1.8340-67470.0844
-401.3639 -1.5176-75081.6898
-339.8147 -1.1731-68370.6235
-619.8270 -1.3159-92324.8900
-456.6095 -1.0320-73399.8497
-527.1160 -1.2052-80673.3135
-182.0132 -2.1459-33836.3245
-299.4935 -1.9115-62779.5207
-342.4831 -1.8084-73190.6083
-292.5484 -2.1003-64376.6034
-284.1961 -2.0337-60695.8700
-418.6794 -1.5121-75788.0791
-272.5130 -1.9527-60034.6655
-324.9663 -1.9969-65021.8788
-361.4059 -2.0913-69395.5054
-310.1195 -1.9192-61302.0228
-321.0298 -2.0199-62665.9535
-408.2643 -1.5818-76317.7672
-398.2560 -1.9114-74552.8783
-437.9660 -1.8110-79745.2693
-402.9772 -1.8842-75747.1961
-367.7646 -1.7661-65605.9795
-392.9406 -1.8913-69484.2021
-317.1051 -2.1952-63761.7220
-355.6015 -1.8014-64450.3268
-438.2688 -2.1205-87348.6010
-334.7339 -2.0407-65124.3183
-514.0293 -1.5443-93643.6527
-526.1093 -1.9176-98663.7705
-555.0826 -1.4101-91162.3449
-653.9760 -1.1215-96005.8355
-613.3157 -1.3545-102903.8092
-574.5688 -1.4762-99854.6710
-596.1996 -1.5851-97568.0584
-673.8733 -1.3085-96609.9429
-570.9253 -1.5720-97057.6408
-453.6160 -1.8559-85374.7271
-512.3685 -1.7799-93175.9066
-384.8236 -1.8510-77997.5467
-536.0149 -1.7113-96497.9814
-289.9712 -1.9717-66399.4183
-596.7186 -0.9982-92484.7776
-390.5278 -0.8869-64360.6166
-429.9865 -0.7968-68899.7837
-397.0291 -1.0850-76450.3138
-413.4216 -1.7276-80202.5821
-512.4700 -1.6664-92116.8858
-627.3105 -1.5880-103558.9154
-459.2870 -1.8760-85164.1567
-489.1206 -1.8652-89171.2803
-523.3253 -1.8184-92589.2154
-483.7090 -2.0071-89596.8710
-506.5947 -1.8726-91082.8276

 ¯¯¯¯¯¯¯¯¯¯¯¯¯¯¯¯¯¯¯¯¯¯¯¯¯¯¯¯¯¯¯¯¯¯¯¯¯¯¯¯¯¯¯¯¯¯¯¯¯¯¯¯¯¯¯¯¯¯¯¯¯¯¯¯¯¯¯¯¯¯¯¯¯¯¯¯¯¯¯¯¯¯¯¯¯¯¯¯¯¯¯¯¯¯¯¯¯¯¯¯¯¯
 Algorithm iteration 1 

 Predicted hypervolume improvement:    0.0548
 Time taken:   77.3386 

 Proposed evaluation point(s): 
      x1      x2      x3      x4      x5      x6
  0.2400  0.0000  0.0000  0.0000  0.0000  0.7600
  0.2700  0.0000  0.0000  0.0000  0.0000  0.7300
  0.2300  0.0000  0.0000  0.0000  0.0000  0.7700
  0.2600  0.0000  0.0000  0.0000  0.0000  0.7400

 Corresponding observation(s): 
      f1      f2      f3
-372.1418 -2.2048-72140.7607
-390.2604 -2.1415-74934.5544
-366.2064 -2.2275-71230.4393
-384.2154 -2.1616-73995.2246

 ¯¯¯¯¯¯¯¯¯¯¯¯¯¯¯¯¯¯¯¯¯¯¯¯¯¯¯¯¯¯¯¯¯¯¯¯¯¯¯¯¯¯¯¯¯¯¯¯¯¯¯¯¯¯¯¯¯¯¯¯¯¯¯¯¯¯¯¯¯¯¯¯¯¯¯¯¯¯¯¯¯¯¯¯¯¯¯¯¯¯¯¯¯¯¯¯¯¯¯¯¯¯
 Final algorithm output 

 Final input data matrix:
        x1        x2        x3        x4        x5        x6
    0.3200    0.1300    0.0500    0.2100    0.0400    0.2500
    0.0000    0.1800    0.2100    0.2800    0.2000    0.1300
    0.0000    0.0200    0.3800    0.0400    0.2900    0.2700
    0.1900    0.3000    0.1000    0.0600    0.0700    0.2800
    0.0800    0.1600    0.1400    0.0400    0.1900    0.3900
    0.3400    0.0600    0.2300    0.1600    0.1900    0.0200
    0.1400    0.1000    0.0700    0.2000    0.2700    0.2200
    0.0700    0.0700    0.3200    0.2100    0.0300    0.3000
    0.0200    0.0100    0.2700    0.1300    0.4900    0.0800
    0.0900    0.3200    0.0300    0.1300    0.3700    0.0600
    0.0800    0.2100    0.0200    0.0000    0.6100    0.0800
    0.0900    0.3200    0.0400    0.2100    0.1700    0.1700
    0.1400    0.3000    0.0700    0.1000    0.2500    0.1400
    0.0400    0.1700    0.0700    0.2200    0.2400    0.2600
    0.1700    0.1500    0.2800    0.2900    0.0000    0.1100
    0.1000    0.1400    0.1400    0.2600    0.2700    0.0900
    1.0000    0.0000    0.0000    0.0000    0.0000    0.0000
    0.0000    1.0000    0.0000    0.0000    0.0000    0.0000
    0.0000    0.0000    0.0000    1.0000    0.0000    0.0000
    0.6000    0.4000    0.0000    0.0000    0.0000    0.0000
    0.5500    0.4500    0.0000    0.0000    0.0000    0.0000
    0.5000    0.5000    0.0000    0.0000    0.0000    0.0000
    0.4500    0.5500    0.0000    0.0000    0.0000    0.0000
    0.4000    0.6000    0.0000    0.0000    0.0000    0.0000
    0.2700    0.4400    0.0900    0.0400    0.0800    0.0800
    0.0400    0.1900    0.3600    0.2000    0.1200    0.0900
    0.0000    0.5900    0.0000    0.0800    0.0800    0.2500
    0.0000    0.3900    0.1300    0.0700    0.0300    0.3800
    0.0100    0.5100    0.0000    0.1000    0.0200    0.3600
    0.0100    0.6200    0.0100    0.0300    0.1000    0.2300
    0.0600    0.3000    0.4100    0.0100    0.0100    0.2100
    0.0800    0.3200    0.5000    0.0700    0.0200    0.0100
    0.1500    0.2800    0.2500    0.0100    0.0600    0.2500
    0.0000    0.0000    0.0000    0.0000    0.0000    1.0000
    0.0000    0.0000    0.0000    0.0000    1.0000    0.0000
    0.0200    0.1100    0.0000    0.5000    0.0300    0.3400
    0.0100    0.1900    0.0000    0.0000    0.0000    0.8000
    0.0100    0.3900    0.0000    0.0200    0.0100    0.5700
    0.1800    0.1200    0.0000    0.3600    0.0000    0.3400
    0.0100    0.0000    0.1300    0.2500    0.0000    0.6100
    0.3200    0.0000    0.1200    0.0100    0.0000    0.5500
    0.0100    0.1500    0.1000    0.2100    0.0000    0.5300
    0.0100    0.0000    0.1500    0.2500    0.0000    0.5900
    0.1500    0.4500    0.0400    0.0300    0.0100    0.3200
    0.0500    0.3200    0.0000    0.5700    0.0600    0.0000
    0.3100    0.5200    0.0000    0.0800    0.0200    0.0700
    0.1500    0.0400    0.1300    0.6700    0.0100    0.0000
    0.0000    0.2100    0.2000    0.5800    0.0100    0.0000
    0.0000    0.0100    0.2800    0.6700    0.0100    0.0300
    0.0100    0.2800    0.1100    0.4600    0.1100    0.0300
    0.4900    0.0600    0.0000    0.1400    0.0200    0.2900
    0.1400    0.0000    0.0700    0.0100    0.0100    0.7700
    0.0300    0.5800    0.1800    0.0400    0.1000    0.0700
    0.0000    0.3100    0.0100    0.0200    0.1500    0.5100
    0.2500    0.0100    0.0100    0.0400    0.1300    0.5600
    0.2900    0.4500    0.0600    0.0800    0.1200    0.0000
    0.0200    0.0100    0.1600    0.0100    0.5000    0.3000
    0.0200    0.2400    0.0000    0.0300    0.2600    0.4500
    0.0000    0.0100    0.0000    0.0100    0.2700    0.7100
    0.0900    0.0200    0.0000    0.0600    0.4000    0.4300
    0.0000    0.1600    0.0000    0.0000    0.2500    0.5900
    0.3200    0.0900    0.0200    0.0100    0.0100    0.5500
    0.0000    0.0800    0.1300    0.0000    0.1100    0.6800
    0.3900    0.0100    0.0300    0.0000    0.0000    0.5700
    0.2600    0.1800    0.0200    0.0100    0.0100    0.5200
    0.2000    0.1600    0.0000    0.0000    0.0000    0.6400
    0.5100    0.3100    0.0700    0.0100    0.0100    0.0900
    0.1400    0.1700    0.0200    0.0000    0.0000    0.6700
    0.0000    0.0300    0.0200    0.2100    0.3200    0.4200
    0.5700    0.0000    0.1100    0.0100    0.1000    0.2100
    0.5100    0.2500    0.1000    0.0200    0.1200    0.0000
    0.5100    0.0100    0.0700    0.0200    0.1100    0.2800
    0.0000    0.0000    0.0000    0.0200    0.0000    0.9800
    0.6000    0.0000    0.0300    0.0000    0.0200    0.3500
    0.3400    0.0000    0.1100    0.0100    0.0600    0.4800
    0.4400    0.1100    0.1100    0.0000    0.0600    0.2800
    0.6600    0.0000    0.0800    0.0000    0.0000    0.2600
    0.3700    0.4700    0.1000    0.0000    0.0600    0.0000
    0.4400    0.3000    0.0900    0.0400    0.1300    0.0000
    0.2700    0.6100    0.1200    0.0000    0.0000    0.0000
    0.0100    0.0000    0.0000    0.0200    0.0800    0.8900
    0.2100    0.1100    0.0600    0.0000    0.1400    0.4800
    0.5200    0.0100    0.0100    0.0000    0.0000    0.4600
    0.0000    0.3800    0.0100    0.0000    0.0000    0.6100
    0.0000    0.3100    0.0100    0.0000    0.0000    0.6800
    0.3200    0.3400    0.0200    0.0000    0.0100    0.3100
    0.0100    0.4100    0.0000    0.0000    0.0100    0.5700
    0.0000    0.4100    0.0000    0.1300    0.0000    0.4600
    0.0000    0.1800    0.0000    0.2600    0.0100    0.5500
    0.0400    0.4500    0.0000    0.0700    0.0100    0.4300
    0.0000    0.2500    0.0000    0.2500    0.0000    0.5000
    0.3600    0.2000    0.0200    0.0800    0.0000    0.3400
    0.2100    0.0000    0.0000    0.3300    0.0100    0.4500
    0.2500    0.0000    0.0000    0.3100    0.0100    0.4300
    0.1900    0.0000    0.0000    0.3200    0.0100    0.4800
    0.0000    0.6300    0.1000    0.0000    0.0000    0.2700
    0.0000    0.6600    0.0900    0.0000    0.0000    0.2500
    0.0000    0.3300    0.1100    0.0100    0.0000    0.5500
    0.0000    0.6800    0.0900    0.0000    0.0100    0.2200
    0.3500    0.0000    0.0000    0.0100    0.0000    0.6400
    0.0100    0.0000    0.0000    0.3600    0.0000    0.6300
    0.4800    0.0000    0.0100    0.0000    0.1200    0.3900
    0.3900    0.0000    0.0000    0.0200    0.0100    0.5800
    0.4000    0.1700    0.0000    0.0000    0.1200    0.3100
    0.4400    0.2700    0.0000    0.0000    0.1700    0.1200
    0.3400    0.1400    0.0000    0.0000    0.1300    0.3900
    0.3300    0.1200    0.0000    0.0000    0.1300    0.4200
    0.3900    0.0000    0.0000    0.0000    0.2200    0.3900
    0.3900    0.3100    0.0000    0.0000    0.2200    0.0800
    0.4100    0.0000    0.0000    0.0000    0.2500    0.3400
    0.3500    0.0000    0.0000    0.0000    0.2000    0.4500
    0.3300    0.0000    0.0000    0.0000    0.2100    0.4600
    0.3100    0.0000    0.0000    0.0000    0.2000    0.4900
    0.3500    0.0000    0.0000    0.0000    0.2100    0.4400
    0.2000    0.0000    0.0000    0.0000    0.0100    0.7900
    0.5000    0.0000    0.0000    0.0000    0.3000    0.2000
    0.5300    0.0600    0.0000    0.0000    0.3200    0.0900
    0.5300    0.0000    0.0000    0.0000    0.3300    0.1400
    0.4200    0.0000    0.0000    0.0000    0.2700    0.3100
    0.4200    0.0100    0.0000    0.0000    0.1400    0.4300
    0.3900    0.0000    0.0000    0.0000    0.1300    0.4800
    0.4400    0.0000    0.0000    0.0500    0.1300    0.3800
    0.2800    0.0000    0.0000    0.1100    0.0800    0.5300
    0.4200    0.1200    0.0000    0.0000    0.0600    0.4000
    0.4200    0.1100    0.0000    0.0100    0.0700    0.3900
    0.4200    0.1100    0.0000    0.0000    0.0400    0.4300
    0.4500    0.0800    0.0000    0.0000    0.0500    0.4200
    0.2400    0.0000    0.0000    0.0000    0.0000    0.7600
    0.2700    0.0000    0.0000    0.0000    0.0000    0.7300
    0.2300    0.0000    0.0000    0.0000    0.0000    0.7700
    0.2600    0.0000    0.0000    0.0000    0.0000    0.7400

 Final output data matrix:
        f1        f2        f3
 -477.3645   -1.2974-78049.1925
 -454.7535   -1.3662-68112.8155
 -279.9044   -2.1133-51731.0693
 -469.5247   -1.7578-77876.9026
 -440.0426   -1.9634-76654.9118
 -365.6047   -1.2303-62118.0243
 -410.9856   -1.1190-66049.6554
 -136.1656   -0.8962-22268.5639
 -369.0088   -1.3142-61644.3643
 -533.9811   -0.8968-68784.7611
 -442.6768   -0.7257-59416.2131
 -507.4257   -0.9822-66650.9629
 -443.6008   -1.1184-65323.0907
 -489.5899   -1.3294-72483.9913
 -359.3333   -1.7335-60280.1487
 -485.2462   -0.8865-66192.4108
 -228.9585   -0.7284-49588.2084
 -435.6576   -1.1748-60782.1527
 -368.0328   -0.0378-29839.9581
 -558.3333   -1.0147-72324.3305
 -545.1107   -1.0090-76481.1353
 -595.9865   -1.0313-80252.0073
 -577.5167   -1.0272-78299.5278
 -603.0115   -1.0486-79494.8772
 -536.4679   -1.3385-83057.1828
 -380.6202   -1.5761-63939.3838
 -487.9964   -1.6929-74452.7693
 -492.2164   -2.0354-77476.1977
 -483.0457   -1.7036-74331.8675
 -461.0062   -1.5331-68683.9650
 -428.6732   -1.9582-73565.0149
 -420.3458   -1.7501-70958.0370
 -185.7397   -1.9998-39188.2443
 -307.5914   -2.9333-68673.8814
 -248.0791   -0.3369-41639.4837
 -330.4220   -1.6093-58954.7196
 -261.1897   -2.5356-54113.5267
 -374.3907   -2.1313-72005.0906
 -442.1932   -1.6426-73645.0393
 -325.5454   -2.2577-65492.6760
 -407.4563   -1.7142-79298.8675
 -280.7768   -2.0890-55835.4428
 -345.4445   -2.2639-66935.4850
 -337.8766   -1.7123-65225.4544
 -380.5099   -0.6146-47362.4095
 -423.7886   -1.3121-68132.9194
 -412.9137   -0.7221-59055.9302
 -389.7163   -1.2975-60315.7332
 -243.9299   -1.5816-43427.1956
 -418.8166   -1.1219-61444.5239
 -463.1094   -1.4660-81856.9346
 -260.4919   -1.9421-59060.6871
 -461.1271   -1.5697-75813.0466
 -434.9195   -1.9723-80545.7853
 -411.2741   -1.7072-85333.3874
 -593.8157   -1.0758-82484.6477
 -331.6431   -1.2261-62332.4475
 -461.8788   -1.5726-80820.6379
 -386.3988   -1.9098-76223.9832
 -458.6168   -1.3865-78606.8274
 -386.1546   -1.7969-73308.3934
 -420.6757   -1.8963-83069.8760
 -256.3444   -2.2542-53258.3199
 -343.7864   -1.8975-72697.8828
 -317.0968   -1.9236-66141.3310
 -405.5608   -1.9380-81223.2023
 -579.2708   -1.0437-87100.5169
 -297.2664   -2.2664-61771.9743
 -230.0024   -1.7750-53153.7094
 -296.3126   -0.8946-60049.3899
 -625.1337   -1.1253-94708.7918
 -559.4404   -1.5604-98460.5528
 -350.2734   -2.6724-74202.1381
 -483.8073   -1.5770-91455.1658
 -333.6048   -1.8340-67470.0844
 -401.3639   -1.5176-75081.6898
 -339.8147   -1.1731-68370.6235
 -619.8270   -1.3159-92324.8900
 -456.6095   -1.0320-73399.8497
 -527.1160   -1.2052-80673.3135
 -182.0132   -2.1459-33836.3245
 -299.4935   -1.9115-62779.5207
 -342.4831   -1.8084-73190.6083
 -292.5484   -2.1003-64376.6034
 -284.1961   -2.0337-60695.8700
 -418.6794   -1.5121-75788.0791
 -272.5130   -1.9527-60034.6655
 -324.9663   -1.9969-65021.8788
 -361.4059   -2.0913-69395.5054
 -310.1195   -1.9192-61302.0228
 -321.0298   -2.0199-62665.9535
 -408.2643   -1.5818-76317.7672
 -398.2560   -1.9114-74552.8783
 -437.9660   -1.8110-79745.2693
 -402.9772   -1.8842-75747.1961
 -367.7646   -1.7661-65605.9795
 -392.9406   -1.8913-69484.2021
 -317.1051   -2.1952-63761.7220
 -355.6015   -1.8014-64450.3268
 -438.2688   -2.1205-87348.6010
 -334.7339   -2.0407-65124.3183
 -514.0293   -1.5443-93643.6527
 -526.1093   -1.9176-98663.7705
 -555.0826   -1.4101-91162.3449
 -653.9760   -1.1215-96005.8355
 -613.3157   -1.3545-102903.8092
 -574.5688   -1.4762-99854.6710
 -596.1996   -1.5851-97568.0584
 -673.8733   -1.3085-96609.9429
 -570.9253   -1.5720-97057.6408
 -453.6160   -1.8559-85374.7271
 -512.3685   -1.7799-93175.9066
 -384.8236   -1.8510-77997.5467
 -536.0149   -1.7113-96497.9814
 -289.9712   -1.9717-66399.4183
 -596.7186   -0.9982-92484.7776
 -390.5278   -0.8869-64360.6166
 -429.9865   -0.7968-68899.7837
 -397.0291   -1.0850-76450.3138
 -413.4216   -1.7276-80202.5821
 -512.4700   -1.6664-92116.8858
 -627.3105   -1.5880-103558.9154
 -459.2870   -1.8760-85164.1567
 -489.1206   -1.8652-89171.2803
 -523.3253   -1.8184-92589.2154
 -483.7090   -2.0071-89596.8710
 -506.5947   -1.8726-91082.8276
 -372.1418   -2.2048-72140.7607
 -390.2604   -2.1415-74934.5544
 -366.2064   -2.2275-71230.4393
 -384.2154   -2.1616-73995.2246

 Input data matrix of corresponding Pareto front:
        x1        x2        x3        x4        x5        x6
    0.0000    0.3900    0.1300    0.0700    0.0300    0.3800
    0.0000    0.0000    0.0000    0.0000    0.0000    1.0000
    0.0100    0.3900    0.0000    0.0200    0.0100    0.5700
    0.0000    0.0000    0.0000    0.0200    0.0000    0.9800
    0.3500    0.0000    0.0000    0.0100    0.0000    0.6400
    0.3900    0.0000    0.0000    0.0200    0.0100    0.5800
    0.3900    0.3100    0.0000    0.0000    0.2200    0.0800
    0.3500    0.0000    0.0000    0.0000    0.2100    0.4400
    0.4400    0.0000    0.0000    0.0500    0.1300    0.3800
    0.4200    0.1100    0.0000    0.0000    0.0400    0.4300

 Output data matrix of corresponding Pareto front:
        f1        f2        f3
 -492.2164   -2.0354-77476.1977
 -307.5914   -2.9333-68673.8814
 -374.3907   -2.1313-72005.0906
 -350.2734   -2.6724-74202.1381
 -438.2688   -2.1205-87348.6010
 -526.1093   -1.9176-98663.7705
 -673.8733   -1.3085-96609.9429
 -536.0149   -1.7113-96497.9814
 -627.3105   -1.5880-103558.9154
 -483.7090   -2.0071-89596.8710

 Input data matrix of Pareto front of final Gaussian process model:
        x1        x2        x3        x4        x5        x6
    0.0622    0.0005    0.0000    0.0017    0.0023    0.9333
    0.4354    0.3960    0.0000    0.0001    0.1669    0.0016
    0.0000    0.0000    0.0000    0.0000    0.0000    1.0000
    0.3892    0.4283    0.0000    0.0000    0.1805    0.0018
    0.4334    0.1133    0.0000    0.0003    0.1440    0.3089
    0.0000    0.0000    0.0000    0.0000    0.0000    1.0000
    0.1340    0.0000    0.0000    0.0012    0.0001    0.8647
    0.0337    0.0000    0.0000    0.0000    0.0001    0.9663
    0.2615    0.0008    0.0000    0.0002    0.0008    0.7368
    0.3823    0.0015    0.0000    0.0011    0.0007    0.6143
    0.3935    0.0005    0.0000    0.0019    0.0008    0.6032
    0.0227    0.0001    0.0000    0.0000    0.0005    0.9767
    0.3753    0.0004    0.0000    0.0005    0.0005    0.6233
    0.1923    0.0005    0.0000    0.0014    0.0006    0.8051
    0.3601    0.1317    0.0000    0.0021    0.1303    0.3758
    0.1869    0.0003    0.0000    0.0011    0.0000    0.8116
    0.3730    0.1345    0.0000    0.0019    0.1330    0.3576
    0.4289    0.0850    0.0000    0.0003    0.0149    0.4709
    0.2028    0.0005    0.0000    0.0008    0.0012    0.7947
    0.2164    0.0005    0.0000    0.0014    0.0003    0.7813
    0.3897    0.0886    0.0000    0.0000    0.1300    0.3917
    0.2433    0.0005    0.0000    0.0000    0.0000    0.7561
    0.3840    0.3837    0.0000    0.0000    0.1706    0.0616
    0.2548    0.0010    0.0000    0.0015    0.0007    0.7420
    0.3509    0.1266    0.0000    0.0018    0.1252    0.3956
    0.0945    0.0000    0.0000    0.0000    0.0000    0.9055
    0.3114    0.0003    0.0000    0.0004    0.0004    0.6874
    0.4471    0.0150    0.0000    0.0022    0.0171    0.5186
    0.2746    0.0019    0.0000    0.0026    0.0006    0.7202
    0.3229    0.0003    0.0000    0.0005    0.0005    0.6759
    0.3497    0.0003    0.0000    0.0004    0.0004    0.6491
    0.3601    0.1060    0.0000    0.0002    0.0671    0.4667
    0.3918    0.3981    0.0000    0.0000    0.1815    0.0286
    0.3044    0.0036    0.0000    0.0010    0.0000    0.6910
    0.3601    0.4462    0.0000    0.0000    0.1921    0.0016
    0.0720    0.0007    0.0000    0.0006    0.0013    0.9254
    0.4297    0.0006    0.0000    0.0004    0.0004    0.5689
    0.0075    0.0009    0.0000    0.0005    0.0007    0.9904
    0.2914    0.0018    0.0000    0.0022    0.0006    0.7040
    0.3437    0.0020    0.0000    0.0008    0.0006    0.6530
    0.3837    0.4108    0.0000    0.0004    0.1723    0.0328
    0.3546    0.3071    0.0000    0.0030    0.1396    0.1958
    0.1482    0.0006    0.0000    0.0000    0.0004    0.8508
    0.3595    0.3657    0.0000    0.0003    0.1501    0.1244
    0.3627    0.0003    0.0000    0.0022    0.0005    0.6343
    0.1529    0.0004    0.0000    0.0010    0.0002    0.8455
    0.3932    0.2145    0.0000    0.0002    0.1433    0.2487
    0.2513    0.0008    0.0000    0.0002    0.0008    0.7469
    0.1831    0.0009    0.0000    0.0000    0.0006    0.8155
    0.3575    0.0003    0.0000    0.0005    0.0005    0.6411
    0.3676    0.1488    0.0000    0.0021    0.0859    0.3956
    0.3542    0.4023    0.0000    0.0019    0.1512    0.0904
    0.3763    0.1189    0.0000    0.0009    0.1158    0.3880
    0.0130    0.0002    0.0000    0.0011    0.0008    0.9850
    0.4047    0.0624    0.0000    0.0018    0.1146    0.4166
    0.3739    0.0564    0.0000    0.0039    0.0953    0.4706
    0.3574    0.1169    0.0000    0.0000    0.0698    0.4559
    0.2712    0.0005    0.0000    0.0001    0.0015    0.7267
    0.3853    0.1238    0.0000    0.0012    0.1364    0.3533
    0.3847    0.1156    0.0000    0.0000    0.1470    0.3527
    0.4689    0.0133    0.0000    0.0004    0.0240    0.4934
    0.3666    0.0553    0.0000    0.0039    0.1128    0.4614
    0.0504    0.0007    0.0000    0.0005    0.0013    0.9471
    0.2973    0.0003    0.0000    0.0000    0.0003    0.7021
    0.4452    0.0000    0.0000    0.0032    0.1519    0.3996
    0.3991    0.3880    0.0000    0.0000    0.1615    0.0514
    0.3407    0.0003    0.0000    0.0005    0.0005    0.6579
    0.0792    0.0008    0.0000    0.0005    0.0006    0.9189
    0.2136    0.0006    0.0000    0.0000    0.0004    0.7854
    0.1192    0.0007    0.0000    0.0018    0.0004    0.8780
    0.1441    0.0004    0.0000    0.0009    0.0002    0.8545
    0.1024    0.0005    0.0000    0.0007    0.0007    0.8957
    0.0570    0.0008    0.0000    0.0006    0.0015    0.9401
    0.3565    0.1680    0.0000    0.0003    0.1184    0.3568
    0.3528    0.0021    0.0000    0.0011    0.0007    0.6432
    0.2820    0.0003    0.0000    0.0000    0.0004    0.7174
    0.3150    0.3035    0.0000    0.0005    0.1467    0.2343
    0.1764    0.0005    0.0000    0.0002    0.0003    0.8226
    0.1256    0.0009    0.0000    0.0022    0.0005    0.8708
    0.2218    0.0007    0.0000    0.0002    0.0008    0.7765
    0.4240    0.1134    0.0000    0.0000    0.1305    0.3321
    0.3127    0.0009    0.0000    0.0018    0.0006    0.6841
    0.3265    0.4067    0.0000    0.0004    0.1376    0.1288
    0.3272    0.2265    0.0000    0.0000    0.1613    0.2850
    0.3974    0.0311    0.0000    0.0000    0.0026    0.5689
    0.2987    0.0005    0.0000    0.0001    0.0013    0.6994
    0.3639    0.0966    0.0000    0.0000    0.1302    0.4093
    0.3371    0.0003    0.0000    0.0004    0.0004    0.6618
    0.2786    0.0005    0.0000    0.0008    0.0004    0.7196
    0.2275    0.0007    0.0000    0.0002    0.0008    0.7709
    0.3653    0.3941    0.0000    0.0005    0.1632    0.0768
    0.1791    0.0005    0.0000    0.0002    0.0003    0.8199
    0.3553    0.1534    0.0000    0.0032    0.1451    0.3430
    0.1970    0.0003    0.0000    0.0011    0.0006    0.8009
    0.3690    0.1595    0.0000    0.0012    0.1700    0.3003
    0.2893    0.0019    0.0000    0.0003    0.0006    0.7079
    0.3907    0.2869    0.0000    0.0023    0.1342    0.1860
    0.4023    0.0650    0.0000    0.0002    0.0000    0.5326
    0.2838    0.0007    0.0000    0.0005    0.0014    0.7135
    0.3436    0.3359    0.0000    0.0004    0.1292    0.1909
    0.3620    0.2155    0.0000    0.0000    0.1502    0.2723
    0.2226    0.0008    0.0000    0.0000    0.0014    0.7751
    0.4397    0.3959    0.0000    0.0000    0.1624    0.0021
    0.3740    0.3629    0.0000    0.0000    0.1870    0.0761
    0.3651    0.3834    0.0000    0.0000    0.1477    0.1038
    0.3883    0.0900    0.0000    0.0002    0.0245    0.4969
    0.3768    0.1312    0.0000    0.0025    0.1241    0.3655
    0.4036    0.1445    0.0000    0.0029    0.1471    0.3019
    0.2870    0.0008    0.0000    0.0005    0.0005    0.7112
    0.3331    0.0004    0.0000    0.0006    0.0011    0.6647
    0.3516    0.2827    0.0000    0.0000    0.1257    0.2400
    0.4051    0.0000    0.0000    0.0019    0.0006    0.5924
    0.3684    0.0005    0.0000    0.0018    0.0008    0.6285
    0.4305    0.3058    0.0000    0.0001    0.1434    0.1202
    0.3436    0.1717    0.0000    0.0031    0.1493    0.3323
    0.3819    0.1178    0.0000    0.0000    0.0000    0.5003
    0.4095    0.0005    0.0000    0.0005    0.0004    0.5891
    0.2360    0.0004    0.0000    0.0000    0.0000    0.7635
    0.3851    0.1574    0.0000    0.0000    0.1459    0.3115
    0.1989    0.0005    0.0000    0.0007    0.0006    0.7992
    0.3775    0.0561    0.0000    0.0002    0.1283    0.4379
    0.3337    0.3769    0.0000    0.0065    0.1547    0.1282
    0.3741    0.4319    0.0000    0.0004    0.1616    0.0320
    0.3836    0.0933    0.0000    0.0015    0.0481    0.4735
    0.3326    0.3493    0.0000    0.0001    0.1251    0.1929
    0.0378    0.0005    0.0000    0.0037    0.0007    0.9574
    0.3758    0.1501    0.0000    0.0017    0.1357    0.3367
    0.3293    0.0020    0.0000    0.0011    0.0007    0.6669
    0.3543    0.0862    0.0000    0.0020    0.1203    0.4373
    0.1562    0.0005    0.0000    0.0021    0.0009    0.8403
    0.3245    0.3776    0.0000    0.0015    0.1567    0.1396
    0.3522    0.1036    0.0000    0.0003    0.1042    0.4396
    0.1258    0.0010    0.0000    0.0016    0.0007    0.8709
    0.2386    0.0010    0.0000    0.0023    0.0006    0.7575
    0.1174    0.0003    0.0000    0.0000    0.0001    0.8822
    0.4136    0.1106    0.0000    0.0000    0.1519    0.3239
    0.4370    0.0000    0.0000    0.0335    0.0139    0.5156
    0.1667    0.0008    0.0000    0.0020    0.0004    0.8300
    0.3628    0.3381    0.0000    0.0000    0.1715    0.1275
    0.2093    0.0009    0.0000    0.0022    0.0005    0.7871
    0.2081    0.0006    0.0000    0.0002    0.0004    0.7907
    0.1396    0.0009    0.0000    0.0000    0.0006    0.8588
    0.3718    0.1141    0.0000    0.0002    0.0113    0.5025
    0.0378    0.0005    0.0000    0.0037    0.0007    0.9574
    0.2470    0.0005    0.0000    0.0001    0.0015    0.7510
    0.1127    0.0008    0.0000    0.0005    0.0006    0.8855
    0.4027    0.0006    0.0000    0.0004    0.0764    0.5200
    0.3907    0.0548    0.0000    0.0000    0.1098    0.4446
    0.3758    0.0871    0.0000    0.0002    0.0844    0.4525
    0.2323    0.0005    0.0000    0.0016    0.0003    0.7653
    0.3178    0.0003    0.0000    0.0005    0.0005    0.6807
    0.3987    0.0924    0.0000    0.0003    0.0720    0.4365
    0.3258    0.0005    0.0000    0.0016    0.0007    0.6714
    0.3885    0.4220    0.0000    0.0004    0.1579    0.0313
    0.3460    0.2129    0.0000    0.0000    0.1594    0.2816
    0.3451    0.3292    0.0000    0.0142    0.1451    0.1664
    0.4247    0.0490    0.0000    0.0002    0.0000    0.5261
    0.2466    0.0005    0.0000    0.0017    0.0015    0.7497
    0.3892    0.4283    0.0000    0.0000    0.1805    0.0018
    0.3157    0.0052    0.0000    0.0009    0.0005    0.6776
    0.3627    0.1067    0.0000    0.0002    0.0602    0.4701
    0.4509    0.0476    0.0000    0.0008    0.0000    0.5007
    0.3391    0.3945    0.0000    0.0016    0.1190    0.1459
    0.3735    0.1757    0.0000    0.0000    0.1336    0.3172
    0.2652    0.0007    0.0000    0.0005    0.0013    0.7323
    0.3958    0.3141    0.0000    0.0001    0.1324    0.1576
    0.3268    0.3479    0.0000    0.0001    0.1245    0.2006
    0.3857    0.0479    0.0000    0.0000    0.0856    0.4809
    0.0875    0.0029    0.0000    0.0001    0.0001    0.9094
    0.1713    0.0003    0.0000    0.0000    0.0003    0.8280
    0.0638    0.0002    0.0000    0.0022    0.0007    0.9330
    0.2644    0.0007    0.0000    0.0000    0.0011    0.7338
    0.3993    0.3403    0.0000    0.0000    0.1676    0.0928
    0.3875    0.1029    0.0000    0.0000    0.0426    0.4670
    0.1605    0.0004    0.0000    0.0020    0.0007    0.8364
    0.2678    0.0007    0.0000    0.0022    0.0008    0.7285
    0.3439    0.2553    0.0000    0.0000    0.1424    0.2583
    0.3880    0.0444    0.0000    0.0014    0.0991    0.4670
    0.3462    0.2409    0.0000    0.0000    0.1399    0.2730
    0.2536    0.0007    0.0000    0.0005    0.0015    0.7437
    0.3676    0.0000    0.0000    0.0004    0.0004    0.6316
    0.3449    0.3371    0.0000    0.0004    0.1260    0.1916
    0.1050    0.0009    0.0000    0.0000    0.0007    0.8934
    0.3669    0.1646    0.0000    0.0002    0.1541    0.3142
    0.4544    0.0000    0.0000    0.0000    0.1219    0.4237
    0.4302    0.0414    0.0000    0.0028    0.0405    0.4851
    0.1709    0.0003    0.0000    0.0037    0.0007    0.8243
    0.0622    0.0005    0.0000    0.0013    0.0023    0.9337
    0.4032    0.3667    0.0000    0.0000    0.1546    0.0755
    0.3475    0.4093    0.0000    0.0002    0.1311    0.1119
    0.4100    0.1142    0.0000    0.0000    0.0205    0.4553
    0.3641    0.1214    0.0000    0.0000    0.0411    0.4735
    0.0814    0.0048    0.0000    0.0024    0.0004    0.9110
    0.0526    0.0003    0.0000    0.0014    0.0007    0.9449
    0.3772    0.2564    0.0000    0.0000    0.1340    0.2325
    0.2307    0.0012    0.0000    0.0000    0.0013    0.7668
    0.3441    0.3513    0.0000    0.0000    0.1366    0.1680
    0.4549    0.0006    0.0000    0.0005    0.0002    0.5438
    0.3778    0.0433    0.0000    0.0009    0.0965    0.4816
    0.3752    0.3578    0.0000    0.0000    0.1664    0.1005

 Output data matrix of Pareto front of final Gaussian process model:
        f1        f2        f3
 -296.2442   -2.5186-62581.7228
 -647.7090   -0.9746-89802.9365
 -288.2909   -2.7469-63976.5061
 -650.6002   -0.9971-88746.6928
 -558.4775   -1.4434-96524.0574
 -288.2909   -2.7469-63976.5061
 -317.2671   -2.3360-64732.2723
 -291.3570   -2.6295-63205.5305
 -374.1043   -2.1399-75116.0044
 -429.0250   -1.9805-84910.3206
 -432.9063   -1.9691-85426.4522
 -289.9671   -2.6657-63349.6151
 -426.0395   -1.9900-84508.9262
 -341.2254   -2.2322-68613.8478
 -536.0343   -1.6472-94819.3780
 -338.7141   -2.2419-68201.8226
 -544.1708   -1.5991-95491.1093
 -469.0479   -1.8829-86927.5544
 -346.0706   -2.2167-69444.8116
 -352.2832   -2.1994-70657.6141
 -531.4253   -1.6700-95150.1635
 -364.9648   -2.1659-73200.7304
 -640.9229   -1.0960-91417.0538
 -370.9478   -2.1474-74467.9513
 -526.6623   -1.6956-94000.1281
 -304.3459   -2.4359-63221.7579
 -398.3156   -2.0726-80041.8723
 -458.3747   -1.8995-87394.2495
 -380.9143   -2.1190-76626.3052
 -403.7030   -2.0568-81007.5662
 -415.6712   -2.0211-82969.8011
 -484.3165   -1.8464-89047.6361
 -646.9232   -1.0326-89732.4486
 -395.2871   -2.0793-79543.6824
 -648.6445   -1.0078-87770.5199
