
 TSEMO log file created on 03-Mar-2020 

 This file shows the initial specifications of TSEMO and logs the output.
 ¯¯¯¯¯¯¯¯¯¯¯¯¯¯¯¯¯¯¯¯¯¯¯¯¯¯¯¯¯¯¯¯¯¯¯¯¯¯¯¯¯¯¯¯¯¯¯¯¯¯¯¯¯¯¯¯¯¯¯¯¯¯¯¯¯¯¯¯¯¯¯¯¯¯¯¯¯¯¯¯¯¯¯¯¯¯¯¯¯¯¯¯¯¯¯¯¯¯¯¯¯¯
 License information 

 BSD 2-Clause License 

 Copyright (c) 2017, Eric Bradford, Artur M. Schweidtmann and Alexei Lapkin
 All rights reserved. 

 Redistribution and use in source and binary forms, with or without
 modification, are permitted provided that the following conditions are met: 

 *Redistributions of source code must retain the above copyright notice, this   
  list of conditions and the following disclaimer. 

 *Redistributions in binary form must reproduce the above copyright notice,   
  this list of conditions and the following disclaimer in the documentation   
  and/or other materials provided with the distribution. 

 Modified by Mina Konakovic Lukovic 2019. 

 ¯¯¯¯¯¯¯¯¯¯¯¯¯¯¯¯¯¯¯¯¯¯¯¯¯¯¯¯¯¯¯¯¯¯¯¯¯¯¯¯¯¯¯¯¯¯¯¯¯¯¯¯¯¯¯¯¯¯¯¯¯¯¯¯¯¯¯¯¯¯¯¯¯¯¯¯¯¯¯¯¯¯¯¯¯¯¯¯¯¯¯¯¯¯¯¯¯¯¯¯¯¯
 Problem specifications 

 Function used:   consta 

 Number of inputs:   6
 Number of outputs:  3 

 Lower bounds of decision variables:
      x1      x2      x3      x4      x5      x6
  0.0000  0.0000  0.0000  0.0000  0.0000  0.0000
 
 Upper bounds of decision variables:
      x1      x2      x3      x4      x5      x6
  1.0000  1.0000  0.5000  1.0000  1.0000  1.0000
 ¯¯¯¯¯¯¯¯¯¯¯¯¯¯¯¯¯¯¯¯¯¯¯¯¯¯¯¯¯¯¯¯¯¯¯¯¯¯¯¯¯¯¯¯¯¯¯¯¯¯¯¯¯¯¯¯¯¯¯¯¯¯¯¯¯¯¯¯¯¯¯¯¯¯¯¯¯¯¯¯¯¯¯¯¯¯¯¯¯¯¯¯¯¯¯¯¯¯¯¯¯¯
 Algorithm options 

 Maximum number of function evaluations:  4
 Sample batch size:                       4
 Number of algorithm iterations:          1 

 Genetic algorithm population size:        200
 Genetic algorithm number of generations:  200 

                                               f1      f2      f3
 Number of spectral sampling points:         4000    4000    4000
 Type of matern function:                       5       5       5
 Direct evaluations per input dimension:      200     200     200
 ¯¯¯¯¯¯¯¯¯¯¯¯¯¯¯¯¯¯¯¯¯¯¯¯¯¯¯¯¯¯¯¯¯¯¯¯¯¯¯¯¯¯¯¯¯¯¯¯¯¯¯¯¯¯¯¯¯¯¯¯¯¯¯¯¯¯¯¯¯¯¯¯¯¯¯¯¯¯¯¯¯¯¯¯¯¯¯¯¯¯¯¯¯¯¯¯¯¯¯¯¯¯
 Initial data set 

 Number of initial data points:  127 

 Initial input data matrix:
      x1      x2      x3      x4      x5      x6
  0.3200  0.1300  0.0500  0.2100  0.0400  0.2500
  0.0000  0.1800  0.2100  0.2800  0.2000  0.1300
  0.0000  0.0200  0.3800  0.0400  0.2900  0.2700
  0.1900  0.3000  0.1000  0.0600  0.0700  0.2800
  0.0800  0.1600  0.1400  0.0400  0.1900  0.3900
  0.3400  0.0600  0.2300  0.1600  0.1900  0.0200
  0.1400  0.1000  0.0700  0.2000  0.2700  0.2200
  0.0700  0.0700  0.3200  0.2100  0.0300  0.3000
  0.0200  0.0100  0.2700  0.1300  0.4900  0.0800
  0.0900  0.3200  0.0300  0.1300  0.3700  0.0600
  0.0800  0.2100  0.0200  0.0000  0.6100  0.0800
  0.0900  0.3200  0.0400  0.2100  0.1700  0.1700
  0.1400  0.3000  0.0700  0.1000  0.2500  0.1400
  0.0400  0.1700  0.0700  0.2200  0.2400  0.2600
  0.1700  0.1500  0.2800  0.2900  0.0000  0.1100
  0.1000  0.1400  0.1400  0.2600  0.2700  0.0900
  1.0000  0.0000  0.0000  0.0000  0.0000  0.0000
  0.0000  1.0000  0.0000  0.0000  0.0000  0.0000
  0.0000  0.0000  0.0000  1.0000  0.0000  0.0000
  0.6000  0.4000  0.0000  0.0000  0.0000  0.0000
  0.5500  0.4500  0.0000  0.0000  0.0000  0.0000
  0.5000  0.5000  0.0000  0.0000  0.0000  0.0000
  0.4500  0.5500  0.0000  0.0000  0.0000  0.0000
  0.4000  0.6000  0.0000  0.0000  0.0000  0.0000
  0.2700  0.4400  0.0900  0.0400  0.0800  0.0800
  0.0400  0.1900  0.3600  0.2000  0.1200  0.0900
  0.0000  0.5900  0.0000  0.0800  0.0800  0.2500
  0.0000  0.3900  0.1300  0.0700  0.0300  0.3800
  0.0100  0.5100  0.0000  0.1000  0.0200  0.3600
  0.0100  0.6200  0.0100  0.0300  0.1000  0.2300
  0.0600  0.3000  0.4100  0.0100  0.0100  0.2100
  0.0800  0.3200  0.5000  0.0700  0.0200  0.0100
  0.1500  0.2800  0.2500  0.0100  0.0600  0.2500
  0.0000  0.0000  0.0000  0.0000  0.0000  1.0000
  0.0000  0.0000  0.0000  0.0000  1.0000  0.0000
  0.0200  0.1100  0.0000  0.5000  0.0300  0.3400
  0.0100  0.1900  0.0000  0.0000  0.0000  0.8000
  0.0100  0.3900  0.0000  0.0200  0.0100  0.5700
  0.1800  0.1200  0.0000  0.3600  0.0000  0.3400
  0.0100  0.0000  0.1300  0.2500  0.0000  0.6100
  0.3200  0.0000  0.1200  0.0100  0.0000  0.5500
  0.0100  0.1500  0.1000  0.2100  0.0000  0.5300
  0.0100  0.0000  0.1500  0.2500  0.0000  0.5900
  0.1500  0.4500  0.0400  0.0300  0.0100  0.3200
  0.0500  0.3200  0.0000  0.5700  0.0600  0.0000
  0.3100  0.5200  0.0000  0.0800  0.0200  0.0700
  0.1500  0.0400  0.1300  0.6700  0.0100  0.0000
  0.0000  0.2100  0.2000  0.5800  0.0100  0.0000
  0.0000  0.0100  0.2800  0.6700  0.0100  0.0300
  0.0100  0.2800  0.1100  0.4600  0.1100  0.0300
  0.4900  0.0600  0.0000  0.1400  0.0200  0.2900
  0.1400  0.0000  0.0700  0.0100  0.0100  0.7700
  0.0300  0.5800  0.1800  0.0400  0.1000  0.0700
  0.0000  0.3100  0.0100  0.0200  0.1500  0.5100
  0.2500  0.0100  0.0100  0.0400  0.1300  0.5600
  0.2900  0.4500  0.0600  0.0800  0.1200  0.0000
  0.0200  0.0100  0.1600  0.0100  0.5000  0.3000
  0.0200  0.2400  0.0000  0.0300  0.2600  0.4500
  0.0000  0.0100  0.0000  0.0100  0.2700  0.7100
  0.0900  0.0200  0.0000  0.0600  0.4000  0.4300
  0.0000  0.1600  0.0000  0.0000  0.2500  0.5900
  0.3200  0.0900  0.0200  0.0100  0.0100  0.5500
  0.0000  0.0800  0.1300  0.0000  0.1100  0.6800
  0.3900  0.0100  0.0300  0.0000  0.0000  0.5700
  0.2600  0.1800  0.0200  0.0100  0.0100  0.5200
  0.2000  0.1600  0.0000  0.0000  0.0000  0.6400
  0.5100  0.3100  0.0700  0.0100  0.0100  0.0900
  0.1400  0.1700  0.0200  0.0000  0.0000  0.6700
  0.0000  0.0300  0.0200  0.2100  0.3200  0.4200
  0.5700  0.0000  0.1100  0.0100  0.1000  0.2100
  0.5100  0.2500  0.1000  0.0200  0.1200  0.0000
  0.5100  0.0100  0.0700  0.0200  0.1100  0.2800
  0.0000  0.0000  0.0000  0.0200  0.0000  0.9800
  0.6000  0.0000  0.0300  0.0000  0.0200  0.3500
  0.3400  0.0000  0.1100  0.0100  0.0600  0.4800
  0.4400  0.1100  0.1100  0.0000  0.0600  0.2800
  0.6600  0.0000  0.0800  0.0000  0.0000  0.2600
  0.3700  0.4700  0.1000  0.0000  0.0600  0.0000
  0.4400  0.3000  0.0900  0.0400  0.1300  0.0000
  0.2700  0.6100  0.1200  0.0000  0.0000  0.0000
  0.0100  0.0000  0.0000  0.0200  0.0800  0.8900
  0.2100  0.1100  0.0600  0.0000  0.1400  0.4800
  0.5200  0.0100  0.0100  0.0000  0.0000  0.4600
  0.0000  0.3800  0.0100  0.0000  0.0000  0.6100
  0.0000  0.3100  0.0100  0.0000  0.0000  0.6800
  0.3200  0.3400  0.0200  0.0000  0.0100  0.3100
  0.0100  0.4100  0.0000  0.0000  0.0100  0.5700
  0.0000  0.4100  0.0000  0.1300  0.0000  0.4600
  0.0000  0.1800  0.0000  0.2600  0.0100  0.5500
  0.0400  0.4500  0.0000  0.0700  0.0100  0.4300
  0.0000  0.2500  0.0000  0.2500  0.0000  0.5000
  0.3600  0.2000  0.0200  0.0800  0.0000  0.3400
  0.2100  0.0000  0.0000  0.3300  0.0100  0.4500
  0.2500  0.0000  0.0000  0.3100  0.0100  0.4300
  0.1900  0.0000  0.0000  0.3200  0.0100  0.4800
  0.0000  0.6300  0.1000  0.0000  0.0000  0.2700
  0.0000  0.6600  0.0900  0.0000  0.0000  0.2500
  0.0000  0.3300  0.1100  0.0100  0.0000  0.5500
  0.0000  0.6800  0.0900  0.0000  0.0100  0.2200
  0.3500  0.0000  0.0000  0.0100  0.0000  0.6400
  0.0100  0.0000  0.0000  0.3600  0.0000  0.6300
  0.4800  0.0000  0.0100  0.0000  0.1200  0.3900
  0.3900  0.0000  0.0000  0.0200  0.0100  0.5800
  0.4000  0.1700  0.0000  0.0000  0.1200  0.3100
  0.4400  0.2700  0.0000  0.0000  0.1700  0.1200
  0.3400  0.1400  0.0000  0.0000  0.1300  0.3900
  0.3300  0.1200  0.0000  0.0000  0.1300  0.4200
  0.3900  0.0000  0.0000  0.0000  0.2200  0.3900
  0.3900  0.3100  0.0000  0.0000  0.2200  0.0800
  0.4100  0.0000  0.0000  0.0000  0.2500  0.3400
  0.3500  0.0000  0.0000  0.0000  0.2000  0.4500
  0.3300  0.0000  0.0000  0.0000  0.2100  0.4600
  0.3100  0.0000  0.0000  0.0000  0.2000  0.4900
  0.3500  0.0000  0.0000  0.0000  0.2100  0.4400
  0.2000  0.0000  0.0000  0.0000  0.0100  0.7900
  0.5000  0.0000  0.0000  0.0000  0.3000  0.2000
  0.5300  0.0600  0.0000  0.0000  0.3200  0.0900
  0.5300  0.0000  0.0000  0.0000  0.3300  0.1400
  0.4200  0.0000  0.0000  0.0000  0.2700  0.3100
  0.4200  0.0100  0.0000  0.0000  0.1400  0.4300
  0.3900  0.0000  0.0000  0.0000  0.1300  0.4800
  0.4400  0.0000  0.0000  0.0500  0.1300  0.3800
  0.2800  0.0000  0.0000  0.1100  0.0800  0.5300
  0.4200  0.1200  0.0000  0.0000  0.0600  0.4000
  0.4200  0.1100  0.0000  0.0100  0.0700  0.3900
  0.4200  0.1100  0.0000  0.0000  0.0400  0.4300
  0.4500  0.0800  0.0000  0.0000  0.0500  0.4200

 Initial output data matrix:
      f1      f2      f3
-477.3645 -1.2974-78049.1925
-454.7535 -1.3662-68112.8155
-279.9044 -2.1133-51731.0693
-469.5247 -1.7578-77876.9026
-440.0426 -1.9634-76654.9118
-365.6047 -1.2303-62118.0243
-410.9856 -1.1190-66049.6554
-136.1656 -0.8962-22268.5639
-369.0088 -1.3142-61644.3643
-533.9811 -0.8968-68784.7611
-442.6768 -0.7257-59416.2131
-507.4257 -0.9822-66650.9629
-443.6008 -1.1184-65323.0907
-489.5899 -1.3294-72483.9913
-359.3333 -1.7335-60280.1487
-485.2462 -0.8865-66192.4108
-228.9585 -0.7284-49588.2084
-435.6576 -1.1748-60782.1527
-368.0328 -0.0378-29839.9581
-558.3333 -1.0147-72324.3305
-545.1107 -1.0090-76481.1353
-595.9865 -1.0313-80252.0073
-577.5167 -1.0272-78299.5278
-603.0115 -1.0486-79494.8772
-536.4679 -1.3385-83057.1828
-380.6202 -1.5761-63939.3838
-487.9964 -1.6929-74452.7693
-492.2164 -2.0354-77476.1977
-483.0457 -1.7036-74331.8675
-461.0062 -1.5331-68683.9650
-428.6732 -1.9582-73565.0149
-420.3458 -1.7501-70958.0370
-185.7397 -1.9998-39188.2443
-307.5914 -2.9333-68673.8814
-248.0791 -0.3369-41639.4837
-330.4220 -1.6093-58954.7196
-261.1897 -2.5356-54113.5267
-374.3907 -2.1313-72005.0906
-442.1932 -1.6426-73645.0393
-325.5454 -2.2577-65492.6760
-407.4563 -1.7142-79298.8675
-280.7768 -2.0890-55835.4428
-345.4445 -2.2639-66935.4850
-337.8766 -1.7123-65225.4544
-380.5099 -0.6146-47362.4095
-423.7886 -1.3121-68132.9194
-412.9137 -0.7221-59055.9302
-389.7163 -1.2975-60315.7332
-243.9299 -1.5816-43427.1956
-418.8166 -1.1219-61444.5239
-463.1094 -1.4660-81856.9346
-260.4919 -1.9421-59060.6871
-461.1271 -1.5697-75813.0466
-434.9195 -1.9723-80545.7853
-411.2741 -1.7072-85333.3874
-593.8157 -1.0758-82484.6477
-331.6431 -1.2261-62332.4475
-461.8788 -1.5726-80820.6379
-386.3988 -1.9098-76223.9832
-458.6168 -1.3865-78606.8274
-386.1546 -1.7969-73308.3934
-420.6757 -1.8963-83069.8760
-256.3444 -2.2542-53258.3199
-343.7864 -1.8975-72697.8828
-317.0968 -1.9236-66141.3310
-405.5608 -1.9380-81223.2023
-579.2708 -1.0437-87100.5169
-297.2664 -2.2664-61771.9743
-230.0024 -1.7750-53153.7094
-296.3126 -0.8946-60049.3899
-625.1337 -1.1253-94708.7918
-559.4404 -1.5604-98460.5528
-350.2734 -2.6724-74202.1381
-483.8073 -1.5770-91455.1658
-333.6048 -1.8340-67470.0844
-401.3639 -1.5176-75081.6898
-339.8147 -1.1731-68370.6235
-619.8270 -1.3159-92324.8900
-456.6095 -1.0320-73399.8497
-527.1160 -1.2052-80673.3135
-182.0132 -2.1459-33836.3245
-299.4935 -1.9115-62779.5207
-342.4831 -1.8084-73190.6083
-292.5484 -2.1003-64376.6034
-284.1961 -2.0337-60695.8700
-418.6794 -1.5121-75788.0791
-272.5130 -1.9527-60034.6655
-324.9663 -1.9969-65021.8788
-361.4059 -2.0913-69395.5054
-310.1195 -1.9192-61302.0228
-321.0298 -2.0199-62665.9535
-408.2643 -1.5818-76317.7672
-398.2560 -1.9114-74552.8783
-437.9660 -1.8110-79745.2693
-402.9772 -1.8842-75747.1961
-367.7646 -1.7661-65605.9795
-392.9406 -1.8913-69484.2021
-317.1051 -2.1952-63761.7220
-355.6015 -1.8014-64450.3268
-438.2688 -2.1205-87348.6010
-334.7339 -2.0407-65124.3183
-514.0293 -1.5443-93643.6527
-526.1093 -1.9176-98663.7705
-555.0826 -1.4101-91162.3449
-653.9760 -1.1215-96005.8355
-613.3157 -1.3545-102903.8092
-574.5688 -1.4762-99854.6710
-596.1996 -1.5851-97568.0584
-673.8733 -1.3085-96609.9429
-570.9253 -1.5720-97057.6408
-453.6160 -1.8559-85374.7271
-512.3685 -1.7799-93175.9066
-384.8236 -1.8510-77997.5467
-536.0149 -1.7113-96497.9814
-289.9712 -1.9717-66399.4183
-596.7186 -0.9982-92484.7776
-390.5278 -0.8869-64360.6166
-429.9865 -0.7968-68899.7837
-397.0291 -1.0850-76450.3138
-413.4216 -1.7276-80202.5821
-512.4700 -1.6664-92116.8858
-627.3105 -1.5880-103558.9154
-459.2870 -1.8760-85164.1567
-489.1206 -1.8652-89171.2803
-523.3253 -1.8184-92589.2154
-483.7090 -2.0071-89596.8710
-506.5947 -1.8726-91082.8276

 ¯¯¯¯¯¯¯¯¯¯¯¯¯¯¯¯¯¯¯¯¯¯¯¯¯¯¯¯¯¯¯¯¯¯¯¯¯¯¯¯¯¯¯¯¯¯¯¯¯¯¯¯¯¯¯¯¯¯¯¯¯¯¯¯¯¯¯¯¯¯¯¯¯¯¯¯¯¯¯¯¯¯¯¯¯¯¯¯¯¯¯¯¯¯¯¯¯¯¯¯¯¯
 Algorithm iteration 1 

 Predicted hypervolume improvement:    0.1074
 Time taken:   83.1686 

 Proposed evaluation point(s): 
      x1      x2      x3      x4      x5      x6
  0.4100  0.1400  0.0000  0.0000  0.0700  0.3800
  0.4100  0.1200  0.0000  0.0000  0.0600  0.4100
  0.4200  0.1600  0.0000  0.0000  0.0700  0.3500
  0.4000  0.1300  0.0000  0.0000  0.0800  0.3900

 Corresponding observation(s): 
      f1      f2      f3
-550.6185 -1.6856-94743.8847
-537.9196 -1.7510-93691.7194
-561.4368 -1.6162-94948.5245
-547.8999 -1.6990-95162.1206

 ¯¯¯¯¯¯¯¯¯¯¯¯¯¯¯¯¯¯¯¯¯¯¯¯¯¯¯¯¯¯¯¯¯¯¯¯¯¯¯¯¯¯¯¯¯¯¯¯¯¯¯¯¯¯¯¯¯¯¯¯¯¯¯¯¯¯¯¯¯¯¯¯¯¯¯¯¯¯¯¯¯¯¯¯¯¯¯¯¯¯¯¯¯¯¯¯¯¯¯¯¯¯
 Final algorithm output 

 Final input data matrix:
        x1        x2        x3        x4        x5        x6
    0.3200    0.1300    0.0500    0.2100    0.0400    0.2500
    0.0000    0.1800    0.2100    0.2800    0.2000    0.1300
    0.0000    0.0200    0.3800    0.0400    0.2900    0.2700
    0.1900    0.3000    0.1000    0.0600    0.0700    0.2800
    0.0800    0.1600    0.1400    0.0400    0.1900    0.3900
    0.3400    0.0600    0.2300    0.1600    0.1900    0.0200
    0.1400    0.1000    0.0700    0.2000    0.2700    0.2200
    0.0700    0.0700    0.3200    0.2100    0.0300    0.3000
    0.0200    0.0100    0.2700    0.1300    0.4900    0.0800
    0.0900    0.3200    0.0300    0.1300    0.3700    0.0600
    0.0800    0.2100    0.0200    0.0000    0.6100    0.0800
    0.0900    0.3200    0.0400    0.2100    0.1700    0.1700
    0.1400    0.3000    0.0700    0.1000    0.2500    0.1400
    0.0400    0.1700    0.0700    0.2200    0.2400    0.2600
    0.1700    0.1500    0.2800    0.2900    0.0000    0.1100
    0.1000    0.1400    0.1400    0.2600    0.2700    0.0900
    1.0000    0.0000    0.0000    0.0000    0.0000    0.0000
    0.0000    1.0000    0.0000    0.0000    0.0000    0.0000
    0.0000    0.0000    0.0000    1.0000    0.0000    0.0000
    0.6000    0.4000    0.0000    0.0000    0.0000    0.0000
    0.5500    0.4500    0.0000    0.0000    0.0000    0.0000
    0.5000    0.5000    0.0000    0.0000    0.0000    0.0000
    0.4500    0.5500    0.0000    0.0000    0.0000    0.0000
    0.4000    0.6000    0.0000    0.0000    0.0000    0.0000
    0.2700    0.4400    0.0900    0.0400    0.0800    0.0800
    0.0400    0.1900    0.3600    0.2000    0.1200    0.0900
    0.0000    0.5900    0.0000    0.0800    0.0800    0.2500
    0.0000    0.3900    0.1300    0.0700    0.0300    0.3800
    0.0100    0.5100    0.0000    0.1000    0.0200    0.3600
    0.0100    0.6200    0.0100    0.0300    0.1000    0.2300
    0.0600    0.3000    0.4100    0.0100    0.0100    0.2100
    0.0800    0.3200    0.5000    0.0700    0.0200    0.0100
    0.1500    0.2800    0.2500    0.0100    0.0600    0.2500
    0.0000    0.0000    0.0000    0.0000    0.0000    1.0000
    0.0000    0.0000    0.0000    0.0000    1.0000    0.0000
    0.0200    0.1100    0.0000    0.5000    0.0300    0.3400
    0.0100    0.1900    0.0000    0.0000    0.0000    0.8000
    0.0100    0.3900    0.0000    0.0200    0.0100    0.5700
    0.1800    0.1200    0.0000    0.3600    0.0000    0.3400
    0.0100    0.0000    0.1300    0.2500    0.0000    0.6100
    0.3200    0.0000    0.1200    0.0100    0.0000    0.5500
    0.0100    0.1500    0.1000    0.2100    0.0000    0.5300
    0.0100    0.0000    0.1500    0.2500    0.0000    0.5900
    0.1500    0.4500    0.0400    0.0300    0.0100    0.3200
    0.0500    0.3200    0.0000    0.5700    0.0600    0.0000
    0.3100    0.5200    0.0000    0.0800    0.0200    0.0700
    0.1500    0.0400    0.1300    0.6700    0.0100    0.0000
    0.0000    0.2100    0.2000    0.5800    0.0100    0.0000
    0.0000    0.0100    0.2800    0.6700    0.0100    0.0300
    0.0100    0.2800    0.1100    0.4600    0.1100    0.0300
    0.4900    0.0600    0.0000    0.1400    0.0200    0.2900
    0.1400    0.0000    0.0700    0.0100    0.0100    0.7700
    0.0300    0.5800    0.1800    0.0400    0.1000    0.0700
    0.0000    0.3100    0.0100    0.0200    0.1500    0.5100
    0.2500    0.0100    0.0100    0.0400    0.1300    0.5600
    0.2900    0.4500    0.0600    0.0800    0.1200    0.0000
    0.0200    0.0100    0.1600    0.0100    0.5000    0.3000
    0.0200    0.2400    0.0000    0.0300    0.2600    0.4500
    0.0000    0.0100    0.0000    0.0100    0.2700    0.7100
    0.0900    0.0200    0.0000    0.0600    0.4000    0.4300
    0.0000    0.1600    0.0000    0.0000    0.2500    0.5900
    0.3200    0.0900    0.0200    0.0100    0.0100    0.5500
    0.0000    0.0800    0.1300    0.0000    0.1100    0.6800
    0.3900    0.0100    0.0300    0.0000    0.0000    0.5700
    0.2600    0.1800    0.0200    0.0100    0.0100    0.5200
    0.2000    0.1600    0.0000    0.0000    0.0000    0.6400
    0.5100    0.3100    0.0700    0.0100    0.0100    0.0900
    0.1400    0.1700    0.0200    0.0000    0.0000    0.6700
    0.0000    0.0300    0.0200    0.2100    0.3200    0.4200
    0.5700    0.0000    0.1100    0.0100    0.1000    0.2100
    0.5100    0.2500    0.1000    0.0200    0.1200    0.0000
    0.5100    0.0100    0.0700    0.0200    0.1100    0.2800
    0.0000    0.0000    0.0000    0.0200    0.0000    0.9800
    0.6000    0.0000    0.0300    0.0000    0.0200    0.3500
    0.3400    0.0000    0.1100    0.0100    0.0600    0.4800
    0.4400    0.1100    0.1100    0.0000    0.0600    0.2800
    0.6600    0.0000    0.0800    0.0000    0.0000    0.2600
    0.3700    0.4700    0.1000    0.0000    0.0600    0.0000
    0.4400    0.3000    0.0900    0.0400    0.1300    0.0000
    0.2700    0.6100    0.1200    0.0000    0.0000    0.0000
    0.0100    0.0000    0.0000    0.0200    0.0800    0.8900
    0.2100    0.1100    0.0600    0.0000    0.1400    0.4800
    0.5200    0.0100    0.0100    0.0000    0.0000    0.4600
    0.0000    0.3800    0.0100    0.0000    0.0000    0.6100
    0.0000    0.3100    0.0100    0.0000    0.0000    0.6800
    0.3200    0.3400    0.0200    0.0000    0.0100    0.3100
    0.0100    0.4100    0.0000    0.0000    0.0100    0.5700
    0.0000    0.4100    0.0000    0.1300    0.0000    0.4600
    0.0000    0.1800    0.0000    0.2600    0.0100    0.5500
    0.0400    0.4500    0.0000    0.0700    0.0100    0.4300
    0.0000    0.2500    0.0000    0.2500    0.0000    0.5000
    0.3600    0.2000    0.0200    0.0800    0.0000    0.3400
    0.2100    0.0000    0.0000    0.3300    0.0100    0.4500
    0.2500    0.0000    0.0000    0.3100    0.0100    0.4300
    0.1900    0.0000    0.0000    0.3200    0.0100    0.4800
    0.0000    0.6300    0.1000    0.0000    0.0000    0.2700
    0.0000    0.6600    0.0900    0.0000    0.0000    0.2500
    0.0000    0.3300    0.1100    0.0100    0.0000    0.5500
    0.0000    0.6800    0.0900    0.0000    0.0100    0.2200
    0.3500    0.0000    0.0000    0.0100    0.0000    0.6400
    0.0100    0.0000    0.0000    0.3600    0.0000    0.6300
    0.4800    0.0000    0.0100    0.0000    0.1200    0.3900
    0.3900    0.0000    0.0000    0.0200    0.0100    0.5800
    0.4000    0.1700    0.0000    0.0000    0.1200    0.3100
    0.4400    0.2700    0.0000    0.0000    0.1700    0.1200
    0.3400    0.1400    0.0000    0.0000    0.1300    0.3900
    0.3300    0.1200    0.0000    0.0000    0.1300    0.4200
    0.3900    0.0000    0.0000    0.0000    0.2200    0.3900
    0.3900    0.3100    0.0000    0.0000    0.2200    0.0800
    0.4100    0.0000    0.0000    0.0000    0.2500    0.3400
    0.3500    0.0000    0.0000    0.0000    0.2000    0.4500
    0.3300    0.0000    0.0000    0.0000    0.2100    0.4600
    0.3100    0.0000    0.0000    0.0000    0.2000    0.4900
    0.3500    0.0000    0.0000    0.0000    0.2100    0.4400
    0.2000    0.0000    0.0000    0.0000    0.0100    0.7900
    0.5000    0.0000    0.0000    0.0000    0.3000    0.2000
    0.5300    0.0600    0.0000    0.0000    0.3200    0.0900
    0.5300    0.0000    0.0000    0.0000    0.3300    0.1400
    0.4200    0.0000    0.0000    0.0000    0.2700    0.3100
    0.4200    0.0100    0.0000    0.0000    0.1400    0.4300
    0.3900    0.0000    0.0000    0.0000    0.1300    0.4800
    0.4400    0.0000    0.0000    0.0500    0.1300    0.3800
    0.2800    0.0000    0.0000    0.1100    0.0800    0.5300
    0.4200    0.1200    0.0000    0.0000    0.0600    0.4000
    0.4200    0.1100    0.0000    0.0100    0.0700    0.3900
    0.4200    0.1100    0.0000    0.0000    0.0400    0.4300
    0.4500    0.0800    0.0000    0.0000    0.0500    0.4200
    0.4100    0.1400    0.0000    0.0000    0.0700    0.3800
    0.4100    0.1200    0.0000    0.0000    0.0600    0.4100
    0.4200    0.1600    0.0000    0.0000    0.0700    0.3500
    0.4000    0.1300    0.0000    0.0000    0.0800    0.3900

 Final output data matrix:
        f1        f2        f3
 -477.3645   -1.2974-78049.1925
 -454.7535   -1.3662-68112.8155
 -279.9044   -2.1133-51731.0693
 -469.5247   -1.7578-77876.9026
 -440.0426   -1.9634-76654.9118
 -365.6047   -1.2303-62118.0243
 -410.9856   -1.1190-66049.6554
 -136.1656   -0.8962-22268.5639
 -369.0088   -1.3142-61644.3643
 -533.9811   -0.8968-68784.7611
 -442.6768   -0.7257-59416.2131
 -507.4257   -0.9822-66650.9629
 -443.6008   -1.1184-65323.0907
 -489.5899   -1.3294-72483.9913
 -359.3333   -1.7335-60280.1487
 -485.2462   -0.8865-66192.4108
 -228.9585   -0.7284-49588.2084
 -435.6576   -1.1748-60782.1527
 -368.0328   -0.0378-29839.9581
 -558.3333   -1.0147-72324.3305
 -545.1107   -1.0090-76481.1353
 -595.9865   -1.0313-80252.0073
 -577.5167   -1.0272-78299.5278
 -603.0115   -1.0486-79494.8772
 -536.4679   -1.3385-83057.1828
 -380.6202   -1.5761-63939.3838
 -487.9964   -1.6929-74452.7693
 -492.2164   -2.0354-77476.1977
 -483.0457   -1.7036-74331.8675
 -461.0062   -1.5331-68683.9650
 -428.6732   -1.9582-73565.0149
 -420.3458   -1.7501-70958.0370
 -185.7397   -1.9998-39188.2443
 -307.5914   -2.9333-68673.8814
 -248.0791   -0.3369-41639.4837
 -330.4220   -1.6093-58954.7196
 -261.1897   -2.5356-54113.5267
 -374.3907   -2.1313-72005.0906
 -442.1932   -1.6426-73645.0393
 -325.5454   -2.2577-65492.6760
 -407.4563   -1.7142-79298.8675
 -280.7768   -2.0890-55835.4428
 -345.4445   -2.2639-66935.4850
 -337.8766   -1.7123-65225.4544
 -380.5099   -0.6146-47362.4095
 -423.7886   -1.3121-68132.9194
 -412.9137   -0.7221-59055.9302
 -389.7163   -1.2975-60315.7332
 -243.9299   -1.5816-43427.1956
 -418.8166   -1.1219-61444.5239
 -463.1094   -1.4660-81856.9346
 -260.4919   -1.9421-59060.6871
 -461.1271   -1.5697-75813.0466
 -434.9195   -1.9723-80545.7853
 -411.2741   -1.7072-85333.3874
 -593.8157   -1.0758-82484.6477
 -331.6431   -1.2261-62332.4475
 -461.8788   -1.5726-80820.6379
 -386.3988   -1.9098-76223.9832
 -458.6168   -1.3865-78606.8274
 -386.1546   -1.7969-73308.3934
 -420.6757   -1.8963-83069.8760
 -256.3444   -2.2542-53258.3199
 -343.7864   -1.8975-72697.8828
 -317.0968   -1.9236-66141.3310
 -405.5608   -1.9380-81223.2023
 -579.2708   -1.0437-87100.5169
 -297.2664   -2.2664-61771.9743
 -230.0024   -1.7750-53153.7094
 -296.3126   -0.8946-60049.3899
 -625.1337   -1.1253-94708.7918
 -559.4404   -1.5604-98460.5528
 -350.2734   -2.6724-74202.1381
 -483.8073   -1.5770-91455.1658
 -333.6048   -1.8340-67470.0844
 -401.3639   -1.5176-75081.6898
 -339.8147   -1.1731-68370.6235
 -619.8270   -1.3159-92324.8900
 -456.6095   -1.0320-73399.8497
 -527.1160   -1.2052-80673.3135
 -182.0132   -2.1459-33836.3245
 -299.4935   -1.9115-62779.5207
 -342.4831   -1.8084-73190.6083
 -292.5484   -2.1003-64376.6034
 -284.1961   -2.0337-60695.8700
 -418.6794   -1.5121-75788.0791
 -272.5130   -1.9527-60034.6655
 -324.9663   -1.9969-65021.8788
 -361.4059   -2.0913-69395.5054
 -310.1195   -1.9192-61302.0228
 -321.0298   -2.0199-62665.9535
 -408.2643   -1.5818-76317.7672
 -398.2560   -1.9114-74552.8783
 -437.9660   -1.8110-79745.2693
 -402.9772   -1.8842-75747.1961
 -367.7646   -1.7661-65605.9795
 -392.9406   -1.8913-69484.2021
 -317.1051   -2.1952-63761.7220
 -355.6015   -1.8014-64450.3268
 -438.2688   -2.1205-87348.6010
 -334.7339   -2.0407-65124.3183
 -514.0293   -1.5443-93643.6527
 -526.1093   -1.9176-98663.7705
 -555.0826   -1.4101-91162.3449
 -653.9760   -1.1215-96005.8355
 -613.3157   -1.3545-102903.8092
 -574.5688   -1.4762-99854.6710
 -596.1996   -1.5851-97568.0584
 -673.8733   -1.3085-96609.9429
 -570.9253   -1.5720-97057.6408
 -453.6160   -1.8559-85374.7271
 -512.3685   -1.7799-93175.9066
 -384.8236   -1.8510-77997.5467
 -536.0149   -1.7113-96497.9814
 -289.9712   -1.9717-66399.4183
 -596.7186   -0.9982-92484.7776
 -390.5278   -0.8869-64360.6166
 -429.9865   -0.7968-68899.7837
 -397.0291   -1.0850-76450.3138
 -413.4216   -1.7276-80202.5821
 -512.4700   -1.6664-92116.8858
 -627.3105   -1.5880-103558.9154
 -459.2870   -1.8760-85164.1567
 -489.1206   -1.8652-89171.2803
 -523.3253   -1.8184-92589.2154
 -483.7090   -2.0071-89596.8710
 -506.5947   -1.8726-91082.8276
 -550.6185   -1.6856-94743.8847
 -537.9196   -1.7510-93691.7194
 -561.4368   -1.6162-94948.5245
 -547.8999   -1.6990-95162.1206

 Input data matrix of corresponding Pareto front:
        x1        x2        x3        x4        x5        x6
    0.0000    0.3900    0.1300    0.0700    0.0300    0.3800
    0.0000    0.0000    0.0000    0.0000    0.0000    1.0000
    0.0100    0.3900    0.0000    0.0200    0.0100    0.5700
    0.0000    0.0000    0.0000    0.0200    0.0000    0.9800
    0.3500    0.0000    0.0000    0.0100    0.0000    0.6400
    0.3900    0.0000    0.0000    0.0200    0.0100    0.5800
    0.3900    0.3100    0.0000    0.0000    0.2200    0.0800
    0.3500    0.0000    0.0000    0.0000    0.2100    0.4400
    0.4400    0.0000    0.0000    0.0500    0.1300    0.3800
    0.4200    0.1100    0.0000    0.0000    0.0400    0.4300

 Output data matrix of corresponding Pareto front:
        f1        f2        f3
 -492.2164   -2.0354-77476.1977
 -307.5914   -2.9333-68673.8814
 -374.3907   -2.1313-72005.0906
 -350.2734   -2.6724-74202.1381
 -438.2688   -2.1205-87348.6010
 -526.1093   -1.9176-98663.7705
 -673.8733   -1.3085-96609.9429
 -536.0149   -1.7113-96497.9814
 -627.3105   -1.5880-103558.9154
 -483.7090   -2.0071-89596.8710

 Input data matrix of Pareto front of final Gaussian process model:
        x1        x2        x3        x4        x5        x6
    0.0403    0.0037    0.0000    0.0031    0.0000    0.9530
    0.4220    0.4134    0.0000    0.0009    0.1535    0.0101
    0.4205    0.1179    0.0000    0.0000    0.1528    0.3088
    0.4013    0.4282    0.0000    0.0010    0.1590    0.0105
    0.0000    0.0051    0.0000    0.0004    0.0001    0.9943
    0.0000    0.0051    0.0000    0.0004    0.0001    0.9943
    0.2284    0.0022    0.0000    0.0001    0.0006    0.7687
    0.2763    0.0002    0.0000    0.0005    0.0001    0.7230
    0.2199    0.0006    0.0000    0.0000    0.0001    0.7794
    0.1285    0.0018    0.0000    0.0006    0.0001    0.8690
    0.2550    0.0040    0.0000    0.0001    0.0004    0.7405
    0.1244    0.0007    0.0000    0.0000    0.0001    0.8748
    0.1749    0.0006    0.0000    0.0000    0.0001    0.8245
    0.2914    0.0000    0.0000    0.0007    0.0003    0.7075
    0.3524    0.0025    0.0000    0.0002    0.0001    0.6448
    0.1801    0.0007    0.0000    0.0003    0.0001    0.8188
    0.3846    0.0611    0.0000    0.0220    0.0242    0.5081
    0.3216    0.0066    0.0000    0.0005    0.0001    0.6712
    0.1935    0.0004    0.0000    0.0007    0.0003    0.8050
    0.3762    0.1231    0.0000    0.0000    0.1161    0.3846
    0.3998    0.0664    0.0000    0.0004    0.0726    0.4607
    0.2036    0.0035    0.0000    0.0001    0.0001    0.7927
    0.3423    0.2363    0.0000    0.0026    0.1705    0.2484
    0.1437    0.0023    0.0000    0.0001    0.0001    0.8538
    0.1014    0.0026    0.0000    0.0001    0.0006    0.8952
    0.3285    0.0054    0.0000    0.0001    0.0003    0.6657
    0.4043    0.0657    0.0000    0.0017    0.1465    0.3818
    0.3035    0.0004    0.0000    0.0000    0.0001    0.6960
    0.3929    0.0602    0.0000    0.0217    0.0275    0.4977
    0.0710    0.0020    0.0000    0.0007    0.0001    0.9261
    0.3772    0.4633    0.0000    0.0006    0.1422    0.0167
    0.3790    0.0661    0.0000    0.0000    0.1284    0.4264
    0.0956    0.0006    0.0000    0.0000    0.0001    0.9037
    0.1142    0.0022    0.0000    0.0005    0.0001    0.8830
    0.3192    0.1365    0.0000    0.0088    0.0007    0.5347
    0.3817    0.0579    0.0000    0.0003    0.1183    0.4418
    0.3688    0.0917    0.0000    0.0006    0.1003    0.4386
    0.4217    0.0616    0.0000    0.0004    0.1237    0.3926
    0.3616    0.1759    0.0000    0.0020    0.1324    0.3281
    0.3447    0.0038    0.0000    0.0004    0.0000    0.6510
    0.3473    0.3351    0.0000    0.0006    0.1122    0.2047
    0.3715    0.1479    0.0000    0.0001    0.1307    0.3498
    0.1849    0.0008    0.0000    0.0000    0.0001    0.8143
    0.2687    0.0060    0.0000    0.0006    0.0003    0.7244
    0.2989    0.0008    0.0000    0.0003    0.0001    0.6999
    0.3069    0.0004    0.0000    0.0003    0.0001    0.6923
    0.3768    0.2889    0.0000    0.0032    0.1398    0.1913
    0.3593    0.3002    0.0000    0.0000    0.1244    0.2162
    0.2435    0.0000    0.0000    0.0002    0.0001    0.7562
    0.3512    0.2721    0.0000    0.0000    0.1263    0.2504
    0.3827    0.0728    0.0000    0.0028    0.0718    0.4699
    0.1621    0.0007    0.0000    0.0000    0.0001    0.8371
    0.4280    0.0351    0.0000    0.0012    0.0007    0.5350
    0.4123    0.4114    0.0000    0.0055    0.1446    0.0262
    0.3101    0.0017    0.0000    0.0004    0.0001    0.6877
    0.3633    0.1970    0.0000    0.0007    0.1634    0.2756
    0.4240    0.3028    0.0000    0.0000    0.1410    0.1321
    0.2090    0.0015    0.0000    0.0003    0.0001    0.7891
    0.2365    0.0044    0.0000    0.0015    0.0001    0.7575
    0.2654    0.0027    0.0000    0.0009    0.0003    0.7306
    0.2148    0.0000    0.0000    0.0003    0.0001    0.7848
    0.4159    0.3532    0.0000    0.0000    0.1640    0.0669
    0.1372    0.0022    0.0000    0.0008    0.0001    0.8598
    0.2618    0.0004    0.0000    0.0000    0.0001    0.7378
    0.4065    0.1436    0.0000    0.0031    0.1510    0.2958
    0.3494    0.3504    0.0000    0.0000    0.1174    0.1828
    0.4178    0.2984    0.0000    0.0000    0.1537    0.1302
    0.1994    0.0005    0.0000    0.0000    0.0001    0.7999
    0.4001    0.0868    0.0000    0.0004    0.1543    0.3584
    0.3360    0.0028    0.0000    0.0003    0.0001    0.6608
    0.2354    0.0000    0.0000    0.0002    0.0001    0.7643
    0.3586    0.0010    0.0000    0.0004    0.0001    0.6400
    0.3924    0.1632    0.0000    0.0000    0.1297    0.3148
    0.3739    0.0808    0.0000    0.0006    0.1131    0.4316
    0.1582    0.0007    0.0000    0.0000    0.0001    0.8410
    0.3913    0.3237    0.0000    0.0014    0.1335    0.1501
    0.2308    0.0041    0.0000    0.0003    0.0001    0.7646
    0.1145    0.0050    0.0000    0.0002    0.0004    0.8798
    0.3732    0.0029    0.0000    0.0006    0.0005    0.6228
    0.0193    0.0027    0.0000    0.0004    0.0001    0.9775
    0.1644    0.0060    0.0000    0.0006    0.0002    0.8288
    0.3955    0.0512    0.0000    0.0004    0.0003    0.5526
    0.0131    0.0007    0.0000    0.0007    0.0000    0.9855
    0.4285    0.1207    0.0000    0.0000    0.1361    0.3148
    0.2817    0.0098    0.0000    0.0002    0.0004    0.7079
    0.3826    0.0746    0.0000    0.0071    0.1307    0.4050
    0.3835    0.0010    0.0000    0.0057    0.0001    0.6097
    0.4200    0.0910    0.0000    0.0007    0.0022    0.4861
    0.4151    0.3546    0.0000    0.0001    0.1309    0.0993
    0.3776    0.0020    0.0000    0.0005    0.0001    0.6197
    0.4056    0.0925    0.0000    0.0000    0.1381    0.3638
    0.4060    0.0721    0.0000    0.0017    0.0392    0.4810
    0.3859    0.3373    0.0000    0.0000    0.1491    0.1277
    0.3985    0.0825    0.0000    0.0000    0.0309    0.4881
    0.3808    0.1951    0.0000    0.0000    0.1374    0.2867
    0.3550    0.0992    0.0000    0.0026    0.0672    0.4759
    0.3989    0.0709    0.0000    0.0001    0.0691    0.4610
    0.3860    0.3912    0.0000    0.0000    0.1423    0.0805
    0.0794    0.0023    0.0000    0.0008    0.0001    0.9174
    0.4146    0.0537    0.0000    0.0004    0.1208    0.4105
    0.4023    0.0652    0.0000    0.0004    0.0799    0.4522
    0.3910    0.0485    0.0000    0.0004    0.1001    0.4600
    0.0634    0.0007    0.0000    0.0006    0.0000    0.9353
    0.3823    0.0293    0.0000    0.0000    0.0048    0.5836
    0.4006    0.1735    0.0000    0.0006    0.1099    0.3154
    0.0487    0.0049    0.0000    0.0004    0.0001    0.9459
    0.3634    0.3129    0.0000    0.0001    0.1581    0.1655
    0.2572    0.0154    0.0000    0.0002    0.0004    0.7269
    0.3327    0.0014    0.0000    0.0002    0.0001    0.6655
    0.1373    0.0030    0.0000    0.0003    0.0002    0.8592
    0.3551    0.2342    0.0000    0.0000    0.1281    0.2826
    0.1893    0.0027    0.0000    0.0008    0.0001    0.8071
    0.0545    0.0007    0.0000    0.0007    0.0001    0.9440
    0.3658    0.0642    0.0000    0.0012    0.1316    0.4371
    0.3651    0.0457    0.0000    0.0010    0.0744    0.5138
    0.3961    0.0820    0.0000    0.0001    0.0368    0.4850
    0.2099    0.0041    0.0000    0.0012    0.0000    0.7847
    0.3617    0.0058    0.0000    0.0003    0.0002    0.6319
    0.3779    0.0381    0.0000    0.0005    0.0017    0.5818
    0.0379    0.0035    0.0000    0.0007    0.0000    0.9578
    0.3751    0.0609    0.0000    0.0004    0.1105    0.4532
    0.3883    0.0265    0.0000    0.0002    0.0400    0.5449
    0.2182    0.0006    0.0000    0.0000    0.0001    0.7812
    0.3747    0.0904    0.0000    0.0004    0.1609    0.3736
    0.2418    0.0006    0.0000    0.0000    0.0001    0.7574
    0.3148    0.0029    0.0000    0.0003    0.0001    0.6819
    0.3786    0.1026    0.0000    0.0000    0.0370    0.4819
    0.3775    0.4004    0.0000    0.0015    0.1471    0.0735
    0.3844    0.0175    0.0000    0.0005    0.0839    0.5137
    0.3907    0.3221    0.0000    0.0010    0.1676    0.1186
    0.2821    0.0005    0.0000    0.0000    0.0001    0.7174
    0.4376    0.2181    0.0000    0.0038    0.1629    0.1777
    0.3133    0.0017    0.0000    0.0005    0.0001    0.6845
    0.1992    0.0044    0.0000    0.0005    0.0005    0.7954
    0.3733    0.1939    0.0000    0.0007    0.1608    0.2713
    0.3710    0.2091    0.0000    0.0003    0.1273    0.2923
    0.2466    0.0058    0.0000    0.0001    0.0002    0.7474
    0.1879    0.0008    0.0000    0.0000    0.0001    0.8111
    0.4222    0.3276    0.0000    0.0001    0.1698    0.0803
    0.0256    0.0002    0.0000    0.0013    0.0001    0.9727
    0.3671    0.1786    0.0000    0.0021    0.1344    0.3179
    0.3572    0.0639    0.0000    0.0230    0.0278    0.5280
    0.3765    0.0821    0.0000    0.0000    0.0048    0.5366
    0.4224    0.2538    0.0000    0.0014    0.1518    0.1706
    0.3195    0.0005    0.0000    0.0000    0.0001    0.6800
    0.4026    0.0986    0.0000    0.0000    0.0355    0.4632
    0.3239    0.3021    0.0000    0.0000    0.1096    0.2644
    0.0610    0.0007    0.0000    0.0011    0.0000    0.9373
    0.3335    0.3449    0.0000    0.0008    0.1410    0.1799
    0.0325    0.0025    0.0000    0.0001    0.0009    0.9639
    0.4097    0.0123    0.0000    0.0003    0.0045    0.5730
    0.3205    0.0014    0.0000    0.0004    0.0001    0.6776
    0.2989    0.0008    0.0000    0.0003    0.0001    0.6999
    0.1536    0.0006    0.0000    0.0000    0.0001    0.8457
    0.3775    0.0573    0.0000    0.0011    0.1412    0.4229
    0.1490    0.0006    0.0000    0.0006    0.0000    0.8498
    0.3674    0.0464    0.0000    0.0004    0.0927    0.4932
    0.3913    0.1078    0.0000    0.0029    0.1215    0.3764
    0.1063    0.0035    0.0000    0.0007    0.0000    0.8895
    0.0758    0.0036    0.0000    0.0007    0.0001    0.9198
    0.4107    0.2066    0.0000    0.0013    0.1489    0.2325
    0.3791    0.3302    0.0000    0.0014    0.1362    0.1531
    0.2688    0.0018    0.0000    0.0004    0.0001    0.7289
    0.3427    0.0034    0.0000    0.0004    0.0002    0.6532
    0.4164    0.2075    0.0000    0.0036    0.1573    0.2152
    0.2821    0.0005    0.0000    0.0000    0.0001    0.7173
    0.4201    0.3688    0.0000    0.0000    0.1420    0.0690
    0.3622    0.1039    0.0000    0.0000    0.0856    0.4484
    0.3800    0.0716    0.0000    0.0011    0.1370    0.4104
    0.3330    0.3669    0.0000    0.0008    0.1486    0.1508
    0.0908    0.0006    0.0000    0.0000    0.0001    0.9086
    0.2511    0.0026    0.0000    0.0009    0.0003    0.7452
    0.0874    0.0006    0.0000    0.0000    0.0001    0.9119
    0.0091    0.0007    0.0000    0.0000    0.0001    0.9901
    0.2869    0.0032    0.0000    0.0001    0.0001    0.7097
    0.3370    0.3672    0.0000    0.0018    0.1370    0.1570
    0.4049    0.4427    0.0000    0.0006    0.1359    0.0159
    0.1063    0.0035    0.0000    0.0007    0.0000    0.8895
    0.3629    0.0033    0.0000    0.0003    0.0001    0.6335
    0.2466    0.0058    0.0000    0.0001    0.0002    0.7474
    0.3634    0.1526    0.0000    0.0000    0.0024    0.4815
    0.3786    0.1163    0.0000    0.0000    0.0029    0.5021
    0.3803    0.0048    0.0000    0.0004    0.1036    0.5110
    0.1688    0.0018    0.0000    0.0004    0.0001    0.8289
    0.3422    0.3539    0.0000    0.0008    0.1185    0.1846
    0.3801    0.1001    0.0000    0.0004    0.0049    0.5146
    0.3735    0.1094    0.0000    0.0000    0.1354    0.3817
    0.1688    0.0029    0.0000    0.0001    0.0008    0.8275
    0.1480    0.0007    0.0000    0.0000    0.0001    0.8512
    0.3276    0.1359    0.0000    0.0000    0.0083    0.5282
    0.0302    0.0002    0.0000    0.0016    0.0001    0.9679
    0.3851    0.1212    0.0000    0.0002    0.1312    0.3623
    0.4038    0.3843    0.0000    0.0008    0.1405    0.0705
    0.3925    0.3340    0.0000    0.0001    0.1799    0.0935
    0.3863    0.1348    0.0000    0.0000    0.1381    0.3408
    0.2512    0.0026    0.0000    0.0003    0.0003    0.7456
    0.1538    0.0034    0.0000    0.0003    0.0003    0.8422
    0.3499    0.1469    0.0000    0.0000    0.0044    0.4988
    0.3658    0.1047    0.0000    0.0002    0.0377    0.4916
    0.3707    0.0866    0.0000    0.0000    0.1256    0.4171

 Output data matrix of Pareto front of final Gaussian process model:
        f1        f2        f3
 -288.7181   -2.5915-62875.7954
 -643.9730   -1.0003-90153.2628
 -566.1199   -1.4280-97217.1067
 -644.3011   -1.0095-90116.3155
 -286.3780   -2.7379-63416.3626
 -286.3780   -2.7379-63416.3626
 -351.5728   -2.1293-72039.3986
 -376.1677   -2.0693-76698.9886
 -346.9226   -2.1438-71185.9959
 -308.2273   -2.3202-64727.4381
 -365.5725   -2.0932-74715.0109
 -306.8121   -2.3349-64555.6195
 -325.8875   -2.2186-67451.5191
 -384.2007   -2.0504-78186.5308
 -414.4558   -1.9845-83422.0451
 -328.2221   -2.2080-67844.1821
 -461.9946   -1.9149-87379.0089
 -400.8023   -2.0126-81181.9027
 -334.3537   -2.1835-68891.8763
 -538.5583   -1.6581-94991.4567
 -499.3962   -1.8301-91344.4724
 -339.2869   -2.1656-69803.2726
 -587.5975   -1.3473-95401.4375
 -313.5290   -2.2825-65483.1522
 -300.1171   -2.3948-63663.7831
 -403.9671   -2.0061-81705.5696
 -540.9143   -1.6110-96358.4577
 -390.3279   -2.0371-79314.9065
 -467.2353   -1.9045-87847.1857
 -293.2314   -2.4954-63095.9340
 -639.2600   -1.0464-89745.7768
 -524.5134   -1.7294-94536.8411
 -298.5730   -2.4201-63587.4973
 -303.7192   -2.3589-64133.2241
 -432.0620   -1.9684-83701.0023
