
 TSEMO log file created on 03-Mar-2020 

 This file shows the initial specifications of TSEMO and logs the output.
 ¯¯¯¯¯¯¯¯¯¯¯¯¯¯¯¯¯¯¯¯¯¯¯¯¯¯¯¯¯¯¯¯¯¯¯¯¯¯¯¯¯¯¯¯¯¯¯¯¯¯¯¯¯¯¯¯¯¯¯¯¯¯¯¯¯¯¯¯¯¯¯¯¯¯¯¯¯¯¯¯¯¯¯¯¯¯¯¯¯¯¯¯¯¯¯¯¯¯¯¯¯¯
 License information 

 BSD 2-Clause License 

 Copyright (c) 2017, Eric Bradford, Artur M. Schweidtmann and Alexei Lapkin
 All rights reserved. 

 Redistribution and use in source and binary forms, with or without
 modification, are permitted provided that the following conditions are met: 

 *Redistributions of source code must retain the above copyright notice, this   
  list of conditions and the following disclaimer. 

 *Redistributions in binary form must reproduce the above copyright notice,   
  this list of conditions and the following disclaimer in the documentation   
  and/or other materials provided with the distribution. 

 Modified by Mina Konakovic Lukovic 2019. 

 ¯¯¯¯¯¯¯¯¯¯¯¯¯¯¯¯¯¯¯¯¯¯¯¯¯¯¯¯¯¯¯¯¯¯¯¯¯¯¯¯¯¯¯¯¯¯¯¯¯¯¯¯¯¯¯¯¯¯¯¯¯¯¯¯¯¯¯¯¯¯¯¯¯¯¯¯¯¯¯¯¯¯¯¯¯¯¯¯¯¯¯¯¯¯¯¯¯¯¯¯¯¯
 Problem specifications 

 Function used:   consta 

 Number of inputs:   6
 Number of outputs:  3 

 Lower bounds of decision variables:
      x1      x2      x3      x4      x5      x6
  0.0000  0.0000  0.0000  0.0000  0.0000  0.0000
 
 Upper bounds of decision variables:
      x1      x2      x3      x4      x5      x6
  1.0000  1.0000  0.5000  1.0000  1.0000  1.0000
 ¯¯¯¯¯¯¯¯¯¯¯¯¯¯¯¯¯¯¯¯¯¯¯¯¯¯¯¯¯¯¯¯¯¯¯¯¯¯¯¯¯¯¯¯¯¯¯¯¯¯¯¯¯¯¯¯¯¯¯¯¯¯¯¯¯¯¯¯¯¯¯¯¯¯¯¯¯¯¯¯¯¯¯¯¯¯¯¯¯¯¯¯¯¯¯¯¯¯¯¯¯¯
 Algorithm options 

 Maximum number of function evaluations:  4
 Sample batch size:                       4
 Number of algorithm iterations:          1 

 Genetic algorithm population size:        200
 Genetic algorithm number of generations:  200 

                                               f1      f2      f3
 Number of spectral sampling points:         4000    4000    4000
 Type of matern function:                       5       5       5
 Direct evaluations per input dimension:      200     200     200
 ¯¯¯¯¯¯¯¯¯¯¯¯¯¯¯¯¯¯¯¯¯¯¯¯¯¯¯¯¯¯¯¯¯¯¯¯¯¯¯¯¯¯¯¯¯¯¯¯¯¯¯¯¯¯¯¯¯¯¯¯¯¯¯¯¯¯¯¯¯¯¯¯¯¯¯¯¯¯¯¯¯¯¯¯¯¯¯¯¯¯¯¯¯¯¯¯¯¯¯¯¯¯
 Initial data set 

 Number of initial data points:  127 

 Initial input data matrix:
      x1      x2      x3      x4      x5      x6
  0.3200  0.1300  0.0500  0.2100  0.0400  0.2500
  0.0000  0.1800  0.2100  0.2800  0.2000  0.1300
  0.0000  0.0200  0.3800  0.0400  0.2900  0.2700
  0.1900  0.3000  0.1000  0.0600  0.0700  0.2800
  0.0800  0.1600  0.1400  0.0400  0.1900  0.3900
  0.3400  0.0600  0.2300  0.1600  0.1900  0.0200
  0.1400  0.1000  0.0700  0.2000  0.2700  0.2200
  0.0700  0.0700  0.3200  0.2100  0.0300  0.3000
  0.0200  0.0100  0.2700  0.1300  0.4900  0.0800
  0.0900  0.3200  0.0300  0.1300  0.3700  0.0600
  0.0800  0.2100  0.0200  0.0000  0.6100  0.0800
  0.0900  0.3200  0.0400  0.2100  0.1700  0.1700
  0.1400  0.3000  0.0700  0.1000  0.2500  0.1400
  0.0400  0.1700  0.0700  0.2200  0.2400  0.2600
  0.1700  0.1500  0.2800  0.2900  0.0000  0.1100
  0.1000  0.1400  0.1400  0.2600  0.2700  0.0900
  1.0000  0.0000  0.0000  0.0000  0.0000  0.0000
  0.0000  1.0000  0.0000  0.0000  0.0000  0.0000
  0.0000  0.0000  0.0000  1.0000  0.0000  0.0000
  0.6000  0.4000  0.0000  0.0000  0.0000  0.0000
  0.5500  0.4500  0.0000  0.0000  0.0000  0.0000
  0.5000  0.5000  0.0000  0.0000  0.0000  0.0000
  0.4500  0.5500  0.0000  0.0000  0.0000  0.0000
  0.4000  0.6000  0.0000  0.0000  0.0000  0.0000
  0.2700  0.4400  0.0900  0.0400  0.0800  0.0800
  0.0400  0.1900  0.3600  0.2000  0.1200  0.0900
  0.0000  0.5900  0.0000  0.0800  0.0800  0.2500
  0.0000  0.3900  0.1300  0.0700  0.0300  0.3800
  0.0100  0.5100  0.0000  0.1000  0.0200  0.3600
  0.0100  0.6200  0.0100  0.0300  0.1000  0.2300
  0.0600  0.3000  0.4100  0.0100  0.0100  0.2100
  0.0800  0.3200  0.5000  0.0700  0.0200  0.0100
  0.1500  0.2800  0.2500  0.0100  0.0600  0.2500
  0.0000  0.0000  0.0000  0.0000  0.0000  1.0000
  0.0000  0.0000  0.0000  0.0000  1.0000  0.0000
  0.0200  0.1100  0.0000  0.5000  0.0300  0.3400
  0.0100  0.1900  0.0000  0.0000  0.0000  0.8000
  0.0100  0.3900  0.0000  0.0200  0.0100  0.5700
  0.1800  0.1200  0.0000  0.3600  0.0000  0.3400
  0.0100  0.0000  0.1300  0.2500  0.0000  0.6100
  0.3200  0.0000  0.1200  0.0100  0.0000  0.5500
  0.0100  0.1500  0.1000  0.2100  0.0000  0.5300
  0.0100  0.0000  0.1500  0.2500  0.0000  0.5900
  0.1500  0.4500  0.0400  0.0300  0.0100  0.3200
  0.0500  0.3200  0.0000  0.5700  0.0600  0.0000
  0.3100  0.5200  0.0000  0.0800  0.0200  0.0700
  0.1500  0.0400  0.1300  0.6700  0.0100  0.0000
  0.0000  0.2100  0.2000  0.5800  0.0100  0.0000
  0.0000  0.0100  0.2800  0.6700  0.0100  0.0300
  0.0100  0.2800  0.1100  0.4600  0.1100  0.0300
  0.4900  0.0600  0.0000  0.1400  0.0200  0.2900
  0.1400  0.0000  0.0700  0.0100  0.0100  0.7700
  0.0300  0.5800  0.1800  0.0400  0.1000  0.0700
  0.0000  0.3100  0.0100  0.0200  0.1500  0.5100
  0.2500  0.0100  0.0100  0.0400  0.1300  0.5600
  0.2900  0.4500  0.0600  0.0800  0.1200  0.0000
  0.0200  0.0100  0.1600  0.0100  0.5000  0.3000
  0.0200  0.2400  0.0000  0.0300  0.2600  0.4500
  0.0000  0.0100  0.0000  0.0100  0.2700  0.7100
  0.0900  0.0200  0.0000  0.0600  0.4000  0.4300
  0.0000  0.1600  0.0000  0.0000  0.2500  0.5900
  0.3200  0.0900  0.0200  0.0100  0.0100  0.5500
  0.0000  0.0800  0.1300  0.0000  0.1100  0.6800
  0.3900  0.0100  0.0300  0.0000  0.0000  0.5700
  0.2600  0.1800  0.0200  0.0100  0.0100  0.5200
  0.2000  0.1600  0.0000  0.0000  0.0000  0.6400
  0.5100  0.3100  0.0700  0.0100  0.0100  0.0900
  0.1400  0.1700  0.0200  0.0000  0.0000  0.6700
  0.0000  0.0300  0.0200  0.2100  0.3200  0.4200
  0.5700  0.0000  0.1100  0.0100  0.1000  0.2100
  0.5100  0.2500  0.1000  0.0200  0.1200  0.0000
  0.5100  0.0100  0.0700  0.0200  0.1100  0.2800
  0.0000  0.0000  0.0000  0.0200  0.0000  0.9800
  0.6000  0.0000  0.0300  0.0000  0.0200  0.3500
  0.3400  0.0000  0.1100  0.0100  0.0600  0.4800
  0.4400  0.1100  0.1100  0.0000  0.0600  0.2800
  0.6600  0.0000  0.0800  0.0000  0.0000  0.2600
  0.3700  0.4700  0.1000  0.0000  0.0600  0.0000
  0.4400  0.3000  0.0900  0.0400  0.1300  0.0000
  0.2700  0.6100  0.1200  0.0000  0.0000  0.0000
  0.0100  0.0000  0.0000  0.0200  0.0800  0.8900
  0.2100  0.1100  0.0600  0.0000  0.1400  0.4800
  0.5200  0.0100  0.0100  0.0000  0.0000  0.4600
  0.0000  0.3800  0.0100  0.0000  0.0000  0.6100
  0.0000  0.3100  0.0100  0.0000  0.0000  0.6800
  0.3200  0.3400  0.0200  0.0000  0.0100  0.3100
  0.0100  0.4100  0.0000  0.0000  0.0100  0.5700
  0.0000  0.4100  0.0000  0.1300  0.0000  0.4600
  0.0000  0.1800  0.0000  0.2600  0.0100  0.5500
  0.0400  0.4500  0.0000  0.0700  0.0100  0.4300
  0.0000  0.2500  0.0000  0.2500  0.0000  0.5000
  0.3600  0.2000  0.0200  0.0800  0.0000  0.3400
  0.2100  0.0000  0.0000  0.3300  0.0100  0.4500
  0.2500  0.0000  0.0000  0.3100  0.0100  0.4300
  0.1900  0.0000  0.0000  0.3200  0.0100  0.4800
  0.0000  0.6300  0.1000  0.0000  0.0000  0.2700
  0.0000  0.6600  0.0900  0.0000  0.0000  0.2500
  0.0000  0.3300  0.1100  0.0100  0.0000  0.5500
  0.0000  0.6800  0.0900  0.0000  0.0100  0.2200
  0.3500  0.0000  0.0000  0.0100  0.0000  0.6400
  0.0100  0.0000  0.0000  0.3600  0.0000  0.6300
  0.4800  0.0000  0.0100  0.0000  0.1200  0.3900
  0.3900  0.0000  0.0000  0.0200  0.0100  0.5800
  0.4000  0.1700  0.0000  0.0000  0.1200  0.3100
  0.4400  0.2700  0.0000  0.0000  0.1700  0.1200
  0.3400  0.1400  0.0000  0.0000  0.1300  0.3900
  0.3300  0.1200  0.0000  0.0000  0.1300  0.4200
  0.3900  0.0000  0.0000  0.0000  0.2200  0.3900
  0.3900  0.3100  0.0000  0.0000  0.2200  0.0800
  0.4100  0.0000  0.0000  0.0000  0.2500  0.3400
  0.3500  0.0000  0.0000  0.0000  0.2000  0.4500
  0.3300  0.0000  0.0000  0.0000  0.2100  0.4600
  0.3100  0.0000  0.0000  0.0000  0.2000  0.4900
  0.3500  0.0000  0.0000  0.0000  0.2100  0.4400
  0.2000  0.0000  0.0000  0.0000  0.0100  0.7900
  0.5000  0.0000  0.0000  0.0000  0.3000  0.2000
  0.5300  0.0600  0.0000  0.0000  0.3200  0.0900
  0.5300  0.0000  0.0000  0.0000  0.3300  0.1400
  0.4200  0.0000  0.0000  0.0000  0.2700  0.3100
  0.4200  0.0100  0.0000  0.0000  0.1400  0.4300
  0.3900  0.0000  0.0000  0.0000  0.1300  0.4800
  0.4400  0.0000  0.0000  0.0500  0.1300  0.3800
  0.2800  0.0000  0.0000  0.1100  0.0800  0.5300
  0.4200  0.1200  0.0000  0.0000  0.0600  0.4000
  0.4200  0.1100  0.0000  0.0100  0.0700  0.3900
  0.4200  0.1100  0.0000  0.0000  0.0400  0.4300
  0.4500  0.0800  0.0000  0.0000  0.0500  0.4200

 Initial output data matrix:
      f1      f2      f3
-477.3645 -1.2974-78049.1925
-454.7535 -1.3662-68112.8155
-279.9044 -2.1133-51731.0693
-469.5247 -1.7578-77876.9026
-440.0426 -1.9634-76654.9118
-365.6047 -1.2303-62118.0243
-410.9856 -1.1190-66049.6554
-136.1656 -0.8962-22268.5639
-369.0088 -1.3142-61644.3643
-533.9811 -0.8968-68784.7611
-442.6768 -0.7257-59416.2131
-507.4257 -0.9822-66650.9629
-443.6008 -1.1184-65323.0907
-489.5899 -1.3294-72483.9913
-359.3333 -1.7335-60280.1487
-485.2462 -0.8865-66192.4108
-228.9585 -0.7284-49588.2084
-435.6576 -1.1748-60782.1527
-368.0328 -0.0378-29839.9581
-558.3333 -1.0147-72324.3305
-545.1107 -1.0090-76481.1353
-595.9865 -1.0313-80252.0073
-577.5167 -1.0272-78299.5278
-603.0115 -1.0486-79494.8772
-536.4679 -1.3385-83057.1828
-380.6202 -1.5761-63939.3838
-487.9964 -1.6929-74452.7693
-492.2164 -2.0354-77476.1977
-483.0457 -1.7036-74331.8675
-461.0062 -1.5331-68683.9650
-428.6732 -1.9582-73565.0149
-420.3458 -1.7501-70958.0370
-185.7397 -1.9998-39188.2443
-307.5914 -2.9333-68673.8814
-248.0791 -0.3369-41639.4837
-330.4220 -1.6093-58954.7196
-261.1897 -2.5356-54113.5267
-374.3907 -2.1313-72005.0906
-442.1932 -1.6426-73645.0393
-325.5454 -2.2577-65492.6760
-407.4563 -1.7142-79298.8675
-280.7768 -2.0890-55835.4428
-345.4445 -2.2639-66935.4850
-337.8766 -1.7123-65225.4544
-380.5099 -0.6146-47362.4095
-423.7886 -1.3121-68132.9194
-412.9137 -0.7221-59055.9302
-389.7163 -1.2975-60315.7332
-243.9299 -1.5816-43427.1956
-418.8166 -1.1219-61444.5239
-463.1094 -1.4660-81856.9346
-260.4919 -1.9421-59060.6871
-461.1271 -1.5697-75813.0466
-434.9195 -1.9723-80545.7853
-411.2741 -1.7072-85333.3874
-593.8157 -1.0758-82484.6477
-331.6431 -1.2261-62332.4475
-461.8788 -1.5726-80820.6379
-386.3988 -1.9098-76223.9832
-458.6168 -1.3865-78606.8274
-386.1546 -1.7969-73308.3934
-420.6757 -1.8963-83069.8760
-256.3444 -2.2542-53258.3199
-343.7864 -1.8975-72697.8828
-317.0968 -1.9236-66141.3310
-405.5608 -1.9380-81223.2023
-579.2708 -1.0437-87100.5169
-297.2664 -2.2664-61771.9743
-230.0024 -1.7750-53153.7094
-296.3126 -0.8946-60049.3899
-625.1337 -1.1253-94708.7918
-559.4404 -1.5604-98460.5528
-350.2734 -2.6724-74202.1381
-483.8073 -1.5770-91455.1658
-333.6048 -1.8340-67470.0844
-401.3639 -1.5176-75081.6898
-339.8147 -1.1731-68370.6235
-619.8270 -1.3159-92324.8900
-456.6095 -1.0320-73399.8497
-527.1160 -1.2052-80673.3135
-182.0132 -2.1459-33836.3245
-299.4935 -1.9115-62779.5207
-342.4831 -1.8084-73190.6083
-292.5484 -2.1003-64376.6034
-284.1961 -2.0337-60695.8700
-418.6794 -1.5121-75788.0791
-272.5130 -1.9527-60034.6655
-324.9663 -1.9969-65021.8788
-361.4059 -2.0913-69395.5054
-310.1195 -1.9192-61302.0228
-321.0298 -2.0199-62665.9535
-408.2643 -1.5818-76317.7672
-398.2560 -1.9114-74552.8783
-437.9660 -1.8110-79745.2693
-402.9772 -1.8842-75747.1961
-367.7646 -1.7661-65605.9795
-392.9406 -1.8913-69484.2021
-317.1051 -2.1952-63761.7220
-355.6015 -1.8014-64450.3268
-438.2688 -2.1205-87348.6010
-334.7339 -2.0407-65124.3183
-514.0293 -1.5443-93643.6527
-526.1093 -1.9176-98663.7705
-555.0826 -1.4101-91162.3449
-653.9760 -1.1215-96005.8355
-613.3157 -1.3545-102903.8092
-574.5688 -1.4762-99854.6710
-596.1996 -1.5851-97568.0584
-673.8733 -1.3085-96609.9429
-570.9253 -1.5720-97057.6408
-453.6160 -1.8559-85374.7271
-512.3685 -1.7799-93175.9066
-384.8236 -1.8510-77997.5467
-536.0149 -1.7113-96497.9814
-289.9712 -1.9717-66399.4183
-596.7186 -0.9982-92484.7776
-390.5278 -0.8869-64360.6166
-429.9865 -0.7968-68899.7837
-397.0291 -1.0850-76450.3138
-413.4216 -1.7276-80202.5821
-512.4700 -1.6664-92116.8858
-627.3105 -1.5880-103558.9154
-459.2870 -1.8760-85164.1567
-489.1206 -1.8652-89171.2803
-523.3253 -1.8184-92589.2154
-483.7090 -2.0071-89596.8710
-506.5947 -1.8726-91082.8276

 ¯¯¯¯¯¯¯¯¯¯¯¯¯¯¯¯¯¯¯¯¯¯¯¯¯¯¯¯¯¯¯¯¯¯¯¯¯¯¯¯¯¯¯¯¯¯¯¯¯¯¯¯¯¯¯¯¯¯¯¯¯¯¯¯¯¯¯¯¯¯¯¯¯¯¯¯¯¯¯¯¯¯¯¯¯¯¯¯¯¯¯¯¯¯¯¯¯¯¯¯¯¯
 Algorithm iteration 1 

 Predicted hypervolume improvement:    0.0334
 Time taken:   61.7759 

 Proposed evaluation point(s): 
      x1      x2      x3      x4      x5      x6
  0.3200  0.0100  0.0000  0.0100  0.1000  0.5600
  0.3700  0.0600  0.0000  0.0000  0.1700  0.4000
  0.4200  0.0300  0.0000  0.0000  0.1400  0.4200
  0.3400  0.0000  0.0000  0.0000  0.0800  0.5800

 Corresponding observation(s): 
      f1      f2      f3
-464.7826 -1.9270-93262.1244
-545.3656 -1.6043-97759.0506
-526.9638 -1.6789-98901.7515
-461.8699 -1.9537-90246.9096

 ¯¯¯¯¯¯¯¯¯¯¯¯¯¯¯¯¯¯¯¯¯¯¯¯¯¯¯¯¯¯¯¯¯¯¯¯¯¯¯¯¯¯¯¯¯¯¯¯¯¯¯¯¯¯¯¯¯¯¯¯¯¯¯¯¯¯¯¯¯¯¯¯¯¯¯¯¯¯¯¯¯¯¯¯¯¯¯¯¯¯¯¯¯¯¯¯¯¯¯¯¯¯
 Final algorithm output 

 Final input data matrix:
        x1        x2        x3        x4        x5        x6
    0.3200    0.1300    0.0500    0.2100    0.0400    0.2500
    0.0000    0.1800    0.2100    0.2800    0.2000    0.1300
    0.0000    0.0200    0.3800    0.0400    0.2900    0.2700
    0.1900    0.3000    0.1000    0.0600    0.0700    0.2800
    0.0800    0.1600    0.1400    0.0400    0.1900    0.3900
    0.3400    0.0600    0.2300    0.1600    0.1900    0.0200
    0.1400    0.1000    0.0700    0.2000    0.2700    0.2200
    0.0700    0.0700    0.3200    0.2100    0.0300    0.3000
    0.0200    0.0100    0.2700    0.1300    0.4900    0.0800
    0.0900    0.3200    0.0300    0.1300    0.3700    0.0600
    0.0800    0.2100    0.0200    0.0000    0.6100    0.0800
    0.0900    0.3200    0.0400    0.2100    0.1700    0.1700
    0.1400    0.3000    0.0700    0.1000    0.2500    0.1400
    0.0400    0.1700    0.0700    0.2200    0.2400    0.2600
    0.1700    0.1500    0.2800    0.2900    0.0000    0.1100
    0.1000    0.1400    0.1400    0.2600    0.2700    0.0900
    1.0000    0.0000    0.0000    0.0000    0.0000    0.0000
    0.0000    1.0000    0.0000    0.0000    0.0000    0.0000
    0.0000    0.0000    0.0000    1.0000    0.0000    0.0000
    0.6000    0.4000    0.0000    0.0000    0.0000    0.0000
    0.5500    0.4500    0.0000    0.0000    0.0000    0.0000
    0.5000    0.5000    0.0000    0.0000    0.0000    0.0000
    0.4500    0.5500    0.0000    0.0000    0.0000    0.0000
    0.4000    0.6000    0.0000    0.0000    0.0000    0.0000
    0.2700    0.4400    0.0900    0.0400    0.0800    0.0800
    0.0400    0.1900    0.3600    0.2000    0.1200    0.0900
    0.0000    0.5900    0.0000    0.0800    0.0800    0.2500
    0.0000    0.3900    0.1300    0.0700    0.0300    0.3800
    0.0100    0.5100    0.0000    0.1000    0.0200    0.3600
    0.0100    0.6200    0.0100    0.0300    0.1000    0.2300
    0.0600    0.3000    0.4100    0.0100    0.0100    0.2100
    0.0800    0.3200    0.5000    0.0700    0.0200    0.0100
    0.1500    0.2800    0.2500    0.0100    0.0600    0.2500
    0.0000    0.0000    0.0000    0.0000    0.0000    1.0000
    0.0000    0.0000    0.0000    0.0000    1.0000    0.0000
    0.0200    0.1100    0.0000    0.5000    0.0300    0.3400
    0.0100    0.1900    0.0000    0.0000    0.0000    0.8000
    0.0100    0.3900    0.0000    0.0200    0.0100    0.5700
    0.1800    0.1200    0.0000    0.3600    0.0000    0.3400
    0.0100    0.0000    0.1300    0.2500    0.0000    0.6100
    0.3200    0.0000    0.1200    0.0100    0.0000    0.5500
    0.0100    0.1500    0.1000    0.2100    0.0000    0.5300
    0.0100    0.0000    0.1500    0.2500    0.0000    0.5900
    0.1500    0.4500    0.0400    0.0300    0.0100    0.3200
    0.0500    0.3200    0.0000    0.5700    0.0600    0.0000
    0.3100    0.5200    0.0000    0.0800    0.0200    0.0700
    0.1500    0.0400    0.1300    0.6700    0.0100    0.0000
    0.0000    0.2100    0.2000    0.5800    0.0100    0.0000
    0.0000    0.0100    0.2800    0.6700    0.0100    0.0300
    0.0100    0.2800    0.1100    0.4600    0.1100    0.0300
    0.4900    0.0600    0.0000    0.1400    0.0200    0.2900
    0.1400    0.0000    0.0700    0.0100    0.0100    0.7700
    0.0300    0.5800    0.1800    0.0400    0.1000    0.0700
    0.0000    0.3100    0.0100    0.0200    0.1500    0.5100
    0.2500    0.0100    0.0100    0.0400    0.1300    0.5600
    0.2900    0.4500    0.0600    0.0800    0.1200    0.0000
    0.0200    0.0100    0.1600    0.0100    0.5000    0.3000
    0.0200    0.2400    0.0000    0.0300    0.2600    0.4500
    0.0000    0.0100    0.0000    0.0100    0.2700    0.7100
    0.0900    0.0200    0.0000    0.0600    0.4000    0.4300
    0.0000    0.1600    0.0000    0.0000    0.2500    0.5900
    0.3200    0.0900    0.0200    0.0100    0.0100    0.5500
    0.0000    0.0800    0.1300    0.0000    0.1100    0.6800
    0.3900    0.0100    0.0300    0.0000    0.0000    0.5700
    0.2600    0.1800    0.0200    0.0100    0.0100    0.5200
    0.2000    0.1600    0.0000    0.0000    0.0000    0.6400
    0.5100    0.3100    0.0700    0.0100    0.0100    0.0900
    0.1400    0.1700    0.0200    0.0000    0.0000    0.6700
    0.0000    0.0300    0.0200    0.2100    0.3200    0.4200
    0.5700    0.0000    0.1100    0.0100    0.1000    0.2100
    0.5100    0.2500    0.1000    0.0200    0.1200    0.0000
    0.5100    0.0100    0.0700    0.0200    0.1100    0.2800
    0.0000    0.0000    0.0000    0.0200    0.0000    0.9800
    0.6000    0.0000    0.0300    0.0000    0.0200    0.3500
    0.3400    0.0000    0.1100    0.0100    0.0600    0.4800
    0.4400    0.1100    0.1100    0.0000    0.0600    0.2800
    0.6600    0.0000    0.0800    0.0000    0.0000    0.2600
    0.3700    0.4700    0.1000    0.0000    0.0600    0.0000
    0.4400    0.3000    0.0900    0.0400    0.1300    0.0000
    0.2700    0.6100    0.1200    0.0000    0.0000    0.0000
    0.0100    0.0000    0.0000    0.0200    0.0800    0.8900
    0.2100    0.1100    0.0600    0.0000    0.1400    0.4800
    0.5200    0.0100    0.0100    0.0000    0.0000    0.4600
    0.0000    0.3800    0.0100    0.0000    0.0000    0.6100
    0.0000    0.3100    0.0100    0.0000    0.0000    0.6800
    0.3200    0.3400    0.0200    0.0000    0.0100    0.3100
    0.0100    0.4100    0.0000    0.0000    0.0100    0.5700
    0.0000    0.4100    0.0000    0.1300    0.0000    0.4600
    0.0000    0.1800    0.0000    0.2600    0.0100    0.5500
    0.0400    0.4500    0.0000    0.0700    0.0100    0.4300
    0.0000    0.2500    0.0000    0.2500    0.0000    0.5000
    0.3600    0.2000    0.0200    0.0800    0.0000    0.3400
    0.2100    0.0000    0.0000    0.3300    0.0100    0.4500
    0.2500    0.0000    0.0000    0.3100    0.0100    0.4300
    0.1900    0.0000    0.0000    0.3200    0.0100    0.4800
    0.0000    0.6300    0.1000    0.0000    0.0000    0.2700
    0.0000    0.6600    0.0900    0.0000    0.0000    0.2500
    0.0000    0.3300    0.1100    0.0100    0.0000    0.5500
    0.0000    0.6800    0.0900    0.0000    0.0100    0.2200
    0.3500    0.0000    0.0000    0.0100    0.0000    0.6400
    0.0100    0.0000    0.0000    0.3600    0.0000    0.6300
    0.4800    0.0000    0.0100    0.0000    0.1200    0.3900
    0.3900    0.0000    0.0000    0.0200    0.0100    0.5800
    0.4000    0.1700    0.0000    0.0000    0.1200    0.3100
    0.4400    0.2700    0.0000    0.0000    0.1700    0.1200
    0.3400    0.1400    0.0000    0.0000    0.1300    0.3900
    0.3300    0.1200    0.0000    0.0000    0.1300    0.4200
    0.3900    0.0000    0.0000    0.0000    0.2200    0.3900
    0.3900    0.3100    0.0000    0.0000    0.2200    0.0800
    0.4100    0.0000    0.0000    0.0000    0.2500    0.3400
    0.3500    0.0000    0.0000    0.0000    0.2000    0.4500
    0.3300    0.0000    0.0000    0.0000    0.2100    0.4600
    0.3100    0.0000    0.0000    0.0000    0.2000    0.4900
    0.3500    0.0000    0.0000    0.0000    0.2100    0.4400
    0.2000    0.0000    0.0000    0.0000    0.0100    0.7900
    0.5000    0.0000    0.0000    0.0000    0.3000    0.2000
    0.5300    0.0600    0.0000    0.0000    0.3200    0.0900
    0.5300    0.0000    0.0000    0.0000    0.3300    0.1400
    0.4200    0.0000    0.0000    0.0000    0.2700    0.3100
    0.4200    0.0100    0.0000    0.0000    0.1400    0.4300
    0.3900    0.0000    0.0000    0.0000    0.1300    0.4800
    0.4400    0.0000    0.0000    0.0500    0.1300    0.3800
    0.2800    0.0000    0.0000    0.1100    0.0800    0.5300
    0.4200    0.1200    0.0000    0.0000    0.0600    0.4000
    0.4200    0.1100    0.0000    0.0100    0.0700    0.3900
    0.4200    0.1100    0.0000    0.0000    0.0400    0.4300
    0.4500    0.0800    0.0000    0.0000    0.0500    0.4200
    0.3200    0.0100    0.0000    0.0100    0.1000    0.5600
    0.3700    0.0600    0.0000    0.0000    0.1700    0.4000
    0.4200    0.0300    0.0000    0.0000    0.1400    0.4200
    0.3400    0.0000    0.0000    0.0000    0.0800    0.5800

 Final output data matrix:
        f1        f2        f3
 -477.3645   -1.2974-78049.1925
 -454.7535   -1.3662-68112.8155
 -279.9044   -2.1133-51731.0693
 -469.5247   -1.7578-77876.9026
 -440.0426   -1.9634-76654.9118
 -365.6047   -1.2303-62118.0243
 -410.9856   -1.1190-66049.6554
 -136.1656   -0.8962-22268.5639
 -369.0088   -1.3142-61644.3643
 -533.9811   -0.8968-68784.7611
 -442.6768   -0.7257-59416.2131
 -507.4257   -0.9822-66650.9629
 -443.6008   -1.1184-65323.0907
 -489.5899   -1.3294-72483.9913
 -359.3333   -1.7335-60280.1487
 -485.2462   -0.8865-66192.4108
 -228.9585   -0.7284-49588.2084
 -435.6576   -1.1748-60782.1527
 -368.0328   -0.0378-29839.9581
 -558.3333   -1.0147-72324.3305
 -545.1107   -1.0090-76481.1353
 -595.9865   -1.0313-80252.0073
 -577.5167   -1.0272-78299.5278
 -603.0115   -1.0486-79494.8772
 -536.4679   -1.3385-83057.1828
 -380.6202   -1.5761-63939.3838
 -487.9964   -1.6929-74452.7693
 -492.2164   -2.0354-77476.1977
 -483.0457   -1.7036-74331.8675
 -461.0062   -1.5331-68683.9650
 -428.6732   -1.9582-73565.0149
 -420.3458   -1.7501-70958.0370
 -185.7397   -1.9998-39188.2443
 -307.5914   -2.9333-68673.8814
 -248.0791   -0.3369-41639.4837
 -330.4220   -1.6093-58954.7196
 -261.1897   -2.5356-54113.5267
 -374.3907   -2.1313-72005.0906
 -442.1932   -1.6426-73645.0393
 -325.5454   -2.2577-65492.6760
 -407.4563   -1.7142-79298.8675
 -280.7768   -2.0890-55835.4428
 -345.4445   -2.2639-66935.4850
 -337.8766   -1.7123-65225.4544
 -380.5099   -0.6146-47362.4095
 -423.7886   -1.3121-68132.9194
 -412.9137   -0.7221-59055.9302
 -389.7163   -1.2975-60315.7332
 -243.9299   -1.5816-43427.1956
 -418.8166   -1.1219-61444.5239
 -463.1094   -1.4660-81856.9346
 -260.4919   -1.9421-59060.6871
 -461.1271   -1.5697-75813.0466
 -434.9195   -1.9723-80545.7853
 -411.2741   -1.7072-85333.3874
 -593.8157   -1.0758-82484.6477
 -331.6431   -1.2261-62332.4475
 -461.8788   -1.5726-80820.6379
 -386.3988   -1.9098-76223.9832
 -458.6168   -1.3865-78606.8274
 -386.1546   -1.7969-73308.3934
 -420.6757   -1.8963-83069.8760
 -256.3444   -2.2542-53258.3199
 -343.7864   -1.8975-72697.8828
 -317.0968   -1.9236-66141.3310
 -405.5608   -1.9380-81223.2023
 -579.2708   -1.0437-87100.5169
 -297.2664   -2.2664-61771.9743
 -230.0024   -1.7750-53153.7094
 -296.3126   -0.8946-60049.3899
 -625.1337   -1.1253-94708.7918
 -559.4404   -1.5604-98460.5528
 -350.2734   -2.6724-74202.1381
 -483.8073   -1.5770-91455.1658
 -333.6048   -1.8340-67470.0844
 -401.3639   -1.5176-75081.6898
 -339.8147   -1.1731-68370.6235
 -619.8270   -1.3159-92324.8900
 -456.6095   -1.0320-73399.8497
 -527.1160   -1.2052-80673.3135
 -182.0132   -2.1459-33836.3245
 -299.4935   -1.9115-62779.5207
 -342.4831   -1.8084-73190.6083
 -292.5484   -2.1003-64376.6034
 -284.1961   -2.0337-60695.8700
 -418.6794   -1.5121-75788.0791
 -272.5130   -1.9527-60034.6655
 -324.9663   -1.9969-65021.8788
 -361.4059   -2.0913-69395.5054
 -310.1195   -1.9192-61302.0228
 -321.0298   -2.0199-62665.9535
 -408.2643   -1.5818-76317.7672
 -398.2560   -1.9114-74552.8783
 -437.9660   -1.8110-79745.2693
 -402.9772   -1.8842-75747.1961
 -367.7646   -1.7661-65605.9795
 -392.9406   -1.8913-69484.2021
 -317.1051   -2.1952-63761.7220
 -355.6015   -1.8014-64450.3268
 -438.2688   -2.1205-87348.6010
 -334.7339   -2.0407-65124.3183
 -514.0293   -1.5443-93643.6527
 -526.1093   -1.9176-98663.7705
 -555.0826   -1.4101-91162.3449
 -653.9760   -1.1215-96005.8355
 -613.3157   -1.3545-102903.8092
 -574.5688   -1.4762-99854.6710
 -596.1996   -1.5851-97568.0584
 -673.8733   -1.3085-96609.9429
 -570.9253   -1.5720-97057.6408
 -453.6160   -1.8559-85374.7271
 -512.3685   -1.7799-93175.9066
 -384.8236   -1.8510-77997.5467
 -536.0149   -1.7113-96497.9814
 -289.9712   -1.9717-66399.4183
 -596.7186   -0.9982-92484.7776
 -390.5278   -0.8869-64360.6166
 -429.9865   -0.7968-68899.7837
 -397.0291   -1.0850-76450.3138
 -413.4216   -1.7276-80202.5821
 -512.4700   -1.6664-92116.8858
 -627.3105   -1.5880-103558.9154
 -459.2870   -1.8760-85164.1567
 -489.1206   -1.8652-89171.2803
 -523.3253   -1.8184-92589.2154
 -483.7090   -2.0071-89596.8710
 -506.5947   -1.8726-91082.8276
 -464.7826   -1.9270-93262.1244
 -545.3656   -1.6043-97759.0506
 -526.9638   -1.6789-98901.7515
 -461.8699   -1.9537-90246.9096

 Input data matrix of corresponding Pareto front:
        x1        x2        x3        x4        x5        x6
    0.0000    0.3900    0.1300    0.0700    0.0300    0.3800
    0.0000    0.0000    0.0000    0.0000    0.0000    1.0000
    0.0100    0.3900    0.0000    0.0200    0.0100    0.5700
    0.0000    0.0000    0.0000    0.0200    0.0000    0.9800
    0.3500    0.0000    0.0000    0.0100    0.0000    0.6400
    0.3900    0.0000    0.0000    0.0200    0.0100    0.5800
    0.3900    0.3100    0.0000    0.0000    0.2200    0.0800
    0.3500    0.0000    0.0000    0.0000    0.2100    0.4400
    0.4400    0.0000    0.0000    0.0500    0.1300    0.3800
    0.4200    0.1100    0.0000    0.0000    0.0400    0.4300

 Output data matrix of corresponding Pareto front:
        f1        f2        f3
 -492.2164   -2.0354-77476.1977
 -307.5914   -2.9333-68673.8814
 -374.3907   -2.1313-72005.0906
 -350.2734   -2.6724-74202.1381
 -438.2688   -2.1205-87348.6010
 -526.1093   -1.9176-98663.7705
 -673.8733   -1.3085-96609.9429
 -536.0149   -1.7113-96497.9814
 -627.3105   -1.5880-103558.9154
 -483.7090   -2.0071-89596.8710

 Input data matrix of Pareto front of final Gaussian process model:
        x1        x2        x3        x4        x5        x6
    0.0000    0.0010    0.0000    0.0008    0.0014    0.9968
    0.4294    0.0887    0.0000    0.0003    0.1485    0.3331
    0.4031    0.4289    0.0000    0.0003    0.1666    0.0011
    0.4256    0.4096    0.0000    0.0003    0.1633    0.0012
    0.0296    0.0018    0.0000    0.0026    0.0032    0.9628
    0.2224    0.0003    0.0000    0.0039    0.0021    0.7713
    0.1161    0.0014    0.0000    0.0005    0.0016    0.8803
    0.1829    0.0015    0.0000    0.0011    0.0013    0.8132
    0.0237    0.0021    0.0000    0.0011    0.0011    0.9720
    0.1241    0.0003    0.0000    0.0004    0.0025    0.8727
    0.3969    0.0808    0.0000    0.0008    0.0726    0.4489
    0.4175    0.4038    0.0000    0.0003    0.1393    0.0392
    0.3628    0.3307    0.0000    0.0014    0.1623    0.1428
    0.2176    0.0016    0.0000    0.0013    0.0022    0.7773
    0.0476    0.0017    0.0000    0.0009    0.0014    0.9484
    0.3713    0.3098    0.0000    0.0036    0.1368    0.1785
    0.2415    0.0008    0.0000    0.0001    0.0020    0.7556
    0.1322    0.0004    0.0000    0.0004    0.0011    0.8659
    0.3480    0.1068    0.0000    0.0379    0.0018    0.5055
    0.0922    0.0009    0.0000    0.0000    0.0025    0.9043
    0.3749    0.0808    0.0000    0.0004    0.1353    0.4086
    0.3593    0.1006    0.0000    0.0027    0.0625    0.4749
    0.3870    0.4308    0.0000    0.0005    0.1557    0.0259
    0.0970    0.0009    0.0000    0.0006    0.0022    0.8993
    0.4012    0.0869    0.0000    0.0005    0.0742    0.4373
    0.3678    0.3902    0.0000    0.0043    0.1707    0.0670
    0.2643    0.0010    0.0000    0.0013    0.0014    0.7320
    0.3780    0.1048    0.0000    0.0028    0.0199    0.4945
    0.2694    0.0015    0.0000    0.0008    0.0011    0.7272
    0.3034    0.0008    0.0000    0.0020    0.0013    0.6925
    0.3753    0.0695    0.0000    0.0029    0.0386    0.5137
    0.2981    0.0008    0.0000    0.0004    0.0014    0.6992
    0.3058    0.0009    0.0000    0.0008    0.0025    0.6900
    0.3681    0.0294    0.0000    0.0009    0.0968    0.5048
    0.2616    0.0008    0.0000    0.0001    0.0016    0.7359
    0.3661    0.2528    0.0000    0.0004    0.1316    0.2492
    0.3730    0.0009    0.0000    0.0004    0.0015    0.6242
    0.3901    0.4320    0.0000    0.0004    0.1385    0.0389
    0.3257    0.0009    0.0000    0.0005    0.0015    0.6714
    0.1702    0.0014    0.0000    0.0004    0.0023    0.8257
    0.3931    0.2902    0.0000    0.0001    0.1266    0.1900
    0.3736    0.0007    0.0000    0.0022    0.0410    0.5826
    0.2767    0.0015    0.0000    0.0004    0.0013    0.7201
    0.1995    0.0014    0.0000    0.0014    0.0010    0.7967
    0.1266    0.0009    0.0000    0.0000    0.0024    0.8700
    0.3673    0.0002    0.0000    0.0006    0.0014    0.6305
    0.3145    0.0020    0.0000    0.0004    0.0012    0.6818
    0.2725    0.0010    0.0000    0.0004    0.0014    0.7247
    0.1470    0.0033    0.0000    0.0011    0.0013    0.8474
    0.1962    0.0008    0.0000    0.0005    0.0016    0.8010
    0.1674    0.0002    0.0000    0.0005    0.0016    0.8303
    0.1448    0.0004    0.0000    0.0002    0.0012    0.8534
    0.2480    0.0022    0.0000    0.0015    0.0021    0.7463
    0.1035    0.0019    0.0000    0.0007    0.0025    0.8914
    0.1636    0.0016    0.0000    0.0005    0.0014    0.8329
    0.2994    0.4049    0.0000    0.0002    0.1656    0.1299
    0.3616    0.0002    0.0000    0.0006    0.0014    0.6361
    0.3127    0.0007    0.0000    0.0001    0.0015    0.6850
    0.3967    0.1099    0.0000    0.0014    0.0170    0.4750
    0.0838    0.0019    0.0000    0.0015    0.0029    0.9099
    0.1353    0.0012    0.0000    0.0007    0.0024    0.8603
    0.3553    0.3955    0.0000    0.0019    0.1565    0.0906
    0.2028    0.0008    0.0000    0.0010    0.0015    0.7939
    0.1118    0.0004    0.0000    0.0004    0.0025    0.8850
    0.3559    0.2907    0.0000    0.0009    0.1263    0.2261
    0.1602    0.0013    0.0000    0.0004    0.0022    0.8360
    0.0802    0.0007    0.0000    0.0000    0.0025    0.9166
    0.3825    0.2036    0.0000    0.0008    0.1285    0.2846
    0.4256    0.0728    0.0000    0.0002    0.1242    0.3772
    0.3648    0.0491    0.0000    0.0005    0.1574    0.4282
    0.4082    0.3114    0.0000    0.0004    0.1262    0.1538
    0.2280    0.0026    0.0000    0.0013    0.0010    0.7671
    0.1786    0.0008    0.0000    0.0006    0.0020    0.8180
    0.2539    0.0011    0.0000    0.0004    0.0016    0.7430
    0.4255    0.0111    0.0000    0.0028    0.1302    0.4304
    0.4049    0.0011    0.0000    0.0010    0.0013    0.5918
    0.3897    0.0478    0.0000    0.0006    0.0641    0.4978
    0.4003    0.4243    0.0000    0.0004    0.1610    0.0139
    0.2563    0.0010    0.0000    0.0008    0.0027    0.7392
    0.2125    0.0012    0.0000    0.0007    0.0020    0.7836
    0.4078    0.0379    0.0000    0.0004    0.0112    0.5427
    0.2369    0.0027    0.0000    0.0013    0.0011    0.7580
    0.1515    0.0004    0.0000    0.0015    0.0011    0.8455
    0.3536    0.0556    0.0000    0.0028    0.1092    0.4788
    0.0749    0.0017    0.0000    0.0009    0.0013    0.9212
    0.3771    0.1823    0.0000    0.0022    0.1396    0.2988
    0.2149    0.0024    0.0000    0.0012    0.0009    0.7806
    0.3836    0.2453    0.0000    0.0016    0.1277    0.2418
    0.4296    0.0413    0.0000    0.0007    0.0021    0.5264
    0.3914    0.0819    0.0000    0.0020    0.1261    0.3986
    0.2452    0.0014    0.0000    0.0008    0.0023    0.7503
    0.3638    0.1542    0.0000    0.0000    0.1142    0.3679
    0.3976    0.3127    0.0000    0.0013    0.1534    0.1350
    0.4250    0.0889    0.0000    0.0022    0.1369    0.3471
    0.4141    0.0251    0.0000    0.0010    0.1180    0.4418
    0.4179    0.3373    0.0000    0.0044    0.1381    0.1024
    0.3844    0.0043    0.0000    0.0004    0.0832    0.5277
    0.1020    0.0016    0.0000    0.0007    0.0025    0.8932
    0.3995    0.0241    0.0000    0.0002    0.1148    0.4615
    0.1120    0.0011    0.0000    0.0004    0.0002    0.8864
    0.4086    0.0103    0.0000    0.0005    0.0008    0.5798
    0.3549    0.0790    0.0000    0.0008    0.0895    0.4758
    0.3325    0.2443    0.0000    0.0005    0.1153    0.3074
    0.2082    0.0052    0.0000    0.0009    0.0010    0.7847
    0.3204    0.0007    0.0000    0.0012    0.0020    0.6757
    0.3923    0.2493    0.0000    0.0001    0.1432    0.2150
    0.1742    0.0013    0.0000    0.0005    0.0015    0.8225
    0.3293    0.3412    0.0000    0.0003    0.1431    0.1861
    0.3660    0.0828    0.0000    0.0002    0.0541    0.4969
    0.3896    0.0000    0.0000    0.0020    0.0773    0.5312
    0.3765    0.0593    0.0000    0.0030    0.0514    0.5098
    0.0690    0.0024    0.0000    0.0006    0.0009    0.9270
    0.1531    0.0034    0.0000    0.0011    0.0013    0.8410
    0.3522    0.1034    0.0000    0.0002    0.1084    0.4359
    0.1927    0.0020    0.0000    0.0003    0.0021    0.8030
    0.1909    0.0008    0.0000    0.0013    0.0015    0.8055
    0.1408    0.0003    0.0000    0.0004    0.0024    0.8561
    0.4237    0.0826    0.0000    0.0005    0.1267    0.3665
    0.3311    0.0009    0.0000    0.0021    0.0015    0.6644
    0.3811    0.0000    0.0000    0.0006    0.0464    0.5719
    0.4261    0.0041    0.0000    0.0099    0.0784    0.4815
    0.3555    0.2617    0.0000    0.0005    0.1232    0.2591
    0.3130    0.2525    0.0000    0.0008    0.1349    0.2988
    0.4272    0.0241    0.0000    0.0010    0.0205    0.5272
    0.3807    0.2879    0.0000    0.0004    0.1167    0.2144
    0.2904    0.0002    0.0000    0.0005    0.0012    0.7078
    0.2793    0.0003    0.0000    0.0011    0.0025    0.7169
    0.4167    0.0000    0.0000    0.0004    0.0051    0.5779
    0.3834    0.0000    0.0000    0.0011    0.0015    0.6140
    0.3291    0.3259    0.0000    0.0003    0.1430    0.2016
    0.2063    0.0002    0.0000    0.0005    0.0015    0.7915
    0.2920    0.0010    0.0000    0.0012    0.0019    0.7039
    0.2958    0.0002    0.0000    0.0005    0.0012    0.7023
    0.3374    0.0012    0.0000    0.0008    0.0013    0.6593
    0.3566    0.0000    0.0000    0.0003    0.0015    0.6416
    0.3690    0.2317    0.0000    0.0007    0.1240    0.2746
    0.3645    0.0727    0.0000    0.0048    0.1422    0.4159
    0.1378    0.0040    0.0000    0.0006    0.0018    0.8558
    0.4173    0.1424    0.0000    0.0000    0.1054    0.3349
    0.0622    0.0014    0.0000    0.0012    0.0021    0.9331
    0.3556    0.3738    0.0000    0.0004    0.1755    0.0947
    0.0296    0.0019    0.0000    0.0015    0.0032    0.9638
    0.3878    0.2803    0.0000    0.0005    0.1535    0.1778
    0.3498    0.0002    0.0000    0.0004    0.0014    0.6481
    0.4298    0.0901    0.0000    0.0005    0.1532    0.3263
    0.3913    0.4479    0.0000    0.0004    0.1591    0.0013
    0.0242    0.0021    0.0000    0.0011    0.0013    0.9714
    0.4512    0.0145    0.0000    0.0009    0.1321    0.4012
    0.4218    0.3547    0.0000    0.0017    0.1404    0.0813
    0.3635    0.2092    0.0000    0.0004    0.1475    0.2794
    0.3711    0.3279    0.0000    0.0012    0.1717    0.1281
    0.1880    0.0013    0.0000    0.0001    0.0014    0.8092
    0.2844    0.0009    0.0000    0.0004    0.0013    0.7131
    0.0650    0.0065    0.0000    0.0006    0.0006    0.9273
    0.3320    0.0008    0.0000    0.0020    0.0014    0.6638
    0.0585    0.0009    0.0000    0.0007    0.0021    0.9378
    0.4321    0.0100    0.0000    0.0022    0.1223    0.4334
    0.3611    0.3889    0.0000    0.0013    0.1735    0.0752
    0.1879    0.0013    0.0000    0.0001    0.0022    0.8085
    0.3970    0.1096    0.0000    0.0001    0.0016    0.4916
    0.4062    0.0011    0.0000    0.0026    0.1338    0.4564
    0.3479    0.2402    0.0000    0.0017    0.1250    0.2853
    0.4027    0.4094    0.0000    0.0003    0.1626    0.0251
    0.3729    0.1853    0.0000    0.0021    0.1292    0.3105
    0.4299    0.0905    0.0000    0.0021    0.1405    0.3370
    0.4019    0.1976    0.0000    0.0009    0.1298    0.2698
    0.4157    0.0969    0.0000    0.0023    0.1160    0.3692
    0.3718    0.0833    0.0000    0.0003    0.0012    0.5434
    0.3858    0.2451    0.0000    0.0011    0.1408    0.2271
    0.3704    0.1791    0.0000    0.0130    0.1352    0.3022
    0.2327    0.0025    0.0000    0.0001    0.0029    0.7618
    0.3408    0.3794    0.0000    0.0014    0.1675    0.1109
    0.3860    0.0107    0.0000    0.0006    0.0007    0.6020
    0.3577    0.3522    0.0000    0.0012    0.1655    0.1235
    0.2314    0.0004    0.0000    0.0012    0.0019    0.7651
    0.3469    0.3043    0.0000    0.0011    0.1338    0.2138
    0.2815    0.0025    0.0000    0.0012    0.0010    0.7138
    0.4380    0.0434    0.0000    0.0005    0.1393    0.3788
    0.0836    0.0019    0.0000    0.0015    0.0053    0.9077
    0.2351    0.0003    0.0000    0.0011    0.0026    0.7609
    0.3977    0.0292    0.0000    0.0056    0.0238    0.5437
    0.4360    0.0010    0.0000    0.0022    0.1234    0.4373
    0.3887    0.1146    0.0000    0.0006    0.0016    0.4945
    0.4273    0.1638    0.0000    0.0012    0.1560    0.2516
    0.3568    0.2306    0.0000    0.0011    0.1168    0.2946
    0.4134    0.1313    0.0000    0.0003    0.1302    0.3248
    0.2074    0.0011    0.0000    0.0006    0.0019    0.7890
    0.3366    0.2195    0.0000    0.0005    0.1296    0.3138
    0.3125    0.1883    0.0000    0.0030    0.1448    0.3512
    0.4053    0.4120    0.0000    0.0003    0.1572    0.0252
    0.4063    0.0752    0.0000    0.0002    0.1284    0.3899
    0.3395    0.3544    0.0000    0.0004    0.1598    0.1460
    0.3221    0.0022    0.0000    0.0005    0.0013    0.6740
    0.0520    0.0014    0.0000    0.0012    0.0015    0.9439
    0.3342    0.3513    0.0000    0.0003    0.1694    0.1447
    0.3858    0.0820    0.0000    0.0012    0.1337    0.3972
    0.4079    0.1447    0.0000    0.0000    0.1071    0.3403
    0.3954    0.0011    0.0000    0.0035    0.0019    0.5981
    0.4015    0.0918    0.0000    0.0005    0.1452    0.3609
    0.1564    0.0018    0.0000    0.0023    0.0013    0.8382

 Output data matrix of Pareto front of final Gaussian process model:
        f1        f2        f3
 -289.3144   -2.7346-62621.1853
 -553.4932   -1.4887-96093.1429
 -646.7870   -0.9966-88573.9224
 -646.4547   -0.9838-88756.2759
 -289.9229   -2.6380-62117.5521
 -351.1807   -2.1390-73337.2635
 -305.9061   -2.3847-64793.4451
 -331.5920   -2.2153-69695.9986
 -289.6735   -2.6664-62373.1271
 -308.4927   -2.3614-65212.0636
 -500.3670   -1.8133-92204.3301
 -640.1883   -1.0683-89807.9240
 -620.9812   -1.2147-92241.8822
 -348.5858   -2.1487-72850.1247
 -291.5659   -2.5950-62462.4872
 -608.9536   -1.2703-93110.3792
 -360.5973   -2.1157-75022.3966
 -311.0529   -2.3434-65788.0574
 -440.5721   -1.9426-84863.9010
 -299.4332   -2.4560-63573.6576
 -528.8340   -1.6940-94925.3433
 -483.3481   -1.8618-90216.8887
 -642.8418   -1.0545-89173.0135
 -300.6079   -2.4409-63794.5000
 -505.0318   -1.7948-92518.0071
 -636.4411   -1.1100-89987.9082
 -372.4870   -2.0865-77141.2270
 -461.0671   -1.9136-87259.4070
 -375.0184   -2.0813-77587.2857
 -392.6665   -2.0455-80443.8332
 -464.3218   -1.9086-88424.6235
 -389.8264   -2.0516-79988.6488
 -394.2420   -2.0424-80645.8143
 -486.9066   -1.8477-91997.6897
 -370.9696   -2.0907-76862.1226
