
 TSEMO log file created on 03-Mar-2020 

 This file shows the initial specifications of TSEMO and logs the output.
 ¯¯¯¯¯¯¯¯¯¯¯¯¯¯¯¯¯¯¯¯¯¯¯¯¯¯¯¯¯¯¯¯¯¯¯¯¯¯¯¯¯¯¯¯¯¯¯¯¯¯¯¯¯¯¯¯¯¯¯¯¯¯¯¯¯¯¯¯¯¯¯¯¯¯¯¯¯¯¯¯¯¯¯¯¯¯¯¯¯¯¯¯¯¯¯¯¯¯¯¯¯¯
 License information 

 BSD 2-Clause License 

 Copyright (c) 2017, Eric Bradford, Artur M. Schweidtmann and Alexei Lapkin
 All rights reserved. 

 Redistribution and use in source and binary forms, with or without
 modification, are permitted provided that the following conditions are met: 

 *Redistributions of source code must retain the above copyright notice, this   
  list of conditions and the following disclaimer. 

 *Redistributions in binary form must reproduce the above copyright notice,   
  this list of conditions and the following disclaimer in the documentation   
  and/or other materials provided with the distribution. 

 Modified by Mina Konakovic Lukovic 2019. 

 ¯¯¯¯¯¯¯¯¯¯¯¯¯¯¯¯¯¯¯¯¯¯¯¯¯¯¯¯¯¯¯¯¯¯¯¯¯¯¯¯¯¯¯¯¯¯¯¯¯¯¯¯¯¯¯¯¯¯¯¯¯¯¯¯¯¯¯¯¯¯¯¯¯¯¯¯¯¯¯¯¯¯¯¯¯¯¯¯¯¯¯¯¯¯¯¯¯¯¯¯¯¯
 Problem specifications 

 Function used:   consta 

 Number of inputs:   6
 Number of outputs:  3 

 Lower bounds of decision variables:
      x1      x2      x3      x4      x5      x6
  0.0000  0.0000  0.0000  0.0000  0.0000  0.0000
 
 Upper bounds of decision variables:
      x1      x2      x3      x4      x5      x6
  1.0000  1.0000  0.5000  1.0000  1.0000  1.0000
 ¯¯¯¯¯¯¯¯¯¯¯¯¯¯¯¯¯¯¯¯¯¯¯¯¯¯¯¯¯¯¯¯¯¯¯¯¯¯¯¯¯¯¯¯¯¯¯¯¯¯¯¯¯¯¯¯¯¯¯¯¯¯¯¯¯¯¯¯¯¯¯¯¯¯¯¯¯¯¯¯¯¯¯¯¯¯¯¯¯¯¯¯¯¯¯¯¯¯¯¯¯¯
 Algorithm options 

 Maximum number of function evaluations:  4
 Sample batch size:                       4
 Number of algorithm iterations:          1 

 Genetic algorithm population size:        200
 Genetic algorithm number of generations:  200 

                                               f1      f2      f3
 Number of spectral sampling points:         4000    4000    4000
 Type of matern function:                       5       5       5
 Direct evaluations per input dimension:      200     200     200
 ¯¯¯¯¯¯¯¯¯¯¯¯¯¯¯¯¯¯¯¯¯¯¯¯¯¯¯¯¯¯¯¯¯¯¯¯¯¯¯¯¯¯¯¯¯¯¯¯¯¯¯¯¯¯¯¯¯¯¯¯¯¯¯¯¯¯¯¯¯¯¯¯¯¯¯¯¯¯¯¯¯¯¯¯¯¯¯¯¯¯¯¯¯¯¯¯¯¯¯¯¯¯
 Initial data set 

 Number of initial data points:  127 

 Initial input data matrix:
      x1      x2      x3      x4      x5      x6
  0.3200  0.1300  0.0500  0.2100  0.0400  0.2500
  0.0000  0.1800  0.2100  0.2800  0.2000  0.1300
  0.0000  0.0200  0.3800  0.0400  0.2900  0.2700
  0.1900  0.3000  0.1000  0.0600  0.0700  0.2800
  0.0800  0.1600  0.1400  0.0400  0.1900  0.3900
  0.3400  0.0600  0.2300  0.1600  0.1900  0.0200
  0.1400  0.1000  0.0700  0.2000  0.2700  0.2200
  0.0700  0.0700  0.3200  0.2100  0.0300  0.3000
  0.0200  0.0100  0.2700  0.1300  0.4900  0.0800
  0.0900  0.3200  0.0300  0.1300  0.3700  0.0600
  0.0800  0.2100  0.0200  0.0000  0.6100  0.0800
  0.0900  0.3200  0.0400  0.2100  0.1700  0.1700
  0.1400  0.3000  0.0700  0.1000  0.2500  0.1400
  0.0400  0.1700  0.0700  0.2200  0.2400  0.2600
  0.1700  0.1500  0.2800  0.2900  0.0000  0.1100
  0.1000  0.1400  0.1400  0.2600  0.2700  0.0900
  1.0000  0.0000  0.0000  0.0000  0.0000  0.0000
  0.0000  1.0000  0.0000  0.0000  0.0000  0.0000
  0.0000  0.0000  0.0000  1.0000  0.0000  0.0000
  0.6000  0.4000  0.0000  0.0000  0.0000  0.0000
  0.5500  0.4500  0.0000  0.0000  0.0000  0.0000
  0.5000  0.5000  0.0000  0.0000  0.0000  0.0000
  0.4500  0.5500  0.0000  0.0000  0.0000  0.0000
  0.4000  0.6000  0.0000  0.0000  0.0000  0.0000
  0.2700  0.4400  0.0900  0.0400  0.0800  0.0800
  0.0400  0.1900  0.3600  0.2000  0.1200  0.0900
  0.0000  0.5900  0.0000  0.0800  0.0800  0.2500
  0.0000  0.3900  0.1300  0.0700  0.0300  0.3800
  0.0100  0.5100  0.0000  0.1000  0.0200  0.3600
  0.0100  0.6200  0.0100  0.0300  0.1000  0.2300
  0.0600  0.3000  0.4100  0.0100  0.0100  0.2100
  0.0800  0.3200  0.5000  0.0700  0.0200  0.0100
  0.1500  0.2800  0.2500  0.0100  0.0600  0.2500
  0.0000  0.0000  0.0000  0.0000  0.0000  1.0000
  0.0000  0.0000  0.0000  0.0000  1.0000  0.0000
  0.0200  0.1100  0.0000  0.5000  0.0300  0.3400
  0.0100  0.1900  0.0000  0.0000  0.0000  0.8000
  0.0100  0.3900  0.0000  0.0200  0.0100  0.5700
  0.1800  0.1200  0.0000  0.3600  0.0000  0.3400
  0.0100  0.0000  0.1300  0.2500  0.0000  0.6100
  0.3200  0.0000  0.1200  0.0100  0.0000  0.5500
  0.0100  0.1500  0.1000  0.2100  0.0000  0.5300
  0.0100  0.0000  0.1500  0.2500  0.0000  0.5900
  0.1500  0.4500  0.0400  0.0300  0.0100  0.3200
  0.0500  0.3200  0.0000  0.5700  0.0600  0.0000
  0.3100  0.5200  0.0000  0.0800  0.0200  0.0700
  0.1500  0.0400  0.1300  0.6700  0.0100  0.0000
  0.0000  0.2100  0.2000  0.5800  0.0100  0.0000
  0.0000  0.0100  0.2800  0.6700  0.0100  0.0300
  0.0100  0.2800  0.1100  0.4600  0.1100  0.0300
  0.4900  0.0600  0.0000  0.1400  0.0200  0.2900
  0.1400  0.0000  0.0700  0.0100  0.0100  0.7700
  0.0300  0.5800  0.1800  0.0400  0.1000  0.0700
  0.0000  0.3100  0.0100  0.0200  0.1500  0.5100
  0.2500  0.0100  0.0100  0.0400  0.1300  0.5600
  0.2900  0.4500  0.0600  0.0800  0.1200  0.0000
  0.0200  0.0100  0.1600  0.0100  0.5000  0.3000
  0.0200  0.2400  0.0000  0.0300  0.2600  0.4500
  0.0000  0.0100  0.0000  0.0100  0.2700  0.7100
  0.0900  0.0200  0.0000  0.0600  0.4000  0.4300
  0.0000  0.1600  0.0000  0.0000  0.2500  0.5900
  0.3200  0.0900  0.0200  0.0100  0.0100  0.5500
  0.0000  0.0800  0.1300  0.0000  0.1100  0.6800
  0.3900  0.0100  0.0300  0.0000  0.0000  0.5700
  0.2600  0.1800  0.0200  0.0100  0.0100  0.5200
  0.2000  0.1600  0.0000  0.0000  0.0000  0.6400
  0.5100  0.3100  0.0700  0.0100  0.0100  0.0900
  0.1400  0.1700  0.0200  0.0000  0.0000  0.6700
  0.0000  0.0300  0.0200  0.2100  0.3200  0.4200
  0.5700  0.0000  0.1100  0.0100  0.1000  0.2100
  0.5100  0.2500  0.1000  0.0200  0.1200  0.0000
  0.5100  0.0100  0.0700  0.0200  0.1100  0.2800
  0.0000  0.0000  0.0000  0.0200  0.0000  0.9800
  0.6000  0.0000  0.0300  0.0000  0.0200  0.3500
  0.3400  0.0000  0.1100  0.0100  0.0600  0.4800
  0.4400  0.1100  0.1100  0.0000  0.0600  0.2800
  0.6600  0.0000  0.0800  0.0000  0.0000  0.2600
  0.3700  0.4700  0.1000  0.0000  0.0600  0.0000
  0.4400  0.3000  0.0900  0.0400  0.1300  0.0000
  0.2700  0.6100  0.1200  0.0000  0.0000  0.0000
  0.0100  0.0000  0.0000  0.0200  0.0800  0.8900
  0.2100  0.1100  0.0600  0.0000  0.1400  0.4800
  0.5200  0.0100  0.0100  0.0000  0.0000  0.4600
  0.0000  0.3800  0.0100  0.0000  0.0000  0.6100
  0.0000  0.3100  0.0100  0.0000  0.0000  0.6800
  0.3200  0.3400  0.0200  0.0000  0.0100  0.3100
  0.0100  0.4100  0.0000  0.0000  0.0100  0.5700
  0.0000  0.4100  0.0000  0.1300  0.0000  0.4600
  0.0000  0.1800  0.0000  0.2600  0.0100  0.5500
  0.0400  0.4500  0.0000  0.0700  0.0100  0.4300
  0.0000  0.2500  0.0000  0.2500  0.0000  0.5000
  0.3600  0.2000  0.0200  0.0800  0.0000  0.3400
  0.2100  0.0000  0.0000  0.3300  0.0100  0.4500
  0.2500  0.0000  0.0000  0.3100  0.0100  0.4300
  0.1900  0.0000  0.0000  0.3200  0.0100  0.4800
  0.0000  0.6300  0.1000  0.0000  0.0000  0.2700
  0.0000  0.6600  0.0900  0.0000  0.0000  0.2500
  0.0000  0.3300  0.1100  0.0100  0.0000  0.5500
  0.0000  0.6800  0.0900  0.0000  0.0100  0.2200
  0.3500  0.0000  0.0000  0.0100  0.0000  0.6400
  0.0100  0.0000  0.0000  0.3600  0.0000  0.6300
  0.4800  0.0000  0.0100  0.0000  0.1200  0.3900
  0.3900  0.0000  0.0000  0.0200  0.0100  0.5800
  0.4000  0.1700  0.0000  0.0000  0.1200  0.3100
  0.4400  0.2700  0.0000  0.0000  0.1700  0.1200
  0.3400  0.1400  0.0000  0.0000  0.1300  0.3900
  0.3300  0.1200  0.0000  0.0000  0.1300  0.4200
  0.3900  0.0000  0.0000  0.0000  0.2200  0.3900
  0.3900  0.3100  0.0000  0.0000  0.2200  0.0800
  0.4100  0.0000  0.0000  0.0000  0.2500  0.3400
  0.3500  0.0000  0.0000  0.0000  0.2000  0.4500
  0.3300  0.0000  0.0000  0.0000  0.2100  0.4600
  0.3100  0.0000  0.0000  0.0000  0.2000  0.4900
  0.3500  0.0000  0.0000  0.0000  0.2100  0.4400
  0.2000  0.0000  0.0000  0.0000  0.0100  0.7900
  0.5000  0.0000  0.0000  0.0000  0.3000  0.2000
  0.5300  0.0600  0.0000  0.0000  0.3200  0.0900
  0.5300  0.0000  0.0000  0.0000  0.3300  0.1400
  0.4200  0.0000  0.0000  0.0000  0.2700  0.3100
  0.4200  0.0100  0.0000  0.0000  0.1400  0.4300
  0.3900  0.0000  0.0000  0.0000  0.1300  0.4800
  0.4400  0.0000  0.0000  0.0500  0.1300  0.3800
  0.2800  0.0000  0.0000  0.1100  0.0800  0.5300
  0.4200  0.1200  0.0000  0.0000  0.0600  0.4000
  0.4200  0.1100  0.0000  0.0100  0.0700  0.3900
  0.4200  0.1100  0.0000  0.0000  0.0400  0.4300
  0.4500  0.0800  0.0000  0.0000  0.0500  0.4200

 Initial output data matrix:
      f1      f2      f3
-477.3645 -1.2974-78049.1925
-454.7535 -1.3662-68112.8155
-279.9044 -2.1133-51731.0693
-469.5247 -1.7578-77876.9026
-440.0426 -1.9634-76654.9118
-365.6047 -1.2303-62118.0243
-410.9856 -1.1190-66049.6554
-136.1656 -0.8962-22268.5639
-369.0088 -1.3142-61644.3643
-533.9811 -0.8968-68784.7611
-442.6768 -0.7257-59416.2131
-507.4257 -0.9822-66650.9629
-443.6008 -1.1184-65323.0907
-489.5899 -1.3294-72483.9913
-359.3333 -1.7335-60280.1487
-485.2462 -0.8865-66192.4108
-228.9585 -0.7284-49588.2084
-435.6576 -1.1748-60782.1527
-368.0328 -0.0378-29839.9581
-558.3333 -1.0147-72324.3305
-545.1107 -1.0090-76481.1353
-595.9865 -1.0313-80252.0073
-577.5167 -1.0272-78299.5278
-603.0115 -1.0486-79494.8772
-536.4679 -1.3385-83057.1828
-380.6202 -1.5761-63939.3838
-487.9964 -1.6929-74452.7693
-492.2164 -2.0354-77476.1977
-483.0457 -1.7036-74331.8675
-461.0062 -1.5331-68683.9650
-428.6732 -1.9582-73565.0149
-420.3458 -1.7501-70958.0370
-185.7397 -1.9998-39188.2443
-307.5914 -2.9333-68673.8814
-248.0791 -0.3369-41639.4837
-330.4220 -1.6093-58954.7196
-261.1897 -2.5356-54113.5267
-374.3907 -2.1313-72005.0906
-442.1932 -1.6426-73645.0393
-325.5454 -2.2577-65492.6760
-407.4563 -1.7142-79298.8675
-280.7768 -2.0890-55835.4428
-345.4445 -2.2639-66935.4850
-337.8766 -1.7123-65225.4544
-380.5099 -0.6146-47362.4095
-423.7886 -1.3121-68132.9194
-412.9137 -0.7221-59055.9302
-389.7163 -1.2975-60315.7332
-243.9299 -1.5816-43427.1956
-418.8166 -1.1219-61444.5239
-463.1094 -1.4660-81856.9346
-260.4919 -1.9421-59060.6871
-461.1271 -1.5697-75813.0466
-434.9195 -1.9723-80545.7853
-411.2741 -1.7072-85333.3874
-593.8157 -1.0758-82484.6477
-331.6431 -1.2261-62332.4475
-461.8788 -1.5726-80820.6379
-386.3988 -1.9098-76223.9832
-458.6168 -1.3865-78606.8274
-386.1546 -1.7969-73308.3934
-420.6757 -1.8963-83069.8760
-256.3444 -2.2542-53258.3199
-343.7864 -1.8975-72697.8828
-317.0968 -1.9236-66141.3310
-405.5608 -1.9380-81223.2023
-579.2708 -1.0437-87100.5169
-297.2664 -2.2664-61771.9743
-230.0024 -1.7750-53153.7094
-296.3126 -0.8946-60049.3899
-625.1337 -1.1253-94708.7918
-559.4404 -1.5604-98460.5528
-350.2734 -2.6724-74202.1381
-483.8073 -1.5770-91455.1658
-333.6048 -1.8340-67470.0844
-401.3639 -1.5176-75081.6898
-339.8147 -1.1731-68370.6235
-619.8270 -1.3159-92324.8900
-456.6095 -1.0320-73399.8497
-527.1160 -1.2052-80673.3135
-182.0132 -2.1459-33836.3245
-299.4935 -1.9115-62779.5207
-342.4831 -1.8084-73190.6083
-292.5484 -2.1003-64376.6034
-284.1961 -2.0337-60695.8700
-418.6794 -1.5121-75788.0791
-272.5130 -1.9527-60034.6655
-324.9663 -1.9969-65021.8788
-361.4059 -2.0913-69395.5054
-310.1195 -1.9192-61302.0228
-321.0298 -2.0199-62665.9535
-408.2643 -1.5818-76317.7672
-398.2560 -1.9114-74552.8783
-437.9660 -1.8110-79745.2693
-402.9772 -1.8842-75747.1961
-367.7646 -1.7661-65605.9795
-392.9406 -1.8913-69484.2021
-317.1051 -2.1952-63761.7220
-355.6015 -1.8014-64450.3268
-438.2688 -2.1205-87348.6010
-334.7339 -2.0407-65124.3183
-514.0293 -1.5443-93643.6527
-526.1093 -1.9176-98663.7705
-555.0826 -1.4101-91162.3449
-653.9760 -1.1215-96005.8355
-613.3157 -1.3545-102903.8092
-574.5688 -1.4762-99854.6710
-596.1996 -1.5851-97568.0584
-673.8733 -1.3085-96609.9429
-570.9253 -1.5720-97057.6408
-453.6160 -1.8559-85374.7271
-512.3685 -1.7799-93175.9066
-384.8236 -1.8510-77997.5467
-536.0149 -1.7113-96497.9814
-289.9712 -1.9717-66399.4183
-596.7186 -0.9982-92484.7776
-390.5278 -0.8869-64360.6166
-429.9865 -0.7968-68899.7837
-397.0291 -1.0850-76450.3138
-413.4216 -1.7276-80202.5821
-512.4700 -1.6664-92116.8858
-627.3105 -1.5880-103558.9154
-459.2870 -1.8760-85164.1567
-489.1206 -1.8652-89171.2803
-523.3253 -1.8184-92589.2154
-483.7090 -2.0071-89596.8710
-506.5947 -1.8726-91082.8276

 ¯¯¯¯¯¯¯¯¯¯¯¯¯¯¯¯¯¯¯¯¯¯¯¯¯¯¯¯¯¯¯¯¯¯¯¯¯¯¯¯¯¯¯¯¯¯¯¯¯¯¯¯¯¯¯¯¯¯¯¯¯¯¯¯¯¯¯¯¯¯¯¯¯¯¯¯¯¯¯¯¯¯¯¯¯¯¯¯¯¯¯¯¯¯¯¯¯¯¯¯¯¯
 Algorithm iteration 1 

 Predicted hypervolume improvement:    0.0000
 Time taken:   42.7758 

 Proposed evaluation point(s): 
      x1      x2      x3      x4      x5      x6
  0.0300  0.0000  0.0000  0.5600  0.4100  0.0000
  0.0300  0.0000  0.0000  0.5600  0.4100  0.0000
  0.0300  0.0000  0.0000  0.5600  0.4100  0.0000
  0.0300  0.0000  0.0000  0.5600  0.4100  0.0000

 Corresponding observation(s): 
      f1      f2      f3
-470.2841 -0.0409-73661.8407
-470.2841 -0.0409-73661.8407
-470.2841 -0.0409-73661.8407
-470.2841 -0.0409-73661.8407

 ¯¯¯¯¯¯¯¯¯¯¯¯¯¯¯¯¯¯¯¯¯¯¯¯¯¯¯¯¯¯¯¯¯¯¯¯¯¯¯¯¯¯¯¯¯¯¯¯¯¯¯¯¯¯¯¯¯¯¯¯¯¯¯¯¯¯¯¯¯¯¯¯¯¯¯¯¯¯¯¯¯¯¯¯¯¯¯¯¯¯¯¯¯¯¯¯¯¯¯¯¯¯
 Final algorithm output 

 Final input data matrix:
        x1        x2        x3        x4        x5        x6
    0.3200    0.1300    0.0500    0.2100    0.0400    0.2500
    0.0000    0.1800    0.2100    0.2800    0.2000    0.1300
    0.0000    0.0200    0.3800    0.0400    0.2900    0.2700
    0.1900    0.3000    0.1000    0.0600    0.0700    0.2800
    0.0800    0.1600    0.1400    0.0400    0.1900    0.3900
    0.3400    0.0600    0.2300    0.1600    0.1900    0.0200
    0.1400    0.1000    0.0700    0.2000    0.2700    0.2200
    0.0700    0.0700    0.3200    0.2100    0.0300    0.3000
    0.0200    0.0100    0.2700    0.1300    0.4900    0.0800
    0.0900    0.3200    0.0300    0.1300    0.3700    0.0600
    0.0800    0.2100    0.0200    0.0000    0.6100    0.0800
    0.0900    0.3200    0.0400    0.2100    0.1700    0.1700
    0.1400    0.3000    0.0700    0.1000    0.2500    0.1400
    0.0400    0.1700    0.0700    0.2200    0.2400    0.2600
    0.1700    0.1500    0.2800    0.2900    0.0000    0.1100
    0.1000    0.1400    0.1400    0.2600    0.2700    0.0900
    1.0000    0.0000    0.0000    0.0000    0.0000    0.0000
    0.0000    1.0000    0.0000    0.0000    0.0000    0.0000
    0.0000    0.0000    0.0000    1.0000    0.0000    0.0000
    0.6000    0.4000    0.0000    0.0000    0.0000    0.0000
    0.5500    0.4500    0.0000    0.0000    0.0000    0.0000
    0.5000    0.5000    0.0000    0.0000    0.0000    0.0000
    0.4500    0.5500    0.0000    0.0000    0.0000    0.0000
    0.4000    0.6000    0.0000    0.0000    0.0000    0.0000
    0.2700    0.4400    0.0900    0.0400    0.0800    0.0800
    0.0400    0.1900    0.3600    0.2000    0.1200    0.0900
    0.0000    0.5900    0.0000    0.0800    0.0800    0.2500
    0.0000    0.3900    0.1300    0.0700    0.0300    0.3800
    0.0100    0.5100    0.0000    0.1000    0.0200    0.3600
    0.0100    0.6200    0.0100    0.0300    0.1000    0.2300
    0.0600    0.3000    0.4100    0.0100    0.0100    0.2100
    0.0800    0.3200    0.5000    0.0700    0.0200    0.0100
    0.1500    0.2800    0.2500    0.0100    0.0600    0.2500
    0.0000    0.0000    0.0000    0.0000    0.0000    1.0000
    0.0000    0.0000    0.0000    0.0000    1.0000    0.0000
    0.0200    0.1100    0.0000    0.5000    0.0300    0.3400
    0.0100    0.1900    0.0000    0.0000    0.0000    0.8000
    0.0100    0.3900    0.0000    0.0200    0.0100    0.5700
    0.1800    0.1200    0.0000    0.3600    0.0000    0.3400
    0.0100    0.0000    0.1300    0.2500    0.0000    0.6100
    0.3200    0.0000    0.1200    0.0100    0.0000    0.5500
    0.0100    0.1500    0.1000    0.2100    0.0000    0.5300
    0.0100    0.0000    0.1500    0.2500    0.0000    0.5900
    0.1500    0.4500    0.0400    0.0300    0.0100    0.3200
    0.0500    0.3200    0.0000    0.5700    0.0600    0.0000
    0.3100    0.5200    0.0000    0.0800    0.0200    0.0700
    0.1500    0.0400    0.1300    0.6700    0.0100    0.0000
    0.0000    0.2100    0.2000    0.5800    0.0100    0.0000
    0.0000    0.0100    0.2800    0.6700    0.0100    0.0300
    0.0100    0.2800    0.1100    0.4600    0.1100    0.0300
    0.4900    0.0600    0.0000    0.1400    0.0200    0.2900
    0.1400    0.0000    0.0700    0.0100    0.0100    0.7700
    0.0300    0.5800    0.1800    0.0400    0.1000    0.0700
    0.0000    0.3100    0.0100    0.0200    0.1500    0.5100
    0.2500    0.0100    0.0100    0.0400    0.1300    0.5600
    0.2900    0.4500    0.0600    0.0800    0.1200    0.0000
    0.0200    0.0100    0.1600    0.0100    0.5000    0.3000
    0.0200    0.2400    0.0000    0.0300    0.2600    0.4500
    0.0000    0.0100    0.0000    0.0100    0.2700    0.7100
    0.0900    0.0200    0.0000    0.0600    0.4000    0.4300
    0.0000    0.1600    0.0000    0.0000    0.2500    0.5900
    0.3200    0.0900    0.0200    0.0100    0.0100    0.5500
    0.0000    0.0800    0.1300    0.0000    0.1100    0.6800
    0.3900    0.0100    0.0300    0.0000    0.0000    0.5700
    0.2600    0.1800    0.0200    0.0100    0.0100    0.5200
    0.2000    0.1600    0.0000    0.0000    0.0000    0.6400
    0.5100    0.3100    0.0700    0.0100    0.0100    0.0900
    0.1400    0.1700    0.0200    0.0000    0.0000    0.6700
    0.0000    0.0300    0.0200    0.2100    0.3200    0.4200
    0.5700    0.0000    0.1100    0.0100    0.1000    0.2100
    0.5100    0.2500    0.1000    0.0200    0.1200    0.0000
    0.5100    0.0100    0.0700    0.0200    0.1100    0.2800
    0.0000    0.0000    0.0000    0.0200    0.0000    0.9800
    0.6000    0.0000    0.0300    0.0000    0.0200    0.3500
    0.3400    0.0000    0.1100    0.0100    0.0600    0.4800
    0.4400    0.1100    0.1100    0.0000    0.0600    0.2800
    0.6600    0.0000    0.0800    0.0000    0.0000    0.2600
    0.3700    0.4700    0.1000    0.0000    0.0600    0.0000
    0.4400    0.3000    0.0900    0.0400    0.1300    0.0000
    0.2700    0.6100    0.1200    0.0000    0.0000    0.0000
    0.0100    0.0000    0.0000    0.0200    0.0800    0.8900
    0.2100    0.1100    0.0600    0.0000    0.1400    0.4800
    0.5200    0.0100    0.0100    0.0000    0.0000    0.4600
    0.0000    0.3800    0.0100    0.0000    0.0000    0.6100
    0.0000    0.3100    0.0100    0.0000    0.0000    0.6800
    0.3200    0.3400    0.0200    0.0000    0.0100    0.3100
    0.0100    0.4100    0.0000    0.0000    0.0100    0.5700
    0.0000    0.4100    0.0000    0.1300    0.0000    0.4600
    0.0000    0.1800    0.0000    0.2600    0.0100    0.5500
    0.0400    0.4500    0.0000    0.0700    0.0100    0.4300
    0.0000    0.2500    0.0000    0.2500    0.0000    0.5000
    0.3600    0.2000    0.0200    0.0800    0.0000    0.3400
    0.2100    0.0000    0.0000    0.3300    0.0100    0.4500
    0.2500    0.0000    0.0000    0.3100    0.0100    0.4300
    0.1900    0.0000    0.0000    0.3200    0.0100    0.4800
    0.0000    0.6300    0.1000    0.0000    0.0000    0.2700
    0.0000    0.6600    0.0900    0.0000    0.0000    0.2500
    0.0000    0.3300    0.1100    0.0100    0.0000    0.5500
    0.0000    0.6800    0.0900    0.0000    0.0100    0.2200
    0.3500    0.0000    0.0000    0.0100    0.0000    0.6400
    0.0100    0.0000    0.0000    0.3600    0.0000    0.6300
    0.4800    0.0000    0.0100    0.0000    0.1200    0.3900
    0.3900    0.0000    0.0000    0.0200    0.0100    0.5800
    0.4000    0.1700    0.0000    0.0000    0.1200    0.3100
    0.4400    0.2700    0.0000    0.0000    0.1700    0.1200
    0.3400    0.1400    0.0000    0.0000    0.1300    0.3900
    0.3300    0.1200    0.0000    0.0000    0.1300    0.4200
    0.3900    0.0000    0.0000    0.0000    0.2200    0.3900
    0.3900    0.3100    0.0000    0.0000    0.2200    0.0800
    0.4100    0.0000    0.0000    0.0000    0.2500    0.3400
    0.3500    0.0000    0.0000    0.0000    0.2000    0.4500
    0.3300    0.0000    0.0000    0.0000    0.2100    0.4600
    0.3100    0.0000    0.0000    0.0000    0.2000    0.4900
    0.3500    0.0000    0.0000    0.0000    0.2100    0.4400
    0.2000    0.0000    0.0000    0.0000    0.0100    0.7900
    0.5000    0.0000    0.0000    0.0000    0.3000    0.2000
    0.5300    0.0600    0.0000    0.0000    0.3200    0.0900
    0.5300    0.0000    0.0000    0.0000    0.3300    0.1400
    0.4200    0.0000    0.0000    0.0000    0.2700    0.3100
    0.4200    0.0100    0.0000    0.0000    0.1400    0.4300
    0.3900    0.0000    0.0000    0.0000    0.1300    0.4800
    0.4400    0.0000    0.0000    0.0500    0.1300    0.3800
    0.2800    0.0000    0.0000    0.1100    0.0800    0.5300
    0.4200    0.1200    0.0000    0.0000    0.0600    0.4000
    0.4200    0.1100    0.0000    0.0100    0.0700    0.3900
    0.4200    0.1100    0.0000    0.0000    0.0400    0.4300
    0.4500    0.0800    0.0000    0.0000    0.0500    0.4200
    0.0300    0.0000    0.0000    0.5600    0.4100    0.0000
    0.0300    0.0000    0.0000    0.5600    0.4100    0.0000
    0.0300    0.0000    0.0000    0.5600    0.4100    0.0000
    0.0300    0.0000    0.0000    0.5600    0.4100    0.0000

 Final output data matrix:
        f1        f2        f3
 -477.3645   -1.2974-78049.1925
 -454.7535   -1.3662-68112.8155
 -279.9044   -2.1133-51731.0693
 -469.5247   -1.7578-77876.9026
 -440.0426   -1.9634-76654.9118
 -365.6047   -1.2303-62118.0243
 -410.9856   -1.1190-66049.6554
 -136.1656   -0.8962-22268.5639
 -369.0088   -1.3142-61644.3643
 -533.9811   -0.8968-68784.7611
 -442.6768   -0.7257-59416.2131
 -507.4257   -0.9822-66650.9629
 -443.6008   -1.1184-65323.0907
 -489.5899   -1.3294-72483.9913
 -359.3333   -1.7335-60280.1487
 -485.2462   -0.8865-66192.4108
 -228.9585   -0.7284-49588.2084
 -435.6576   -1.1748-60782.1527
 -368.0328   -0.0378-29839.9581
 -558.3333   -1.0147-72324.3305
 -545.1107   -1.0090-76481.1353
 -595.9865   -1.0313-80252.0073
 -577.5167   -1.0272-78299.5278
 -603.0115   -1.0486-79494.8772
 -536.4679   -1.3385-83057.1828
 -380.6202   -1.5761-63939.3838
 -487.9964   -1.6929-74452.7693
 -492.2164   -2.0354-77476.1977
 -483.0457   -1.7036-74331.8675
 -461.0062   -1.5331-68683.9650
 -428.6732   -1.9582-73565.0149
 -420.3458   -1.7501-70958.0370
 -185.7397   -1.9998-39188.2443
 -307.5914   -2.9333-68673.8814
 -248.0791   -0.3369-41639.4837
 -330.4220   -1.6093-58954.7196
 -261.1897   -2.5356-54113.5267
 -374.3907   -2.1313-72005.0906
 -442.1932   -1.6426-73645.0393
 -325.5454   -2.2577-65492.6760
 -407.4563   -1.7142-79298.8675
 -280.7768   -2.0890-55835.4428
 -345.4445   -2.2639-66935.4850
 -337.8766   -1.7123-65225.4544
 -380.5099   -0.6146-47362.4095
 -423.7886   -1.3121-68132.9194
 -412.9137   -0.7221-59055.9302
 -389.7163   -1.2975-60315.7332
 -243.9299   -1.5816-43427.1956
 -418.8166   -1.1219-61444.5239
 -463.1094   -1.4660-81856.9346
 -260.4919   -1.9421-59060.6871
 -461.1271   -1.5697-75813.0466
 -434.9195   -1.9723-80545.7853
 -411.2741   -1.7072-85333.3874
 -593.8157   -1.0758-82484.6477
 -331.6431   -1.2261-62332.4475
 -461.8788   -1.5726-80820.6379
 -386.3988   -1.9098-76223.9832
 -458.6168   -1.3865-78606.8274
 -386.1546   -1.7969-73308.3934
 -420.6757   -1.8963-83069.8760
 -256.3444   -2.2542-53258.3199
 -343.7864   -1.8975-72697.8828
 -317.0968   -1.9236-66141.3310
 -405.5608   -1.9380-81223.2023
 -579.2708   -1.0437-87100.5169
 -297.2664   -2.2664-61771.9743
 -230.0024   -1.7750-53153.7094
 -296.3126   -0.8946-60049.3899
 -625.1337   -1.1253-94708.7918
 -559.4404   -1.5604-98460.5528
 -350.2734   -2.6724-74202.1381
 -483.8073   -1.5770-91455.1658
 -333.6048   -1.8340-67470.0844
 -401.3639   -1.5176-75081.6898
 -339.8147   -1.1731-68370.6235
 -619.8270   -1.3159-92324.8900
 -456.6095   -1.0320-73399.8497
 -527.1160   -1.2052-80673.3135
 -182.0132   -2.1459-33836.3245
 -299.4935   -1.9115-62779.5207
 -342.4831   -1.8084-73190.6083
 -292.5484   -2.1003-64376.6034
 -284.1961   -2.0337-60695.8700
 -418.6794   -1.5121-75788.0791
 -272.5130   -1.9527-60034.6655
 -324.9663   -1.9969-65021.8788
 -361.4059   -2.0913-69395.5054
 -310.1195   -1.9192-61302.0228
 -321.0298   -2.0199-62665.9535
 -408.2643   -1.5818-76317.7672
 -398.2560   -1.9114-74552.8783
 -437.9660   -1.8110-79745.2693
 -402.9772   -1.8842-75747.1961
 -367.7646   -1.7661-65605.9795
 -392.9406   -1.8913-69484.2021
 -317.1051   -2.1952-63761.7220
 -355.6015   -1.8014-64450.3268
 -438.2688   -2.1205-87348.6010
 -334.7339   -2.0407-65124.3183
 -514.0293   -1.5443-93643.6527
 -526.1093   -1.9176-98663.7705
 -555.0826   -1.4101-91162.3449
 -653.9760   -1.1215-96005.8355
 -613.3157   -1.3545-102903.8092
 -574.5688   -1.4762-99854.6710
 -596.1996   -1.5851-97568.0584
 -673.8733   -1.3085-96609.9429
 -570.9253   -1.5720-97057.6408
 -453.6160   -1.8559-85374.7271
 -512.3685   -1.7799-93175.9066
 -384.8236   -1.8510-77997.5467
 -536.0149   -1.7113-96497.9814
 -289.9712   -1.9717-66399.4183
 -596.7186   -0.9982-92484.7776
 -390.5278   -0.8869-64360.6166
 -429.9865   -0.7968-68899.7837
 -397.0291   -1.0850-76450.3138
 -413.4216   -1.7276-80202.5821
 -512.4700   -1.6664-92116.8858
 -627.3105   -1.5880-103558.9154
 -459.2870   -1.8760-85164.1567
 -489.1206   -1.8652-89171.2803
 -523.3253   -1.8184-92589.2154
 -483.7090   -2.0071-89596.8710
 -506.5947   -1.8726-91082.8276
 -470.2841   -0.0409-73661.8407
 -470.2841   -0.0409-73661.8407
 -470.2841   -0.0409-73661.8407
 -470.2841   -0.0409-73661.8407

 Input data matrix of corresponding Pareto front:
        x1        x2        x3        x4        x5        x6
    0.0000    0.3900    0.1300    0.0700    0.0300    0.3800
    0.0000    0.0000    0.0000    0.0000    0.0000    1.0000
    0.0100    0.3900    0.0000    0.0200    0.0100    0.5700
    0.0000    0.0000    0.0000    0.0200    0.0000    0.9800
    0.3500    0.0000    0.0000    0.0100    0.0000    0.6400
    0.3900    0.0000    0.0000    0.0200    0.0100    0.5800
    0.3900    0.3100    0.0000    0.0000    0.2200    0.0800
    0.3500    0.0000    0.0000    0.0000    0.2100    0.4400
    0.4400    0.0000    0.0000    0.0500    0.1300    0.3800
    0.4200    0.1100    0.0000    0.0000    0.0400    0.4300

 Output data matrix of corresponding Pareto front:
        f1        f2        f3
 -492.2164   -2.0354-77476.1977
 -307.5914   -2.9333-68673.8814
 -374.3907   -2.1313-72005.0906
 -350.2734   -2.6724-74202.1381
 -438.2688   -2.1205-87348.6010
 -526.1093   -1.9176-98663.7705
 -673.8733   -1.3085-96609.9429
 -536.0149   -1.7113-96497.9814
 -627.3105   -1.5880-103558.9154
 -483.7090   -2.0071-89596.8710

 Input data matrix of Pareto front of final Gaussian process model:
        x1        x2        x3        x4        x5        x6
    0.0000    0.0000    0.0000    0.0000    0.0000    1.0000
    0.0851    0.0000    0.0000    0.0002    0.0031    0.9116
    0.3979    0.4234    0.0000    0.0000    0.1750    0.0036
    0.4138    0.1259    0.0000    0.0000    0.1515    0.3088
    0.3979    0.4234    0.0000    0.0000    0.1750    0.0036
    0.0000    0.0000    0.0000    0.0000    0.0000    1.0000
    0.2713    0.0177    0.0000    0.0001    0.0002    0.7107
    0.3485    0.1519    0.0000    0.0003    0.1272    0.3721
    0.3722    0.0819    0.0000    0.0000    0.1362    0.4096
    0.3054    0.0641    0.0000    0.0002    0.0000    0.6303
    0.2768    0.0172    0.0000    0.0004    0.0000    0.7056
    0.2663    0.0157    0.0000    0.0000    0.0001    0.7179
    0.2603    0.0003    0.0000    0.0001    0.0001    0.7392
    0.4175    0.1046    0.0000    0.0000    0.1166    0.3614
    0.0251    0.0000    0.0000    0.0000    0.0000    0.9748
    0.1087    0.0000    0.0000    0.0001    0.0000    0.8912
    0.3863    0.4081    0.0000    0.0000    0.1763    0.0294
    0.3778    0.0353    0.0000    0.0000    0.0921    0.4949
    0.1174    0.0002    0.0000    0.0001    0.0016    0.8808
    0.4093    0.2477    0.0000    0.0003    0.1060    0.2368
    0.3528    0.1043    0.0000    0.0002    0.0593    0.4834
    0.0144    0.0003    0.0000    0.0002    0.0000    0.9851
    0.0792    0.0000    0.0000    0.0002    0.0006    0.9200
    0.1458    0.0003    0.0000    0.0000    0.0000    0.8539
    0.4107    0.4031    0.0000    0.0003    0.1470    0.0389
    0.4184    0.1273    0.0000    0.0000    0.1420    0.3122
    0.1589    0.0000    0.0000    0.0000    0.0000    0.8411
    0.2081    0.0000    0.0000    0.0001    0.0000    0.7917
    0.3931    0.3868    0.0000    0.0000    0.1571    0.0630
    0.2698    0.0488    0.0000    0.0005    0.0000    0.6810
    0.2661    0.0803    0.0000    0.0001    0.0000    0.6535
    0.3946    0.0653    0.0000    0.0002    0.1414    0.3985
    0.4137    0.0219    0.0000    0.0002    0.0533    0.5109
    0.4167    0.0330    0.0000    0.0000    0.0864    0.4639
    0.3607    0.3425    0.0000    0.0000    0.1625    0.1343
    0.3828    0.1168    0.0000    0.0000    0.1629    0.3374
    0.2569    0.0002    0.0000    0.0001    0.0002    0.7425
    0.3494    0.3677    0.0000    0.0000    0.1365    0.1465
    0.1538    0.0000    0.0000    0.0003    0.0000    0.8460
    0.4045    0.1240    0.0000    0.0002    0.1450    0.3262
    0.2031    0.0001    0.0000    0.0003    0.0000    0.7965
    0.2910    0.0405    0.0000    0.0001    0.0003    0.6682
    0.4048    0.0353    0.0000    0.0001    0.0786    0.4812
    0.4109    0.3554    0.0000    0.0000    0.1537    0.0800
    0.3671    0.2814    0.0000    0.0002    0.1384    0.2130
    0.3812    0.0470    0.0000    0.0000    0.0369    0.5349
    0.0054    0.0004    0.0000    0.0003    0.0000    0.9940
    0.2892    0.0573    0.0000    0.0001    0.0003    0.6531
    0.1623    0.0000    0.0000    0.0009    0.0000    0.8368
    0.3689    0.2551    0.0000    0.0000    0.1236    0.2524
    0.3208    0.2297    0.0000    0.0001    0.1628    0.2866
    0.2776    0.0605    0.0000    0.0003    0.0000    0.6617
    0.3874    0.1183    0.0000    0.0000    0.1385    0.3558
    0.3342    0.3029    0.0000    0.0000    0.1477    0.2152
    0.1405    0.0009    0.0000    0.0000    0.0000    0.8586
    0.2398    0.0063    0.0000    0.0002    0.0003    0.7534
    0.3860    0.0968    0.0000    0.0000    0.0924    0.4248
    0.2665    0.0685    0.0000    0.0001    0.0002    0.6647
    0.3963    0.1049    0.0000    0.0001    0.1106    0.3882
    0.3259    0.0485    0.0000    0.0000    0.0001    0.6254
    0.3259    0.1564    0.0000    0.0000    0.0877    0.4301
    0.3356    0.1005    0.0000    0.0196    0.0000    0.5443
    0.4190    0.3872    0.0000    0.0029    0.1667    0.0242
    0.1835    0.0002    0.0000    0.0001    0.0000    0.8162
    0.3794    0.1286    0.0000    0.0001    0.0897    0.4023
    0.2159    0.0010    0.0000    0.0002    0.0000    0.7829
    0.3081    0.1056    0.0000    0.0032    0.0000    0.5831
    0.3258    0.1465    0.0000    0.0000    0.1249    0.4028
    0.3829    0.2747    0.0000    0.0000    0.1731    0.1692
    0.4082    0.1242    0.0000    0.0000    0.1630    0.3046
    0.3878    0.3663    0.0000    0.0000    0.1497    0.0962
    0.1684    0.0001    0.0000    0.0004    0.0000    0.8311
    0.2349    0.0749    0.0000    0.0005    0.0000    0.6897
    0.3643    0.3034    0.0000    0.0000    0.1531    0.1792
    0.3607    0.3318    0.0000    0.0000    0.1331    0.1744
    0.4140    0.2191    0.0000    0.0000    0.1242    0.2426
    0.3709    0.3772    0.0000    0.0028    0.1624    0.0866
    0.4113    0.0016    0.0000    0.0107    0.0186    0.5577
    0.3814    0.1010    0.0000    0.0000    0.1004    0.4171
    0.1939    0.0002    0.0000    0.0001    0.0002    0.8056
    0.1792    0.0003    0.0000    0.0012    0.0000    0.8193
    0.3103    0.0704    0.0000    0.0012    0.0000    0.6181
    0.3627    0.0200    0.0000    0.0004    0.0202    0.5967
    0.4088    0.0934    0.0000    0.0000    0.0519    0.4459
    0.2889    0.0357    0.0000    0.0000    0.0001    0.6752
    0.3703    0.2133    0.0000    0.0000    0.1666    0.2498
    0.0720    0.0000    0.0000    0.0003    0.0002    0.9275
    0.2655    0.0093    0.0000    0.0005    0.0000    0.7247
    0.2213    0.0003    0.0000    0.0001    0.0000    0.7784
    0.4158    0.2708    0.0000    0.0000    0.1639    0.1495
    0.2450    0.0000    0.0000    0.0000    0.0000    0.7549
    0.3753    0.0308    0.0000    0.0002    0.0634    0.5303
    0.2263    0.0003    0.0000    0.0001    0.0002    0.7731
    0.2371    0.0007    0.0000    0.0000    0.0000    0.7622
    0.0646    0.0006    0.0000    0.0019    0.0000    0.9329
    0.1863    0.0002    0.0000    0.0002    0.0000    0.8134
    0.3983    0.4238    0.0000    0.0000    0.1664    0.0114
    0.3880    0.0478    0.0000    0.0000    0.0196    0.5445
    0.3497    0.1628    0.0000    0.0004    0.1479    0.3392
    0.2338    0.0003    0.0000    0.0001    0.0000    0.7658
    0.0389    0.0000    0.0000    0.0013    0.0002    0.9596
    0.4074    0.1310    0.0000    0.0000    0.1090    0.3526
    0.3120    0.0599    0.0000    0.0001    0.0001    0.6279
    0.3430    0.2227    0.0000    0.0000    0.1072    0.3271
    0.3624    0.3384    0.0000    0.0000    0.1323    0.1669
    0.4378    0.0090    0.0000    0.0000    0.1259    0.4274
    0.1772    0.0000    0.0000    0.0005    0.0000    0.8224
    0.3851    0.0343    0.0000    0.0062    0.0297    0.5447
    0.3414    0.1071    0.0000    0.0000    0.1053    0.4462
    0.3906    0.3761    0.0000    0.0000    0.1760    0.0574
    0.2209    0.0076    0.0000    0.0000    0.0000    0.7714
    0.1362    0.0000    0.0000    0.0002    0.0000    0.8636
    0.2177    0.0002    0.0000    0.0000    0.0000    0.7820
    0.4148    0.1410    0.0000    0.0000    0.1169    0.3274
    0.1956    0.0073    0.0000    0.0000    0.0000    0.7970
    0.3396    0.1066    0.0000    0.0000    0.1098    0.4439
    0.1665    0.0001    0.0000    0.0001    0.0002    0.8331
    0.1965    0.0155    0.0000    0.0036    0.0001    0.7843
    0.4137    0.3692    0.0000    0.0000    0.1564    0.0607
    0.3726    0.2700    0.0000    0.0000    0.1541    0.2033
    0.2996    0.0565    0.0000    0.0001    0.0004    0.6435
    0.3859    0.3421    0.0000    0.0000    0.1555    0.1165
    0.3782    0.0714    0.0000    0.0003    0.0000    0.5501
    0.2323    0.0164    0.0000    0.0000    0.0001    0.7511
    0.3325    0.0808    0.0000    0.0003    0.0000    0.5863
    0.3867    0.0382    0.0000    0.0000    0.1231    0.4520
    0.1731    0.0008    0.0000    0.0000    0.0000    0.8261
    0.2799    0.1145    0.0000    0.0002    0.0000    0.6053
    0.4047    0.3103    0.0000    0.0000    0.1620    0.1230
    0.1304    0.0003    0.0000    0.0002    0.0001    0.8690
    0.4164    0.0202    0.0000    0.0017    0.0385    0.5232
    0.3482    0.1012    0.0000    0.0127    0.0000    0.5380
    0.3967    0.1020    0.0000    0.0002    0.0120    0.4891
    0.2610    0.0143    0.0000    0.0003    0.0000    0.7244
    0.3241    0.0831    0.0000    0.0015    0.0000    0.5912
    0.4110    0.2014    0.0000    0.0000    0.1164    0.2712
    0.0310    0.0003    0.0000    0.0001    0.0000    0.9687
    0.3749    0.3180    0.0000    0.0000    0.1511    0.1561
    0.3511    0.0662    0.0000    0.0016    0.0000    0.5811
    0.4076    0.0880    0.0000    0.0001    0.0002    0.5040
    0.1894    0.0002    0.0000    0.0001    0.0002    0.8102
    0.3831    0.2555    0.0000    0.0000    0.1085    0.2528
    0.3763    0.0388    0.0000    0.0000    0.0198    0.5651
    0.3792    0.0000    0.0000    0.0002    0.0000    0.6207
    0.1245    0.0000    0.0000    0.0002    0.0000    0.8753
    0.3946    0.0236    0.0000    0.0121    0.0290    0.5407
    0.2450    0.0192    0.0000    0.0001    0.0000    0.7357
    0.0462    0.0002    0.0000    0.0000    0.0000    0.9535
    0.3924    0.0016    0.0000    0.0021    0.1101    0.4937
    0.4068    0.0216    0.0000    0.0002    0.0691    0.5024
    0.3846    0.0365    0.0000    0.0001    0.0813    0.4975
    0.1912    0.0000    0.0000    0.0001    0.0000    0.8087
    0.1035    0.0000    0.0000    0.0003    0.0000    0.8962
    0.3941    0.2443    0.0000    0.0001    0.1505    0.2109
    0.2117    0.0000    0.0000    0.0002    0.0000    0.7881
    0.3940    0.2616    0.0000    0.0004    0.1362    0.2078
    0.0923    0.0008    0.0000    0.0002    0.0000    0.9067
    0.3328    0.0520    0.0000    0.0013    0.0003    0.6136
    0.3501    0.2013    0.0000    0.0001    0.1358    0.3127
    0.0503    0.0076    0.0000    0.0013    0.0002    0.9406
    0.3602    0.3568    0.0000    0.0003    0.1571    0.1257
    0.3767    0.3248    0.0000    0.0000    0.1696    0.1288
    0.4205    0.1291    0.0000    0.0000    0.1185    0.3319
    0.0495    0.0009    0.0000    0.0002    0.0000    0.9494
    0.1973    0.0001    0.0000    0.0001    0.0000    0.8025
    0.3727    0.3817    0.0000    0.0000    0.1639    0.0817
    0.0992    0.0008    0.0000    0.0002    0.0000    0.8998
    0.3341    0.3129    0.0000    0.0024    0.1517    0.1990
    0.4043    0.0520    0.0000    0.0017    0.0340    0.5080
    0.3626    0.0415    0.0000    0.0000    0.0344    0.5616
    0.4164    0.0006    0.0000    0.0002    0.0001    0.5828
    0.2477    0.0003    0.0000    0.0001    0.0001    0.7518
    0.3667    0.0001    0.0000    0.0004    0.0364    0.5965
    0.3802    0.0312    0.0000    0.0002    0.0642    0.5241
    0.2134    0.0357    0.0000    0.0001    0.0000    0.7508
    0.0339    0.0003    0.0000    0.0001    0.0000    0.9657
    0.3497    0.0912    0.0000    0.0000    0.1161    0.4430
    0.2117    0.0000    0.0000    0.0001    0.0000    0.7881
    0.3320    0.0970    0.0000    0.0002    0.0321    0.5386
    0.3407    0.0146    0.0000    0.0002    0.0000    0.6446
    0.2994    0.0391    0.0000    0.0003    0.0000    0.6612
    0.1503    0.0000    0.0000    0.0001    0.0000    0.8496
    0.3884    0.0768    0.0000    0.0002    0.0529    0.4816
    0.1740    0.0000    0.0000    0.0001    0.0000    0.8259
    0.3578    0.0997    0.0000    0.0021    0.0000    0.5403
    0.3973    0.0340    0.0000    0.0000    0.0367    0.5321
    0.3003    0.0486    0.0000    0.0012    0.0003    0.6496
    0.0503    0.0076    0.0000    0.0013    0.0002    0.9406
    0.0653    0.0057    0.0000    0.0003    0.0000    0.9288
    0.4004    0.2670    0.0000    0.0000    0.1134    0.2192
    0.1259    0.0000    0.0000    0.0000    0.0000    0.8741
    0.4318    0.0000    0.0000    0.0000    0.0584    0.5098
    0.3723    0.3129    0.0000    0.0000    0.1525    0.1623
    0.2314    0.0000    0.0000    0.0000    0.0000    0.7686
    0.3423    0.0806    0.0000    0.0003    0.0000    0.5768
    0.0956    0.0000    0.0000    0.0002    0.0000    0.9043
    0.3816    0.0207    0.0000    0.0000    0.1347    0.4630
    0.4054    0.3123    0.0000    0.0006    0.1629    0.1189
    0.2279    0.0093    0.0000    0.0001    0.0000    0.7627
    0.4067    0.0505    0.0000    0.0069    0.0367    0.4991

 Output data matrix of Pareto front of final Gaussian process model:
        f1        f2        f3
 -287.2059   -2.7440-64793.2975
 -295.4472   -2.4620-62823.6451
 -637.2197   -0.9770-89795.9964
 -559.3031   -1.4774-97218.0539
 -637.2197   -0.9770-89795.9964
 -287.2059   -2.7440-64793.2975
 -375.7260   -2.0520-77235.1760
 -533.3613   -1.6486-95080.6889
 -523.9396   -1.6914-94764.9969
 -402.8593   -2.0112-81651.4759
 -378.6122   -2.0464-77766.7839
 -372.6245   -2.0586-76640.6582
 -367.2106   -2.0732-75358.8206
 -537.6088   -1.6146-96062.8508
 -287.8091   -2.6635-63954.3639
 -300.8517   -2.4026-63648.9865
 -633.3723   -1.0208-90486.9924
 -486.2827   -1.8354-91021.2661
 -303.4705   -2.3720-63707.1899
 -575.5704   -1.4052-94950.8012
 -476.1138   -1.8647-88663.3740
 -287.3803   -2.6967-64254.4032
 -294.1564   -2.4891-63152.2374
 -312.7185   -2.2997-65125.3177
 -630.7205   -1.0493-90583.2592
 -557.3091   -1.4930-97183.1138
 -317.7330   -2.2670-65911.5490
 -339.9886   -2.1581-69970.1837
 -627.5598   -1.0861-91617.8026
 -379.9716   -2.0428-78295.2782
 -383.4629   -2.0361-78977.9387
 -528.6621   -1.6602-95507.8013
 -472.6268   -1.8741-89439.5589
 -496.3049   -1.7996-92138.6545
 -611.1360   -1.2061-94151.3053
