
 TSEMO log file created on 26-Feb-2020 

 This file shows the initial specifications of TSEMO and logs the output.
 ¯¯¯¯¯¯¯¯¯¯¯¯¯¯¯¯¯¯¯¯¯¯¯¯¯¯¯¯¯¯¯¯¯¯¯¯¯¯¯¯¯¯¯¯¯¯¯¯¯¯¯¯¯¯¯¯¯¯¯¯¯¯¯¯¯¯¯¯¯¯¯¯¯¯¯¯¯¯¯¯¯¯¯¯¯¯¯¯¯¯¯¯¯¯¯¯¯¯¯¯¯¯
 License information 

 BSD 2-Clause License 

 Copyright (c) 2017, Eric Bradford, Artur M. Schweidtmann and Alexei Lapkin
 All rights reserved. 

 Redistribution and use in source and binary forms, with or without
 modification, are permitted provided that the following conditions are met: 

 *Redistributions of source code must retain the above copyright notice, this   
  list of conditions and the following disclaimer. 

 *Redistributions in binary form must reproduce the above copyright notice,   
  this list of conditions and the following disclaimer in the documentation   
  and/or other materials provided with the distribution. 

 Modified by Mina Konakovic Lukovic 2019. 

 ¯¯¯¯¯¯¯¯¯¯¯¯¯¯¯¯¯¯¯¯¯¯¯¯¯¯¯¯¯¯¯¯¯¯¯¯¯¯¯¯¯¯¯¯¯¯¯¯¯¯¯¯¯¯¯¯¯¯¯¯¯¯¯¯¯¯¯¯¯¯¯¯¯¯¯¯¯¯¯¯¯¯¯¯¯¯¯¯¯¯¯¯¯¯¯¯¯¯¯¯¯¯
 Problem specifications 

 Function used:   consta 

 Number of inputs:   6
 Number of outputs:  3 

 Lower bounds of decision variables:
      x1      x2      x3      x4      x5      x6
  0.0000  0.0000  0.0000  0.0000  0.0000  0.0000
 
 Upper bounds of decision variables:
      x1      x2      x3      x4      x5      x6
  1.0000  1.0000  0.5000  1.0000  1.0000  1.0000
 ¯¯¯¯¯¯¯¯¯¯¯¯¯¯¯¯¯¯¯¯¯¯¯¯¯¯¯¯¯¯¯¯¯¯¯¯¯¯¯¯¯¯¯¯¯¯¯¯¯¯¯¯¯¯¯¯¯¯¯¯¯¯¯¯¯¯¯¯¯¯¯¯¯¯¯¯¯¯¯¯¯¯¯¯¯¯¯¯¯¯¯¯¯¯¯¯¯¯¯¯¯¯
 Algorithm options 

 Maximum number of function evaluations:  4
 Sample batch size:                       4
 Number of algorithm iterations:          1 

 Genetic algorithm population size:        200
 Genetic algorithm number of generations:  200 

                                               f1      f2      f3
 Number of spectral sampling points:         4000    4000    4000
 Type of matern function:                       5       5       5
 Direct evaluations per input dimension:      200     200     200
 ¯¯¯¯¯¯¯¯¯¯¯¯¯¯¯¯¯¯¯¯¯¯¯¯¯¯¯¯¯¯¯¯¯¯¯¯¯¯¯¯¯¯¯¯¯¯¯¯¯¯¯¯¯¯¯¯¯¯¯¯¯¯¯¯¯¯¯¯¯¯¯¯¯¯¯¯¯¯¯¯¯¯¯¯¯¯¯¯¯¯¯¯¯¯¯¯¯¯¯¯¯¯
 Initial data set 

 Number of initial data points:  119 

 Initial input data matrix:
      x1      x2      x3      x4      x5      x6
  0.3200  0.1300  0.0500  0.2100  0.0400  0.2500
  0.0000  0.1800  0.2100  0.2800  0.2000  0.1300
  0.0000  0.0200  0.3800  0.0400  0.2900  0.2700
  0.1900  0.3000  0.1000  0.0600  0.0700  0.2800
  0.0800  0.1600  0.1400  0.0400  0.1900  0.3900
  0.3400  0.0600  0.2300  0.1600  0.1900  0.0200
  0.1400  0.1000  0.0700  0.2000  0.2700  0.2200
  0.0700  0.0700  0.3200  0.2100  0.0300  0.3000
  0.0200  0.0100  0.2700  0.1300  0.4900  0.0800
  0.0900  0.3200  0.0300  0.1300  0.3700  0.0600
  0.0800  0.2100  0.0200  0.0000  0.6100  0.0800
  0.0900  0.3200  0.0400  0.2100  0.1700  0.1700
  0.1400  0.3000  0.0700  0.1000  0.2500  0.1400
  0.0400  0.1700  0.0700  0.2200  0.2400  0.2600
  0.1700  0.1500  0.2800  0.2900  0.0000  0.1100
  0.1000  0.1400  0.1400  0.2600  0.2700  0.0900
  1.0000  0.0000  0.0000  0.0000  0.0000  0.0000
  0.0000  1.0000  0.0000  0.0000  0.0000  0.0000
  0.0000  0.0000  0.0000  1.0000  0.0000  0.0000
  0.6000  0.4000  0.0000  0.0000  0.0000  0.0000
  0.5500  0.4500  0.0000  0.0000  0.0000  0.0000
  0.5000  0.5000  0.0000  0.0000  0.0000  0.0000
  0.4500  0.5500  0.0000  0.0000  0.0000  0.0000
  0.4000  0.6000  0.0000  0.0000  0.0000  0.0000
  0.2700  0.4400  0.0900  0.0400  0.0800  0.0800
  0.0400  0.1900  0.3600  0.2000  0.1200  0.0900
  0.0000  0.5900  0.0000  0.0800  0.0800  0.2500
  0.0000  0.3900  0.1300  0.0700  0.0300  0.3800
  0.0100  0.5100  0.0000  0.1000  0.0200  0.3600
  0.0100  0.6200  0.0100  0.0300  0.1000  0.2300
  0.0600  0.3000  0.4100  0.0100  0.0100  0.2100
  0.0800  0.3200  0.5000  0.0700  0.0200  0.0100
  0.1500  0.2800  0.2500  0.0100  0.0600  0.2500
  0.0000  0.0000  0.0000  0.0000  0.0000  1.0000
  0.0000  0.0000  0.0000  0.0000  1.0000  0.0000
  0.0200  0.1100  0.0000  0.5000  0.0300  0.3400
  0.0100  0.1900  0.0000  0.0000  0.0000  0.8000
  0.0100  0.3900  0.0000  0.0200  0.0100  0.5700
  0.1800  0.1200  0.0000  0.3600  0.0000  0.3400
  0.0100  0.0000  0.1300  0.2500  0.0000  0.6100
  0.3200  0.0000  0.1200  0.0100  0.0000  0.5500
  0.0100  0.1500  0.1000  0.2100  0.0000  0.5300
  0.0100  0.0000  0.1500  0.2500  0.0000  0.5900
  0.1500  0.4500  0.0400  0.0300  0.0100  0.3200
  0.0500  0.3200  0.0000  0.5700  0.0600  0.0000
  0.3100  0.5200  0.0000  0.0800  0.0200  0.0700
  0.1500  0.0400  0.1300  0.6700  0.0100  0.0000
  0.0000  0.2100  0.2000  0.5800  0.0100  0.0000
  0.0000  0.0100  0.2800  0.6700  0.0100  0.0300
  0.0100  0.2800  0.1100  0.4600  0.1100  0.0300
  0.4900  0.0600  0.0000  0.1400  0.0200  0.2900
  0.1400  0.0000  0.0700  0.0100  0.0100  0.7700
  0.0300  0.5800  0.1800  0.0400  0.1000  0.0700
  0.0000  0.3100  0.0100  0.0200  0.1500  0.5100
  0.2500  0.0100  0.0100  0.0400  0.1300  0.5600
  0.2900  0.4500  0.0600  0.0800  0.1200  0.0000
  0.0200  0.0100  0.1600  0.0100  0.5000  0.3000
  0.0200  0.2400  0.0000  0.0300  0.2600  0.4500
  0.0000  0.0100  0.0000  0.0100  0.2700  0.7100
  0.0900  0.0200  0.0000  0.0600  0.4000  0.4300
  0.0000  0.1600  0.0000  0.0000  0.2500  0.5900
  0.3200  0.0900  0.0200  0.0100  0.0100  0.5500
  0.0000  0.0800  0.1300  0.0000  0.1100  0.6800
  0.3900  0.0100  0.0300  0.0000  0.0000  0.5700
  0.2600  0.1800  0.0200  0.0100  0.0100  0.5200
  0.2000  0.1600  0.0000  0.0000  0.0000  0.6400
  0.5100  0.3100  0.0700  0.0100  0.0100  0.0900
  0.1400  0.1700  0.0200  0.0000  0.0000  0.6700
  0.0000  0.0300  0.0200  0.2100  0.3200  0.4200
  0.5700  0.0000  0.1100  0.0100  0.1000  0.2100
  0.5100  0.2500  0.1000  0.0200  0.1200  0.0000
  0.5100  0.0100  0.0700  0.0200  0.1100  0.2800
  0.0000  0.0000  0.0000  0.0200  0.0000  0.9800
  0.6000  0.0000  0.0300  0.0000  0.0200  0.3500
  0.3400  0.0000  0.1100  0.0100  0.0600  0.4800
  0.4400  0.1100  0.1100  0.0000  0.0600  0.2800
  0.6600  0.0000  0.0800  0.0000  0.0000  0.2600
  0.3700  0.4700  0.1000  0.0000  0.0600  0.0000
  0.4400  0.3000  0.0900  0.0400  0.1300  0.0000
  0.2700  0.6100  0.1200  0.0000  0.0000  0.0000
  0.0100  0.0000  0.0000  0.0200  0.0800  0.8900
  0.2100  0.1100  0.0600  0.0000  0.1400  0.4800
  0.5200  0.0100  0.0100  0.0000  0.0000  0.4600
  0.0000  0.3800  0.0100  0.0000  0.0000  0.6100
  0.0000  0.3100  0.0100  0.0000  0.0000  0.6800
  0.3200  0.3400  0.0200  0.0000  0.0100  0.3100
  0.0100  0.4100  0.0000  0.0000  0.0100  0.5700
  0.0000  0.4100  0.0000  0.1300  0.0000  0.4600
  0.0000  0.1800  0.0000  0.2600  0.0100  0.5500
  0.0400  0.4500  0.0000  0.0700  0.0100  0.4300
  0.0000  0.2500  0.0000  0.2500  0.0000  0.5000
  0.3600  0.2000  0.0200  0.0800  0.0000  0.3400
  0.2100  0.0000  0.0000  0.3300  0.0100  0.4500
  0.2500  0.0000  0.0000  0.3100  0.0100  0.4300
  0.1900  0.0000  0.0000  0.3200  0.0100  0.4800
  0.0000  0.6300  0.1000  0.0000  0.0000  0.2700
  0.0000  0.6600  0.0900  0.0000  0.0000  0.2500
  0.0000  0.3300  0.1100  0.0100  0.0000  0.5500
  0.0000  0.6800  0.0900  0.0000  0.0100  0.2200
  0.3500  0.0000  0.0000  0.0100  0.0000  0.6400
  0.0100  0.0000  0.0000  0.3600  0.0000  0.6300
  0.4800  0.0000  0.0100  0.0000  0.1200  0.3900
  0.3900  0.0000  0.0000  0.0200  0.0100  0.5800
  0.4000  0.1700  0.0000  0.0000  0.1200  0.3100
  0.4400  0.2700  0.0000  0.0000  0.1700  0.1200
  0.3400  0.1400  0.0000  0.0000  0.1300  0.3900
  0.3300  0.1200  0.0000  0.0000  0.1300  0.4200
  0.3900  0.0000  0.0000  0.0000  0.2200  0.3900
  0.3900  0.3100  0.0000  0.0000  0.2200  0.0800
  0.4100  0.0000  0.0000  0.0000  0.2500  0.3400
  0.3500  0.0000  0.0000  0.0000  0.2000  0.4500
  0.3300  0.0000  0.0000  0.0000  0.2100  0.4600
  0.3100  0.0000  0.0000  0.0000  0.2000  0.4900
  0.3500  0.0000  0.0000  0.0000  0.2100  0.4400
  0.2000  0.0000  0.0000  0.0000  0.0100  0.7900
  0.5000  0.0000  0.0000  0.0000  0.3000  0.2000
  0.5300  0.0600  0.0000  0.0000  0.3200  0.0900
  0.5300  0.0000  0.0000  0.0000  0.3300  0.1400
  0.4200  0.0000  0.0000  0.0000  0.2700  0.3100

 Initial output data matrix:
      f1      f2      f3
-477.3645 -1.2974-78049.1925
-454.7535 -1.3662-68112.8155
-279.9044 -2.1133-51731.0693
-469.5247 -1.7578-77876.9026
-440.0426 -1.9634-76654.9118
-365.6047 -1.2303-62118.0243
-410.9856 -1.1190-66049.6554
-136.1656 -0.8962-22268.5639
-369.0088 -1.3142-61644.3643
-533.9811 -0.8968-68784.7611
-442.6768 -0.7257-59416.2131
-507.4257 -0.9822-66650.9629
-443.6008 -1.1184-65323.0907
-489.5899 -1.3294-72483.9913
-359.3333 -1.7335-60280.1487
-485.2462 -0.8865-66192.4108
-228.9585 -0.7284-49588.2084
-435.6576 -1.1748-60782.1527
-368.0328 -0.0378-29839.9581
-558.3333 -1.0147-72324.3305
-545.1107 -1.0090-76481.1353
-595.9865 -1.0313-80252.0073
-577.5167 -1.0272-78299.5278
-603.0115 -1.0486-79494.8772
-536.4679 -1.3385-83057.1828
-380.6202 -1.5761-63939.3838
-487.9964 -1.6929-74452.7693
-492.2164 -2.0354-77476.1977
-483.0457 -1.7036-74331.8675
-461.0062 -1.5331-68683.9650
-428.6732 -1.9582-73565.0149
-420.3458 -1.7501-70958.0370
-185.7397 -1.9998-39188.2443
-307.5914 -2.9333-68673.8814
-248.0791 -0.3369-41639.4837
-330.4220 -1.6093-58954.7196
-261.1897 -2.5356-54113.5267
-374.3907 -2.1313-72005.0906
-442.1932 -1.6426-73645.0393
-325.5454 -2.2577-65492.6760
-407.4563 -1.7142-79298.8675
-280.7768 -2.0890-55835.4428
-345.4445 -2.2639-66935.4850
-337.8766 -1.7123-65225.4544
-380.5099 -0.6146-47362.4095
-423.7886 -1.3121-68132.9194
-412.9137 -0.7221-59055.9302
-389.7163 -1.2975-60315.7332
-243.9299 -1.5816-43427.1956
-418.8166 -1.1219-61444.5239
-463.1094 -1.4660-81856.9346
-260.4919 -1.9421-59060.6871
-461.1271 -1.5697-75813.0466
-434.9195 -1.9723-80545.7853
-411.2741 -1.7072-85333.3874
-593.8157 -1.0758-82484.6477
-331.6431 -1.2261-62332.4475
-461.8788 -1.5726-80820.6379
-386.3988 -1.9098-76223.9832
-458.6168 -1.3865-78606.8274
-386.1546 -1.7969-73308.3934
-420.6757 -1.8963-83069.8760
-256.3444 -2.2542-53258.3199
-343.7864 -1.8975-72697.8828
-317.0968 -1.9236-66141.3310
-405.5608 -1.9380-81223.2023
-579.2708 -1.0437-87100.5169
-297.2664 -2.2664-61771.9743
-230.0024 -1.7750-53153.7094
-296.3126 -0.8946-60049.3899
-625.1337 -1.1253-94708.7918
-559.4404 -1.5604-98460.5528
-350.2734 -2.6724-74202.1381
-483.8073 -1.5770-91455.1658
-333.6048 -1.8340-67470.0844
-401.3639 -1.5176-75081.6898
-339.8147 -1.1731-68370.6235
-619.8270 -1.3159-92324.8900
-456.6095 -1.0320-73399.8497
-527.1160 -1.2052-80673.3135
-182.0132 -2.1459-33836.3245
-299.4935 -1.9115-62779.5207
-342.4831 -1.8084-73190.6083
-292.5484 -2.1003-64376.6034
-284.1961 -2.0337-60695.8700
-418.6794 -1.5121-75788.0791
-272.5130 -1.9527-60034.6655
-324.9663 -1.9969-65021.8788
-361.4059 -2.0913-69395.5054
-310.1195 -1.9192-61302.0228
-321.0298 -2.0199-62665.9535
-408.2643 -1.5818-76317.7672
-398.2560 -1.9114-74552.8783
-437.9660 -1.8110-79745.2693
-402.9772 -1.8842-75747.1961
-367.7646 -1.7661-65605.9795
-392.9406 -1.8913-69484.2021
-317.1051 -2.1952-63761.7220
-355.6015 -1.8014-64450.3268
-438.2688 -2.1205-87348.6010
-334.7339 -2.0407-65124.3183
-514.0293 -1.5443-93643.6527
-526.1093 -1.9176-98663.7705
-555.0826 -1.4101-91162.3449
-653.9760 -1.1215-96005.8355
-613.3157 -1.3545-102903.8092
-574.5688 -1.4762-99854.6710
-596.1996 -1.5851-97568.0584
-673.8733 -1.3085-96609.9429
-570.9253 -1.5720-97057.6408
-453.6160 -1.8559-85374.7271
-512.3685 -1.7799-93175.9066
-384.8236 -1.8510-77997.5467
-536.0149 -1.7113-96497.9814
-289.9712 -1.9717-66399.4183
-596.7186 -0.9982-92484.7776
-390.5278 -0.8869-64360.6166
-429.9865 -0.7968-68899.7837
-397.0291 -1.0850-76450.3138

 ¯¯¯¯¯¯¯¯¯¯¯¯¯¯¯¯¯¯¯¯¯¯¯¯¯¯¯¯¯¯¯¯¯¯¯¯¯¯¯¯¯¯¯¯¯¯¯¯¯¯¯¯¯¯¯¯¯¯¯¯¯¯¯¯¯¯¯¯¯¯¯¯¯¯¯¯¯¯¯¯¯¯¯¯¯¯¯¯¯¯¯¯¯¯¯¯¯¯¯¯¯¯
 Algorithm iteration 1 

 Predicted hypervolume improvement:    0.2419
 Time taken:   48.3252 

 Proposed evaluation point(s): 
      x1      x2      x3      x4      x5      x6
  0.4200  0.0100  0.0000  0.0000  0.1400  0.4300
  0.3900  0.0000  0.0000  0.0000  0.1300  0.4800
  0.4400  0.0000  0.0000  0.0500  0.1300  0.3800
  0.2800  0.0000  0.0000  0.1100  0.0800  0.5300

 Corresponding observation(s): 
      f1      f2      f3
-513.0923 -1.6719-100892.5156
-504.2315 -1.8017-99857.9563
-502.7380 -1.5400-101278.5760
-429.7856 -1.9367-93073.0314

 ¯¯¯¯¯¯¯¯¯¯¯¯¯¯¯¯¯¯¯¯¯¯¯¯¯¯¯¯¯¯¯¯¯¯¯¯¯¯¯¯¯¯¯¯¯¯¯¯¯¯¯¯¯¯¯¯¯¯¯¯¯¯¯¯¯¯¯¯¯¯¯¯¯¯¯¯¯¯¯¯¯¯¯¯¯¯¯¯¯¯¯¯¯¯¯¯¯¯¯¯¯¯
 Final algorithm output 

 Final input data matrix:
        x1        x2        x3        x4        x5        x6
    0.3200    0.1300    0.0500    0.2100    0.0400    0.2500
    0.0000    0.1800    0.2100    0.2800    0.2000    0.1300
    0.0000    0.0200    0.3800    0.0400    0.2900    0.2700
    0.1900    0.3000    0.1000    0.0600    0.0700    0.2800
    0.0800    0.1600    0.1400    0.0400    0.1900    0.3900
    0.3400    0.0600    0.2300    0.1600    0.1900    0.0200
    0.1400    0.1000    0.0700    0.2000    0.2700    0.2200
    0.0700    0.0700    0.3200    0.2100    0.0300    0.3000
    0.0200    0.0100    0.2700    0.1300    0.4900    0.0800
    0.0900    0.3200    0.0300    0.1300    0.3700    0.0600
    0.0800    0.2100    0.0200    0.0000    0.6100    0.0800
    0.0900    0.3200    0.0400    0.2100    0.1700    0.1700
    0.1400    0.3000    0.0700    0.1000    0.2500    0.1400
    0.0400    0.1700    0.0700    0.2200    0.2400    0.2600
    0.1700    0.1500    0.2800    0.2900    0.0000    0.1100
    0.1000    0.1400    0.1400    0.2600    0.2700    0.0900
    1.0000    0.0000    0.0000    0.0000    0.0000    0.0000
    0.0000    1.0000    0.0000    0.0000    0.0000    0.0000
    0.0000    0.0000    0.0000    1.0000    0.0000    0.0000
    0.6000    0.4000    0.0000    0.0000    0.0000    0.0000
    0.5500    0.4500    0.0000    0.0000    0.0000    0.0000
    0.5000    0.5000    0.0000    0.0000    0.0000    0.0000
    0.4500    0.5500    0.0000    0.0000    0.0000    0.0000
    0.4000    0.6000    0.0000    0.0000    0.0000    0.0000
    0.2700    0.4400    0.0900    0.0400    0.0800    0.0800
    0.0400    0.1900    0.3600    0.2000    0.1200    0.0900
    0.0000    0.5900    0.0000    0.0800    0.0800    0.2500
    0.0000    0.3900    0.1300    0.0700    0.0300    0.3800
    0.0100    0.5100    0.0000    0.1000    0.0200    0.3600
    0.0100    0.6200    0.0100    0.0300    0.1000    0.2300
    0.0600    0.3000    0.4100    0.0100    0.0100    0.2100
    0.0800    0.3200    0.5000    0.0700    0.0200    0.0100
    0.1500    0.2800    0.2500    0.0100    0.0600    0.2500
    0.0000    0.0000    0.0000    0.0000    0.0000    1.0000
    0.0000    0.0000    0.0000    0.0000    1.0000    0.0000
    0.0200    0.1100    0.0000    0.5000    0.0300    0.3400
    0.0100    0.1900    0.0000    0.0000    0.0000    0.8000
    0.0100    0.3900    0.0000    0.0200    0.0100    0.5700
    0.1800    0.1200    0.0000    0.3600    0.0000    0.3400
    0.0100    0.0000    0.1300    0.2500    0.0000    0.6100
    0.3200    0.0000    0.1200    0.0100    0.0000    0.5500
    0.0100    0.1500    0.1000    0.2100    0.0000    0.5300
    0.0100    0.0000    0.1500    0.2500    0.0000    0.5900
    0.1500    0.4500    0.0400    0.0300    0.0100    0.3200
    0.0500    0.3200    0.0000    0.5700    0.0600    0.0000
    0.3100    0.5200    0.0000    0.0800    0.0200    0.0700
    0.1500    0.0400    0.1300    0.6700    0.0100    0.0000
    0.0000    0.2100    0.2000    0.5800    0.0100    0.0000
    0.0000    0.0100    0.2800    0.6700    0.0100    0.0300
    0.0100    0.2800    0.1100    0.4600    0.1100    0.0300
    0.4900    0.0600    0.0000    0.1400    0.0200    0.2900
    0.1400    0.0000    0.0700    0.0100    0.0100    0.7700
    0.0300    0.5800    0.1800    0.0400    0.1000    0.0700
    0.0000    0.3100    0.0100    0.0200    0.1500    0.5100
    0.2500    0.0100    0.0100    0.0400    0.1300    0.5600
    0.2900    0.4500    0.0600    0.0800    0.1200    0.0000
    0.0200    0.0100    0.1600    0.0100    0.5000    0.3000
    0.0200    0.2400    0.0000    0.0300    0.2600    0.4500
    0.0000    0.0100    0.0000    0.0100    0.2700    0.7100
    0.0900    0.0200    0.0000    0.0600    0.4000    0.4300
    0.0000    0.1600    0.0000    0.0000    0.2500    0.5900
    0.3200    0.0900    0.0200    0.0100    0.0100    0.5500
    0.0000    0.0800    0.1300    0.0000    0.1100    0.6800
    0.3900    0.0100    0.0300    0.0000    0.0000    0.5700
    0.2600    0.1800    0.0200    0.0100    0.0100    0.5200
    0.2000    0.1600    0.0000    0.0000    0.0000    0.6400
    0.5100    0.3100    0.0700    0.0100    0.0100    0.0900
    0.1400    0.1700    0.0200    0.0000    0.0000    0.6700
    0.0000    0.0300    0.0200    0.2100    0.3200    0.4200
    0.5700    0.0000    0.1100    0.0100    0.1000    0.2100
    0.5100    0.2500    0.1000    0.0200    0.1200    0.0000
    0.5100    0.0100    0.0700    0.0200    0.1100    0.2800
    0.0000    0.0000    0.0000    0.0200    0.0000    0.9800
    0.6000    0.0000    0.0300    0.0000    0.0200    0.3500
    0.3400    0.0000    0.1100    0.0100    0.0600    0.4800
    0.4400    0.1100    0.1100    0.0000    0.0600    0.2800
    0.6600    0.0000    0.0800    0.0000    0.0000    0.2600
    0.3700    0.4700    0.1000    0.0000    0.0600    0.0000
    0.4400    0.3000    0.0900    0.0400    0.1300    0.0000
    0.2700    0.6100    0.1200    0.0000    0.0000    0.0000
    0.0100    0.0000    0.0000    0.0200    0.0800    0.8900
    0.2100    0.1100    0.0600    0.0000    0.1400    0.4800
    0.5200    0.0100    0.0100    0.0000    0.0000    0.4600
    0.0000    0.3800    0.0100    0.0000    0.0000    0.6100
    0.0000    0.3100    0.0100    0.0000    0.0000    0.6800
    0.3200    0.3400    0.0200    0.0000    0.0100    0.3100
    0.0100    0.4100    0.0000    0.0000    0.0100    0.5700
    0.0000    0.4100    0.0000    0.1300    0.0000    0.4600
    0.0000    0.1800    0.0000    0.2600    0.0100    0.5500
    0.0400    0.4500    0.0000    0.0700    0.0100    0.4300
    0.0000    0.2500    0.0000    0.2500    0.0000    0.5000
    0.3600    0.2000    0.0200    0.0800    0.0000    0.3400
    0.2100    0.0000    0.0000    0.3300    0.0100    0.4500
    0.2500    0.0000    0.0000    0.3100    0.0100    0.4300
    0.1900    0.0000    0.0000    0.3200    0.0100    0.4800
    0.0000    0.6300    0.1000    0.0000    0.0000    0.2700
    0.0000    0.6600    0.0900    0.0000    0.0000    0.2500
    0.0000    0.3300    0.1100    0.0100    0.0000    0.5500
    0.0000    0.6800    0.0900    0.0000    0.0100    0.2200
    0.3500    0.0000    0.0000    0.0100    0.0000    0.6400
    0.0100    0.0000    0.0000    0.3600    0.0000    0.6300
    0.4800    0.0000    0.0100    0.0000    0.1200    0.3900
    0.3900    0.0000    0.0000    0.0200    0.0100    0.5800
    0.4000    0.1700    0.0000    0.0000    0.1200    0.3100
    0.4400    0.2700    0.0000    0.0000    0.1700    0.1200
    0.3400    0.1400    0.0000    0.0000    0.1300    0.3900
    0.3300    0.1200    0.0000    0.0000    0.1300    0.4200
    0.3900    0.0000    0.0000    0.0000    0.2200    0.3900
    0.3900    0.3100    0.0000    0.0000    0.2200    0.0800
    0.4100    0.0000    0.0000    0.0000    0.2500    0.3400
    0.3500    0.0000    0.0000    0.0000    0.2000    0.4500
    0.3300    0.0000    0.0000    0.0000    0.2100    0.4600
    0.3100    0.0000    0.0000    0.0000    0.2000    0.4900
    0.3500    0.0000    0.0000    0.0000    0.2100    0.4400
    0.2000    0.0000    0.0000    0.0000    0.0100    0.7900
    0.5000    0.0000    0.0000    0.0000    0.3000    0.2000
    0.5300    0.0600    0.0000    0.0000    0.3200    0.0900
    0.5300    0.0000    0.0000    0.0000    0.3300    0.1400
    0.4200    0.0000    0.0000    0.0000    0.2700    0.3100
    0.4200    0.0100    0.0000    0.0000    0.1400    0.4300
    0.3900    0.0000    0.0000    0.0000    0.1300    0.4800
    0.4400    0.0000    0.0000    0.0500    0.1300    0.3800
    0.2800    0.0000    0.0000    0.1100    0.0800    0.5300

 Final output data matrix:
        f1        f2        f3
 -477.3645   -1.2974-78049.1925
 -454.7535   -1.3662-68112.8155
 -279.9044   -2.1133-51731.0693
 -469.5247   -1.7578-77876.9026
 -440.0426   -1.9634-76654.9118
 -365.6047   -1.2303-62118.0243
 -410.9856   -1.1190-66049.6554
 -136.1656   -0.8962-22268.5639
 -369.0088   -1.3142-61644.3643
 -533.9811   -0.8968-68784.7611
 -442.6768   -0.7257-59416.2131
 -507.4257   -0.9822-66650.9629
 -443.6008   -1.1184-65323.0907
 -489.5899   -1.3294-72483.9913
 -359.3333   -1.7335-60280.1487
 -485.2462   -0.8865-66192.4108
 -228.9585   -0.7284-49588.2084
 -435.6576   -1.1748-60782.1527
 -368.0328   -0.0378-29839.9581
 -558.3333   -1.0147-72324.3305
 -545.1107   -1.0090-76481.1353
 -595.9865   -1.0313-80252.0073
 -577.5167   -1.0272-78299.5278
 -603.0115   -1.0486-79494.8772
 -536.4679   -1.3385-83057.1828
 -380.6202   -1.5761-63939.3838
 -487.9964   -1.6929-74452.7693
 -492.2164   -2.0354-77476.1977
 -483.0457   -1.7036-74331.8675
 -461.0062   -1.5331-68683.9650
 -428.6732   -1.9582-73565.0149
 -420.3458   -1.7501-70958.0370
 -185.7397   -1.9998-39188.2443
 -307.5914   -2.9333-68673.8814
 -248.0791   -0.3369-41639.4837
 -330.4220   -1.6093-58954.7196
 -261.1897   -2.5356-54113.5267
 -374.3907   -2.1313-72005.0906
 -442.1932   -1.6426-73645.0393
 -325.5454   -2.2577-65492.6760
 -407.4563   -1.7142-79298.8675
 -280.7768   -2.0890-55835.4428
 -345.4445   -2.2639-66935.4850
 -337.8766   -1.7123-65225.4544
 -380.5099   -0.6146-47362.4095
 -423.7886   -1.3121-68132.9194
 -412.9137   -0.7221-59055.9302
 -389.7163   -1.2975-60315.7332
 -243.9299   -1.5816-43427.1956
 -418.8166   -1.1219-61444.5239
 -463.1094   -1.4660-81856.9346
 -260.4919   -1.9421-59060.6871
 -461.1271   -1.5697-75813.0466
 -434.9195   -1.9723-80545.7853
 -411.2741   -1.7072-85333.3874
 -593.8157   -1.0758-82484.6477
 -331.6431   -1.2261-62332.4475
 -461.8788   -1.5726-80820.6379
 -386.3988   -1.9098-76223.9832
 -458.6168   -1.3865-78606.8274
 -386.1546   -1.7969-73308.3934
 -420.6757   -1.8963-83069.8760
 -256.3444   -2.2542-53258.3199
 -343.7864   -1.8975-72697.8828
 -317.0968   -1.9236-66141.3310
 -405.5608   -1.9380-81223.2023
 -579.2708   -1.0437-87100.5169
 -297.2664   -2.2664-61771.9743
 -230.0024   -1.7750-53153.7094
 -296.3126   -0.8946-60049.3899
 -625.1337   -1.1253-94708.7918
 -559.4404   -1.5604-98460.5528
 -350.2734   -2.6724-74202.1381
 -483.8073   -1.5770-91455.1658
 -333.6048   -1.8340-67470.0844
 -401.3639   -1.5176-75081.6898
 -339.8147   -1.1731-68370.6235
 -619.8270   -1.3159-92324.8900
 -456.6095   -1.0320-73399.8497
 -527.1160   -1.2052-80673.3135
 -182.0132   -2.1459-33836.3245
 -299.4935   -1.9115-62779.5207
 -342.4831   -1.8084-73190.6083
 -292.5484   -2.1003-64376.6034
 -284.1961   -2.0337-60695.8700
 -418.6794   -1.5121-75788.0791
 -272.5130   -1.9527-60034.6655
 -324.9663   -1.9969-65021.8788
 -361.4059   -2.0913-69395.5054
 -310.1195   -1.9192-61302.0228
 -321.0298   -2.0199-62665.9535
 -408.2643   -1.5818-76317.7672
 -398.2560   -1.9114-74552.8783
 -437.9660   -1.8110-79745.2693
 -402.9772   -1.8842-75747.1961
 -367.7646   -1.7661-65605.9795
 -392.9406   -1.8913-69484.2021
 -317.1051   -2.1952-63761.7220
 -355.6015   -1.8014-64450.3268
 -438.2688   -2.1205-87348.6010
 -334.7339   -2.0407-65124.3183
 -514.0293   -1.5443-93643.6527
 -526.1093   -1.9176-98663.7705
 -555.0826   -1.4101-91162.3449
 -653.9760   -1.1215-96005.8355
 -613.3157   -1.3545-102903.8092
 -574.5688   -1.4762-99854.6710
 -596.1996   -1.5851-97568.0584
 -673.8733   -1.3085-96609.9429
 -570.9253   -1.5720-97057.6408
 -453.6160   -1.8559-85374.7271
 -512.3685   -1.7799-93175.9066
 -384.8236   -1.8510-77997.5467
 -536.0149   -1.7113-96497.9814
 -289.9712   -1.9717-66399.4183
 -596.7186   -0.9982-92484.7776
 -390.5278   -0.8869-64360.6166
 -429.9865   -0.7968-68899.7837
 -397.0291   -1.0850-76450.3138
 -513.0923   -1.6719-100892.5156
 -504.2315   -1.8017-99857.9563
 -502.7380   -1.5400-101278.5760
 -429.7856   -1.9367-93073.0314

 Input data matrix of corresponding Pareto front:
        x1        x2        x3        x4        x5        x6
    0.0000    0.3900    0.1300    0.0700    0.0300    0.3800
    0.0000    0.0000    0.0000    0.0000    0.0000    1.0000
    0.0100    0.3900    0.0000    0.0200    0.0100    0.5700
    0.5100    0.0100    0.0700    0.0200    0.1100    0.2800
    0.0000    0.0000    0.0000    0.0200    0.0000    0.9800
    0.3700    0.4700    0.1000    0.0000    0.0600    0.0000
    0.3500    0.0000    0.0000    0.0100    0.0000    0.6400
    0.3900    0.0000    0.0000    0.0200    0.0100    0.5800
    0.3400    0.1400    0.0000    0.0000    0.1300    0.3900
    0.3300    0.1200    0.0000    0.0000    0.1300    0.4200
    0.3900    0.0000    0.0000    0.0000    0.2200    0.3900
    0.3900    0.3100    0.0000    0.0000    0.2200    0.0800
    0.3500    0.0000    0.0000    0.0000    0.2100    0.4400

 Output data matrix of corresponding Pareto front:
        f1        f2        f3
 -492.2164   -2.0354-77476.1977
 -307.5914   -2.9333-68673.8814
 -374.3907   -2.1313-72005.0906
 -559.4404   -1.5604-98460.5528
 -350.2734   -2.6724-74202.1381
 -619.8270   -1.3159-92324.8900
 -438.2688   -2.1205-87348.6010
 -526.1093   -1.9176-98663.7705
 -613.3157   -1.3545-102903.8092
 -574.5688   -1.4762-99854.6710
 -596.1996   -1.5851-97568.0584
 -673.8733   -1.3085-96609.9429
 -536.0149   -1.7113-96497.9814

 Input data matrix of Pareto front of final Gaussian process model:
        x1        x2        x3        x4        x5        x6
    0.0846    0.0004    0.0000    0.0041    0.0039    0.9070
    0.4523    0.0823    0.0000    0.0017    0.1485    0.3153
    0.0022    0.0008    0.0000    0.0008    0.0015    0.9947
    0.0022    0.0008    0.0000    0.0008    0.0015    0.9947
    0.4006    0.4306    0.0000    0.0010    0.1678    0.0000
    0.3014    0.0000    0.0000    0.0005    0.0047    0.6933
    0.3255    0.2714    0.0000    0.0021    0.1090    0.2920
    0.3998    0.0000    0.0000    0.0044    0.1050    0.4909
    0.2349    0.0029    0.0000    0.0013    0.0020    0.7590
    0.3430    0.2010    0.0000    0.0057    0.1154    0.3348
    0.1762    0.0004    0.0000    0.0032    0.0009    0.8193
    0.1702    0.0114    0.0000    0.0006    0.0000    0.8178
    0.3603    0.0000    0.0000    0.0005    0.0020    0.6372
    0.2458    0.0003    0.0000    0.0005    0.0013    0.7522
    0.0460    0.0004    0.0000    0.0022    0.0020    0.9494
    0.2645    0.0106    0.0000    0.0016    0.0013    0.7219
    0.1431    0.0008    0.0000    0.0007    0.0013    0.8542
    0.2408    0.0003    0.0000    0.0031    0.0013    0.7546
    0.2907    0.0005    0.0000    0.0005    0.0000    0.7083
    0.4104    0.0000    0.0000    0.0045    0.1080    0.4772
    0.2509    0.0070    0.0000    0.0007    0.0015    0.7399
    0.4111    0.0005    0.0000    0.0064    0.0752    0.5069
    0.2325    0.0363    0.0000    0.0013    0.0012    0.7286
    0.2223    0.0003    0.0000    0.0053    0.0000    0.7722
    0.3475    0.0240    0.0000    0.0353    0.0002    0.5931
    0.3904    0.0257    0.0000    0.0006    0.1453    0.4379
    0.0586    0.0024    0.0000    0.0052    0.0014    0.9323
    0.0271    0.0004    0.0000    0.0005    0.0017    0.9703
    0.2961    0.0004    0.0000    0.0058    0.0002    0.6974
    0.3717    0.0013    0.0000    0.0066    0.0942    0.5262
    0.0361    0.0011    0.0000    0.0039    0.0010    0.9580
    0.2554    0.0007    0.0000    0.0009    0.0012    0.7419
    0.2607    0.0003    0.0000    0.0005    0.0013    0.7372
    0.3801    0.0108    0.0000    0.0020    0.1064    0.5007
    0.2024    0.0005    0.0000    0.0033    0.0013    0.7925
    0.4222    0.0782    0.0000    0.0007    0.1476    0.3513
    0.3156    0.0052    0.0000    0.0111    0.0002    0.6679
    0.1300    0.0004    0.0000    0.0005    0.0013    0.8679
    0.3771    0.4060    0.0000    0.0077    0.1285    0.0807
    0.4186    0.1340    0.0000    0.0046    0.1384    0.3044
    0.4158    0.4269    0.0000    0.0020    0.1474    0.0079
    0.1811    0.0081    0.0000    0.0007    0.0007    0.8094
    0.2172    0.0005    0.0000    0.0009    0.0015    0.7799
    0.2694    0.0108    0.0000    0.0017    0.0013    0.7168
    0.3136    0.0046    0.0000    0.0061    0.0002    0.6755
    0.3186    0.4356    0.0000    0.0014    0.1043    0.1401
    0.0800    0.0004    0.0000    0.0006    0.0022    0.9168
    0.3243    0.0032    0.0000    0.0019    0.0002    0.6704
    0.1664    0.0007    0.0000    0.0009    0.0012    0.8308
    0.1090    0.0004    0.0000    0.0006    0.0021    0.8879
    0.3862    0.0109    0.0000    0.0000    0.0943    0.5087
    0.2931    0.0003    0.0000    0.0010    0.0012    0.7044
    0.3583    0.3677    0.0000    0.0054    0.1475    0.1211
    0.3851    0.0078    0.0000    0.0013    0.0001    0.6057
    0.2331    0.0003    0.0000    0.0006    0.0011    0.7650
    0.0208    0.0004    0.0000    0.0005    0.0017    0.9766
    0.4037    0.0009    0.0000    0.0043    0.1300    0.4612
    0.1368    0.0001    0.0000    0.0007    0.0000    0.8624
    0.0748    0.0003    0.0000    0.0005    0.0014    0.9229
    0.3447    0.0003    0.0000    0.0006    0.0011    0.6533
    0.3143    0.0004    0.0000    0.0018    0.0002    0.6833
    0.3681    0.3384    0.0000    0.0092    0.1633    0.1210
    0.3606    0.2570    0.0000    0.0029    0.1032    0.2764
    0.3524    0.3279    0.0000    0.0033    0.1496    0.1668
    0.2214    0.0003    0.0000    0.0006    0.0013    0.7765
    0.3044    0.3886    0.0000    0.0034    0.1341    0.1695
    0.3500    0.0072    0.0000    0.0076    0.0010    0.6342
    0.4180    0.0546    0.0000    0.0008    0.1224    0.4043
    0.3082    0.0003    0.0000    0.0006    0.0011    0.6899
    0.0686    0.0003    0.0000    0.0005    0.0017    0.9290
    0.3348    0.1648    0.0000    0.0020    0.1383    0.3602
    0.2282    0.0022    0.0000    0.0013    0.0015    0.7669
    0.0122    0.0001    0.0000    0.0054    0.0001    0.9823
    0.3758    0.3848    0.0000    0.0104    0.1484    0.0806
    0.2065    0.0007    0.0000    0.0009    0.0015    0.7903
    0.1238    0.0003    0.0000    0.0004    0.0016    0.8739
    0.0962    0.0002    0.0000    0.0005    0.0012    0.9019
    0.1540    0.0008    0.0000    0.0008    0.0014    0.8430
    0.4056    0.0238    0.0000    0.0022    0.1163    0.4521
    0.0844    0.0010    0.0000    0.0020    0.0029    0.9097
    0.3985    0.3539    0.0000    0.0036    0.1588    0.0853
    0.2144    0.0000    0.0000    0.0006    0.0011    0.7838
    0.3396    0.2420    0.0000    0.0018    0.1078    0.3089
    0.3797    0.0005    0.0000    0.0050    0.0001    0.6147
    0.3754    0.3484    0.0000    0.0029    0.1321    0.1413
    0.1876    0.0101    0.0000    0.0012    0.0005    0.8006
    0.3517    0.1756    0.0000    0.0067    0.1757    0.2903
    0.3692    0.0280    0.0000    0.0041    0.1288    0.4699
    0.1158    0.0003    0.0000    0.0004    0.0012    0.8823
    0.3521    0.3615    0.0000    0.0031    0.1248    0.1584
    0.3093    0.0004    0.0000    0.0019    0.0017    0.6867
    0.3259    0.0001    0.0000    0.0058    0.0099    0.6584
    0.4309    0.0249    0.0000    0.0039    0.1359    0.4044
    0.2670    0.0390    0.0000    0.0011    0.0007    0.6921
    0.4119    0.4168    0.0000    0.0036    0.1598    0.0079
    0.0544    0.0007    0.0000    0.0013    0.0019    0.9418
    0.0087    0.0005    0.0000    0.0033    0.0001    0.9874
    0.1971    0.0004    0.0000    0.0023    0.0040    0.7961
    0.3223    0.4405    0.0000    0.0014    0.0941    0.1417
    0.2656    0.0005    0.0000    0.0032    0.0002    0.7305
    0.4007    0.0000    0.0000    0.0039    0.1193    0.4761
    0.3990    0.0004    0.0000    0.0245    0.0055    0.5706
    0.4194    0.0000    0.0000    0.0177    0.0150    0.5478
    0.2833    0.0002    0.0000    0.0039    0.0000    0.7125
    0.4312    0.0797    0.0000    0.0024    0.1247    0.3620
    0.4111    0.0537    0.0000    0.0033    0.1343    0.3976
    0.4092    0.0116    0.0000    0.0000    0.0378    0.5414
    0.3835    0.0800    0.0000    0.0173    0.1558    0.3634
    0.0365    0.0011    0.0000    0.0039    0.0010    0.9575
    0.4175    0.0001    0.0000    0.0177    0.0116    0.5531
    0.3501    0.3357    0.0000    0.0029    0.1287    0.1826
    0.1639    0.0002    0.0000    0.0007    0.0000    0.8352
    0.3295    0.0005    0.0000    0.0024    0.0012    0.6664
    0.4289    0.3549    0.0000    0.0038    0.1709    0.0415
    0.4039    0.0005    0.0000    0.0054    0.0894    0.5009
    0.3136    0.0155    0.0000    0.0417    0.0001    0.6291
    0.4126    0.0206    0.0000    0.0012    0.0001    0.5655
    0.3888    0.0000    0.0000    0.0042    0.0672    0.5397
    0.4065    0.0739    0.0000    0.0028    0.1335    0.3833
    0.3558    0.0000    0.0000    0.0447    0.0285    0.5710
    0.3090    0.2900    0.0000    0.0029    0.1361    0.2620
    0.3954    0.0049    0.0000    0.0025    0.0218    0.5755
    0.1499    0.0007    0.0000    0.0007    0.0013    0.8474
    0.3845    0.0086    0.0000    0.0107    0.0576    0.5386
    0.3436    0.0003    0.0000    0.0149    0.0011    0.6402
    0.3619    0.0921    0.0000    0.0027    0.1469    0.3964
    0.4037    0.0114    0.0000    0.0006    0.1380    0.4462
    0.3036    0.4340    0.0000    0.0019    0.1271    0.1335
    0.1026    0.0005    0.0000    0.0017    0.0016    0.8936
    0.2795    0.0004    0.0000    0.0008    0.0002    0.7191
    0.3856    0.3111    0.0000    0.0031    0.1420    0.1583
    0.4355    0.0225    0.0000    0.0073    0.1197    0.4149
    0.3911    0.0000    0.0000    0.0005    0.0021    0.6062
    0.4078    0.4164    0.0000    0.0036    0.1476    0.0246
    0.3789    0.4000    0.0000    0.0039    0.1599    0.0573
    0.3522    0.0005    0.0000    0.0040    0.0000    0.6433
    0.3538    0.2689    0.0000    0.0031    0.1123    0.2618
    0.3739    0.4015    0.0000    0.0013    0.0954    0.1280
    0.3794    0.4055    0.0000    0.0007    0.1802    0.0342
    0.3789    0.2831    0.0000    0.0029    0.1270    0.2081
    0.4117    0.3739    0.0000    0.0042    0.1479    0.0622
    0.4584    0.0834    0.0000    0.0032    0.1505    0.3046
    0.3417    0.2436    0.0000    0.0018    0.1020    0.3109
    0.4019    0.0114    0.0000    0.0006    0.1347    0.4513
    0.3431    0.3583    0.0000    0.0041    0.1437    0.1509
    0.2077    0.0140    0.0000    0.0007    0.0000    0.7776
    0.2273    0.0002    0.0000    0.0080    0.0011    0.7635
    0.2089    0.0008    0.0000    0.0022    0.0015    0.7867
    0.1189    0.0003    0.0000    0.0005    0.0010    0.8792
    0.2953    0.0009    0.0000    0.0031    0.0008    0.7000
    0.4367    0.3509    0.0000    0.0031    0.1574    0.0519
    0.4152    0.3639    0.0000    0.0037    0.1633    0.0539
    0.3915    0.1036    0.0000    0.0223    0.1162    0.3665
    0.2714    0.0113    0.0000    0.0012    0.0007    0.7154
    0.1563    0.0129    0.0000    0.0006    0.0000    0.8302
    0.3511    0.1685    0.0000    0.0099    0.1081    0.3625
    0.1598    0.0008    0.0000    0.0008    0.0014    0.8372
    0.3558    0.3275    0.0000    0.0042    0.1690    0.1435
    0.4276    0.1536    0.0000    0.0053    0.1586    0.2549
    0.3772    0.0004    0.0000    0.0042    0.0860    0.5322
    0.1970    0.0005    0.0000    0.0016    0.0015    0.7995
    0.3720    0.0008    0.0000    0.0030    0.0014    0.6229
    0.3801    0.2949    0.0000    0.0046    0.1709    0.1495
    0.0991    0.0008    0.0000    0.0010    0.0029    0.8963
    0.3777    0.0108    0.0000    0.0098    0.0713    0.5303
    0.1493    0.0000    0.0000    0.0006    0.0001    0.8501
    0.3717    0.1131    0.0000    0.0035    0.1241    0.3877
    0.4237    0.0553    0.0000    0.0009    0.1103    0.4098
    0.3548    0.2024    0.0000    0.0052    0.1347    0.3029
    0.4234    0.0077    0.0000    0.0047    0.0255    0.5388
    0.0496    0.0015    0.0000    0.0053    0.0013    0.9422
    0.1894    0.0002    0.0000    0.0004    0.0011    0.8089
    0.3264    0.2779    0.0000    0.0051    0.1644    0.2262
    0.4101    0.0288    0.0000    0.0043    0.1320    0.4248
    0.1979    0.0005    0.0000    0.0010    0.0015    0.7991
    0.3345    0.2353    0.0000    0.0022    0.1548    0.2733
    0.3514    0.4199    0.0000    0.0008    0.0992    0.1287
    0.3971    0.0113    0.0000    0.0258    0.0253    0.5405
    0.3855    0.3951    0.0000    0.0020    0.1481    0.0693
    0.3871    0.0229    0.0000    0.0011    0.0021    0.5869
    0.3840    0.3943    0.0000    0.0034    0.1685    0.0498
    0.3885    0.0178    0.0000    0.0034    0.0005    0.5899
    0.3450    0.0008    0.0000    0.0019    0.0012    0.6512
    0.1836    0.0004    0.0000    0.0059    0.0004    0.8098
    0.4096    0.3927    0.0000    0.0034    0.1506    0.0438
    0.3974    0.0635    0.0000    0.0248    0.1299    0.3844
    0.2641    0.0008    0.0000    0.0005    0.0010    0.7336
    0.3747    0.0643    0.0000    0.0019    0.1163    0.4428
    0.4162    0.1016    0.0000    0.0024    0.1525    0.3273
    0.3591    0.0000    0.0000    0.0108    0.0780    0.5521
    0.3398    0.2335    0.0000    0.0019    0.1536    0.2712
    0.3643    0.2823    0.0000    0.0196    0.1152    0.2186
    0.3250    0.0002    0.0000    0.0118    0.0045    0.6585
    0.0102    0.0007    0.0000    0.0039    0.0001    0.9852
    0.0219    0.0011    0.0000    0.0053    0.0001    0.9716
    0.2625    0.0003    0.0000    0.0008    0.0013    0.7351
    0.3626    0.0019    0.0000    0.0144    0.0063    0.6149
    0.4157    0.1821    0.0000    0.0029    0.1262    0.2732
    0.2988    0.4496    0.0000    0.0014    0.1068    0.1434
    0.3818    0.0110    0.0000    0.0099    0.0720    0.5252

 Output data matrix of Pareto front of final Gaussian process model:
        f1        f2        f3
 -297.1948   -2.3910-62596.9108
 -547.2371   -1.3965-99589.1628
 -288.5177   -2.7463-64592.9325
 -288.5177   -2.7463-64592.9325
 -641.2768   -1.0002-89744.3811
 -391.8755   -2.0037-80244.5684
 -553.3331   -1.4469-93938.0204
 -488.4157   -1.8005-97115.0471
 -356.5364   -2.0951-72646.1996
 -543.7208   -1.5068-95741.9397
 -327.7669   -2.1868-66948.0534
 -325.3523   -2.1960-66648.9340
 -418.1951   -1.9567-85512.9024
 -361.5854   -2.0831-73698.2980
 -290.7278   -2.5493-63202.3476
 -372.9470   -2.0477-76446.9265
 -314.2165   -2.2514-64751.7322
 -359.2949   -2.0875-73260.1763
 -384.5860   -2.0238-78759.8276
 -493.0537   -1.7787-97562.7230
 -365.1840   -2.0704-74630.5863
 -476.8500   -1.8368-95327.3075
 -358.9701   -2.0749-73983.3621
 -349.6819   -2.1146-71322.8485
 -421.4421   -1.9503-86019.0795
 -511.4127   -1.6857-97941.6811
 -292.3594   -2.4846-62898.5459
 -289.1395   -2.6380-63765.3923
 -388.1569   -2.0125-79655.0646
 -473.3093   -1.8488-95313.7178
 -289.7971   -2.5870-63478.6619
 -366.6946   -2.0688-74831.1066
 -369.4176   -2.0617-75402.1337
 -485.4852   -1.8108-96510.1081
 -340.0041   -2.1442-69232.1717
 -541.1005   -1.4920-99318.8928
 -399.4062   -1.9860-82195.1085
 -309.5560   -2.2816-64156.6635
 -622.3955   -1.1910-91006.2032
 -559.2568   -1.3896-99125.9241
 -638.8825   -1.0259-90145.6586
 -330.1490   -2.1781-67443.6069
 -347.0953   -2.1241-70628.1446
 -375.5719   -2.0408-77027.2527
 -397.6361   -1.9910-81725.1353
 -589.1952   -1.3068-88532.7117
 -296.0355   -2.4239-62960.2630
 -402.0348   -1.9840-82502.6882
 -323.4311   -2.2062-66178.5430
 -303.1283   -2.3330-63369.7564
 -481.2780   -1.8260-96056.1920
 -386.3541   -2.0185-79124.3615
 -617.7159   -1.2154-92461.2043
 -428.4506   -1.9424-87040.1575
 -354.9788   -2.1019-72294.0607
 -288.8272   -2.6658-63949.4726
 -500.9981   -1.7410-98095.0659
 -311.7677   -2.2691-64591.7282
 -294.9982   -2.4456-63081.2031
 -411.1723   -1.9680-84227.7885
 -396.6994   -1.9955-81365.0222
 -620.2419   -1.1832-92998.0537
 -562.8929   -1.4033-94865.3776
 -607.1011   -1.2346-93861.3814
 -349.0660   -2.1189-71042.3331
 -591.7833   -1.2965-90845.2714
 -415.7233   -1.9596-85184.0209
 -521.2530   -1.6273-98526.2846
 -393.8660   -2.0016-80728.2421
