
 TSEMO log file created on 26-Feb-2020 

 This file shows the initial specifications of TSEMO and logs the output.
 ¯¯¯¯¯¯¯¯¯¯¯¯¯¯¯¯¯¯¯¯¯¯¯¯¯¯¯¯¯¯¯¯¯¯¯¯¯¯¯¯¯¯¯¯¯¯¯¯¯¯¯¯¯¯¯¯¯¯¯¯¯¯¯¯¯¯¯¯¯¯¯¯¯¯¯¯¯¯¯¯¯¯¯¯¯¯¯¯¯¯¯¯¯¯¯¯¯¯¯¯¯¯
 License information 

 BSD 2-Clause License 

 Copyright (c) 2017, Eric Bradford, Artur M. Schweidtmann and Alexei Lapkin
 All rights reserved. 

 Redistribution and use in source and binary forms, with or without
 modification, are permitted provided that the following conditions are met: 

 *Redistributions of source code must retain the above copyright notice, this   
  list of conditions and the following disclaimer. 

 *Redistributions in binary form must reproduce the above copyright notice,   
  this list of conditions and the following disclaimer in the documentation   
  and/or other materials provided with the distribution. 

 Modified by Mina Konakovic Lukovic 2019. 

 ¯¯¯¯¯¯¯¯¯¯¯¯¯¯¯¯¯¯¯¯¯¯¯¯¯¯¯¯¯¯¯¯¯¯¯¯¯¯¯¯¯¯¯¯¯¯¯¯¯¯¯¯¯¯¯¯¯¯¯¯¯¯¯¯¯¯¯¯¯¯¯¯¯¯¯¯¯¯¯¯¯¯¯¯¯¯¯¯¯¯¯¯¯¯¯¯¯¯¯¯¯¯
 Problem specifications 

 Function used:   consta 

 Number of inputs:   6
 Number of outputs:  3 

 Lower bounds of decision variables:
      x1      x2      x3      x4      x5      x6
  0.0000  0.0000  0.0000  0.0000  0.0000  0.0000
 
 Upper bounds of decision variables:
      x1      x2      x3      x4      x5      x6
  1.0000  1.0000  0.5000  1.0000  1.0000  1.0000
 ¯¯¯¯¯¯¯¯¯¯¯¯¯¯¯¯¯¯¯¯¯¯¯¯¯¯¯¯¯¯¯¯¯¯¯¯¯¯¯¯¯¯¯¯¯¯¯¯¯¯¯¯¯¯¯¯¯¯¯¯¯¯¯¯¯¯¯¯¯¯¯¯¯¯¯¯¯¯¯¯¯¯¯¯¯¯¯¯¯¯¯¯¯¯¯¯¯¯¯¯¯¯
 Algorithm options 

 Maximum number of function evaluations:  4
 Sample batch size:                       4
 Number of algorithm iterations:          1 

 Genetic algorithm population size:        200
 Genetic algorithm number of generations:  200 

                                               f1      f2      f3
 Number of spectral sampling points:         4000    4000    4000
 Type of matern function:                       5       5       5
 Direct evaluations per input dimension:      200     200     200
 ¯¯¯¯¯¯¯¯¯¯¯¯¯¯¯¯¯¯¯¯¯¯¯¯¯¯¯¯¯¯¯¯¯¯¯¯¯¯¯¯¯¯¯¯¯¯¯¯¯¯¯¯¯¯¯¯¯¯¯¯¯¯¯¯¯¯¯¯¯¯¯¯¯¯¯¯¯¯¯¯¯¯¯¯¯¯¯¯¯¯¯¯¯¯¯¯¯¯¯¯¯¯
 Initial data set 

 Number of initial data points:  119 

 Initial input data matrix:
      x1      x2      x3      x4      x5      x6
  0.3200  0.1300  0.0500  0.2100  0.0400  0.2500
  0.0000  0.1800  0.2100  0.2800  0.2000  0.1300
  0.0000  0.0200  0.3800  0.0400  0.2900  0.2700
  0.1900  0.3000  0.1000  0.0600  0.0700  0.2800
  0.0800  0.1600  0.1400  0.0400  0.1900  0.3900
  0.3400  0.0600  0.2300  0.1600  0.1900  0.0200
  0.1400  0.1000  0.0700  0.2000  0.2700  0.2200
  0.0700  0.0700  0.3200  0.2100  0.0300  0.3000
  0.0200  0.0100  0.2700  0.1300  0.4900  0.0800
  0.0900  0.3200  0.0300  0.1300  0.3700  0.0600
  0.0800  0.2100  0.0200  0.0000  0.6100  0.0800
  0.0900  0.3200  0.0400  0.2100  0.1700  0.1700
  0.1400  0.3000  0.0700  0.1000  0.2500  0.1400
  0.0400  0.1700  0.0700  0.2200  0.2400  0.2600
  0.1700  0.1500  0.2800  0.2900  0.0000  0.1100
  0.1000  0.1400  0.1400  0.2600  0.2700  0.0900
  1.0000  0.0000  0.0000  0.0000  0.0000  0.0000
  0.0000  1.0000  0.0000  0.0000  0.0000  0.0000
  0.0000  0.0000  0.0000  1.0000  0.0000  0.0000
  0.6000  0.4000  0.0000  0.0000  0.0000  0.0000
  0.5500  0.4500  0.0000  0.0000  0.0000  0.0000
  0.5000  0.5000  0.0000  0.0000  0.0000  0.0000
  0.4500  0.5500  0.0000  0.0000  0.0000  0.0000
  0.4000  0.6000  0.0000  0.0000  0.0000  0.0000
  0.2700  0.4400  0.0900  0.0400  0.0800  0.0800
  0.0400  0.1900  0.3600  0.2000  0.1200  0.0900
  0.0000  0.5900  0.0000  0.0800  0.0800  0.2500
  0.0000  0.3900  0.1300  0.0700  0.0300  0.3800
  0.0100  0.5100  0.0000  0.1000  0.0200  0.3600
  0.0100  0.6200  0.0100  0.0300  0.1000  0.2300
  0.0600  0.3000  0.4100  0.0100  0.0100  0.2100
  0.0800  0.3200  0.5000  0.0700  0.0200  0.0100
  0.1500  0.2800  0.2500  0.0100  0.0600  0.2500
  0.0000  0.0000  0.0000  0.0000  0.0000  1.0000
  0.0000  0.0000  0.0000  0.0000  1.0000  0.0000
  0.0200  0.1100  0.0000  0.5000  0.0300  0.3400
  0.0100  0.1900  0.0000  0.0000  0.0000  0.8000
  0.0100  0.3900  0.0000  0.0200  0.0100  0.5700
  0.1800  0.1200  0.0000  0.3600  0.0000  0.3400
  0.0100  0.0000  0.1300  0.2500  0.0000  0.6100
  0.3200  0.0000  0.1200  0.0100  0.0000  0.5500
  0.0100  0.1500  0.1000  0.2100  0.0000  0.5300
  0.0100  0.0000  0.1500  0.2500  0.0000  0.5900
  0.1500  0.4500  0.0400  0.0300  0.0100  0.3200
  0.0500  0.3200  0.0000  0.5700  0.0600  0.0000
  0.3100  0.5200  0.0000  0.0800  0.0200  0.0700
  0.1500  0.0400  0.1300  0.6700  0.0100  0.0000
  0.0000  0.2100  0.2000  0.5800  0.0100  0.0000
  0.0000  0.0100  0.2800  0.6700  0.0100  0.0300
  0.0100  0.2800  0.1100  0.4600  0.1100  0.0300
  0.4900  0.0600  0.0000  0.1400  0.0200  0.2900
  0.1400  0.0000  0.0700  0.0100  0.0100  0.7700
  0.0300  0.5800  0.1800  0.0400  0.1000  0.0700
  0.0000  0.3100  0.0100  0.0200  0.1500  0.5100
  0.2500  0.0100  0.0100  0.0400  0.1300  0.5600
  0.2900  0.4500  0.0600  0.0800  0.1200  0.0000
  0.0200  0.0100  0.1600  0.0100  0.5000  0.3000
  0.0200  0.2400  0.0000  0.0300  0.2600  0.4500
  0.0000  0.0100  0.0000  0.0100  0.2700  0.7100
  0.0900  0.0200  0.0000  0.0600  0.4000  0.4300
  0.0000  0.1600  0.0000  0.0000  0.2500  0.5900
  0.3200  0.0900  0.0200  0.0100  0.0100  0.5500
  0.0000  0.0800  0.1300  0.0000  0.1100  0.6800
  0.3900  0.0100  0.0300  0.0000  0.0000  0.5700
  0.2600  0.1800  0.0200  0.0100  0.0100  0.5200
  0.2000  0.1600  0.0000  0.0000  0.0000  0.6400
  0.5100  0.3100  0.0700  0.0100  0.0100  0.0900
  0.1400  0.1700  0.0200  0.0000  0.0000  0.6700
  0.0000  0.0300  0.0200  0.2100  0.3200  0.4200
  0.5700  0.0000  0.1100  0.0100  0.1000  0.2100
  0.5100  0.2500  0.1000  0.0200  0.1200  0.0000
  0.5100  0.0100  0.0700  0.0200  0.1100  0.2800
  0.0000  0.0000  0.0000  0.0200  0.0000  0.9800
  0.6000  0.0000  0.0300  0.0000  0.0200  0.3500
  0.3400  0.0000  0.1100  0.0100  0.0600  0.4800
  0.4400  0.1100  0.1100  0.0000  0.0600  0.2800
  0.6600  0.0000  0.0800  0.0000  0.0000  0.2600
  0.3700  0.4700  0.1000  0.0000  0.0600  0.0000
  0.4400  0.3000  0.0900  0.0400  0.1300  0.0000
  0.2700  0.6100  0.1200  0.0000  0.0000  0.0000
  0.0100  0.0000  0.0000  0.0200  0.0800  0.8900
  0.2100  0.1100  0.0600  0.0000  0.1400  0.4800
  0.5200  0.0100  0.0100  0.0000  0.0000  0.4600
  0.0000  0.3800  0.0100  0.0000  0.0000  0.6100
  0.0000  0.3100  0.0100  0.0000  0.0000  0.6800
  0.3200  0.3400  0.0200  0.0000  0.0100  0.3100
  0.0100  0.4100  0.0000  0.0000  0.0100  0.5700
  0.0000  0.4100  0.0000  0.1300  0.0000  0.4600
  0.0000  0.1800  0.0000  0.2600  0.0100  0.5500
  0.0400  0.4500  0.0000  0.0700  0.0100  0.4300
  0.0000  0.2500  0.0000  0.2500  0.0000  0.5000
  0.3600  0.2000  0.0200  0.0800  0.0000  0.3400
  0.2100  0.0000  0.0000  0.3300  0.0100  0.4500
  0.2500  0.0000  0.0000  0.3100  0.0100  0.4300
  0.1900  0.0000  0.0000  0.3200  0.0100  0.4800
  0.0000  0.6300  0.1000  0.0000  0.0000  0.2700
  0.0000  0.6600  0.0900  0.0000  0.0000  0.2500
  0.0000  0.3300  0.1100  0.0100  0.0000  0.5500
  0.0000  0.6800  0.0900  0.0000  0.0100  0.2200
  0.3500  0.0000  0.0000  0.0100  0.0000  0.6400
  0.0100  0.0000  0.0000  0.3600  0.0000  0.6300
  0.4800  0.0000  0.0100  0.0000  0.1200  0.3900
  0.3900  0.0000  0.0000  0.0200  0.0100  0.5800
  0.4000  0.1700  0.0000  0.0000  0.1200  0.3100
  0.4400  0.2700  0.0000  0.0000  0.1700  0.1200
  0.3400  0.1400  0.0000  0.0000  0.1300  0.3900
  0.3300  0.1200  0.0000  0.0000  0.1300  0.4200
  0.3900  0.0000  0.0000  0.0000  0.2200  0.3900
  0.3900  0.3100  0.0000  0.0000  0.2200  0.0800
  0.4100  0.0000  0.0000  0.0000  0.2500  0.3400
  0.3500  0.0000  0.0000  0.0000  0.2000  0.4500
  0.3300  0.0000  0.0000  0.0000  0.2100  0.4600
  0.3100  0.0000  0.0000  0.0000  0.2000  0.4900
  0.3500  0.0000  0.0000  0.0000  0.2100  0.4400
  0.2000  0.0000  0.0000  0.0000  0.0100  0.7900
  0.5000  0.0000  0.0000  0.0000  0.3000  0.2000
  0.5300  0.0600  0.0000  0.0000  0.3200  0.0900
  0.5300  0.0000  0.0000  0.0000  0.3300  0.1400
  0.4200  0.0000  0.0000  0.0000  0.2700  0.3100

 Initial output data matrix:
      f1      f2      f3
-477.3645 -1.2974-78049.1925
-454.7535 -1.3662-68112.8155
-279.9044 -2.1133-51731.0693
-469.5247 -1.7578-77876.9026
-440.0426 -1.9634-76654.9118
-365.6047 -1.2303-62118.0243
-410.9856 -1.1190-66049.6554
-136.1656 -0.8962-22268.5639
-369.0088 -1.3142-61644.3643
-533.9811 -0.8968-68784.7611
-442.6768 -0.7257-59416.2131
-507.4257 -0.9822-66650.9629
-443.6008 -1.1184-65323.0907
-489.5899 -1.3294-72483.9913
-359.3333 -1.7335-60280.1487
-485.2462 -0.8865-66192.4108
-228.9585 -0.7284-49588.2084
-435.6576 -1.1748-60782.1527
-368.0328 -0.0378-29839.9581
-558.3333 -1.0147-72324.3305
-545.1107 -1.0090-76481.1353
-595.9865 -1.0313-80252.0073
-577.5167 -1.0272-78299.5278
-603.0115 -1.0486-79494.8772
-536.4679 -1.3385-83057.1828
-380.6202 -1.5761-63939.3838
-487.9964 -1.6929-74452.7693
-492.2164 -2.0354-77476.1977
-483.0457 -1.7036-74331.8675
-461.0062 -1.5331-68683.9650
-428.6732 -1.9582-73565.0149
-420.3458 -1.7501-70958.0370
-185.7397 -1.9998-39188.2443
-307.5914 -2.9333-68673.8814
-248.0791 -0.3369-41639.4837
-330.4220 -1.6093-58954.7196
-261.1897 -2.5356-54113.5267
-374.3907 -2.1313-72005.0906
-442.1932 -1.6426-73645.0393
-325.5454 -2.2577-65492.6760
-407.4563 -1.7142-79298.8675
-280.7768 -2.0890-55835.4428
-345.4445 -2.2639-66935.4850
-337.8766 -1.7123-65225.4544
-380.5099 -0.6146-47362.4095
-423.7886 -1.3121-68132.9194
-412.9137 -0.7221-59055.9302
-389.7163 -1.2975-60315.7332
-243.9299 -1.5816-43427.1956
-418.8166 -1.1219-61444.5239
-463.1094 -1.4660-81856.9346
-260.4919 -1.9421-59060.6871
-461.1271 -1.5697-75813.0466
-434.9195 -1.9723-80545.7853
-411.2741 -1.7072-85333.3874
-593.8157 -1.0758-82484.6477
-331.6431 -1.2261-62332.4475
-461.8788 -1.5726-80820.6379
-386.3988 -1.9098-76223.9832
-458.6168 -1.3865-78606.8274
-386.1546 -1.7969-73308.3934
-420.6757 -1.8963-83069.8760
-256.3444 -2.2542-53258.3199
-343.7864 -1.8975-72697.8828
-317.0968 -1.9236-66141.3310
-405.5608 -1.9380-81223.2023
-579.2708 -1.0437-87100.5169
-297.2664 -2.2664-61771.9743
-230.0024 -1.7750-53153.7094
-296.3126 -0.8946-60049.3899
-625.1337 -1.1253-94708.7918
-559.4404 -1.5604-98460.5528
-350.2734 -2.6724-74202.1381
-483.8073 -1.5770-91455.1658
-333.6048 -1.8340-67470.0844
-401.3639 -1.5176-75081.6898
-339.8147 -1.1731-68370.6235
-619.8270 -1.3159-92324.8900
-456.6095 -1.0320-73399.8497
-527.1160 -1.2052-80673.3135
-182.0132 -2.1459-33836.3245
-299.4935 -1.9115-62779.5207
-342.4831 -1.8084-73190.6083
-292.5484 -2.1003-64376.6034
-284.1961 -2.0337-60695.8700
-418.6794 -1.5121-75788.0791
-272.5130 -1.9527-60034.6655
-324.9663 -1.9969-65021.8788
-361.4059 -2.0913-69395.5054
-310.1195 -1.9192-61302.0228
-321.0298 -2.0199-62665.9535
-408.2643 -1.5818-76317.7672
-398.2560 -1.9114-74552.8783
-437.9660 -1.8110-79745.2693
-402.9772 -1.8842-75747.1961
-367.7646 -1.7661-65605.9795
-392.9406 -1.8913-69484.2021
-317.1051 -2.1952-63761.7220
-355.6015 -1.8014-64450.3268
-438.2688 -2.1205-87348.6010
-334.7339 -2.0407-65124.3183
-514.0293 -1.5443-93643.6527
-526.1093 -1.9176-98663.7705
-555.0826 -1.4101-91162.3449
-653.9760 -1.1215-96005.8355
-613.3157 -1.3545-102903.8092
-574.5688 -1.4762-99854.6710
-596.1996 -1.5851-97568.0584
-673.8733 -1.3085-96609.9429
-570.9253 -1.5720-97057.6408
-453.6160 -1.8559-85374.7271
-512.3685 -1.7799-93175.9066
-384.8236 -1.8510-77997.5467
-536.0149 -1.7113-96497.9814
-289.9712 -1.9717-66399.4183
-596.7186 -0.9982-92484.7776
-390.5278 -0.8869-64360.6166
-429.9865 -0.7968-68899.7837
-397.0291 -1.0850-76450.3138

 ¯¯¯¯¯¯¯¯¯¯¯¯¯¯¯¯¯¯¯¯¯¯¯¯¯¯¯¯¯¯¯¯¯¯¯¯¯¯¯¯¯¯¯¯¯¯¯¯¯¯¯¯¯¯¯¯¯¯¯¯¯¯¯¯¯¯¯¯¯¯¯¯¯¯¯¯¯¯¯¯¯¯¯¯¯¯¯¯¯¯¯¯¯¯¯¯¯¯¯¯¯¯
 Algorithm iteration 1 

 Predicted hypervolume improvement:    0.0559
 Time taken:   42.7082 

 Proposed evaluation point(s): 
      x1      x2      x3      x4      x5      x6
  0.2800  0.0000  0.0000  0.0000  0.0000  0.7200
  0.2600  0.0000  0.0000  0.0100  0.0000  0.7300
  0.2800  0.0000  0.0000  0.0000  0.0000  0.7200
  0.2900  0.0000  0.0000  0.0000  0.0000  0.7100

 Corresponding observation(s): 
      f1      f2      f3
-355.0380 -2.1668-78924.3522
-345.7654 -2.1895-77746.2162
-355.0380 -2.1668-78924.3522
-361.0570 -2.1453-79648.3294

 ¯¯¯¯¯¯¯¯¯¯¯¯¯¯¯¯¯¯¯¯¯¯¯¯¯¯¯¯¯¯¯¯¯¯¯¯¯¯¯¯¯¯¯¯¯¯¯¯¯¯¯¯¯¯¯¯¯¯¯¯¯¯¯¯¯¯¯¯¯¯¯¯¯¯¯¯¯¯¯¯¯¯¯¯¯¯¯¯¯¯¯¯¯¯¯¯¯¯¯¯¯¯
 Final algorithm output 

 Final input data matrix:
        x1        x2        x3        x4        x5        x6
    0.3200    0.1300    0.0500    0.2100    0.0400    0.2500
    0.0000    0.1800    0.2100    0.2800    0.2000    0.1300
    0.0000    0.0200    0.3800    0.0400    0.2900    0.2700
    0.1900    0.3000    0.1000    0.0600    0.0700    0.2800
    0.0800    0.1600    0.1400    0.0400    0.1900    0.3900
    0.3400    0.0600    0.2300    0.1600    0.1900    0.0200
    0.1400    0.1000    0.0700    0.2000    0.2700    0.2200
    0.0700    0.0700    0.3200    0.2100    0.0300    0.3000
    0.0200    0.0100    0.2700    0.1300    0.4900    0.0800
    0.0900    0.3200    0.0300    0.1300    0.3700    0.0600
    0.0800    0.2100    0.0200    0.0000    0.6100    0.0800
    0.0900    0.3200    0.0400    0.2100    0.1700    0.1700
    0.1400    0.3000    0.0700    0.1000    0.2500    0.1400
    0.0400    0.1700    0.0700    0.2200    0.2400    0.2600
    0.1700    0.1500    0.2800    0.2900    0.0000    0.1100
    0.1000    0.1400    0.1400    0.2600    0.2700    0.0900
    1.0000    0.0000    0.0000    0.0000    0.0000    0.0000
    0.0000    1.0000    0.0000    0.0000    0.0000    0.0000
    0.0000    0.0000    0.0000    1.0000    0.0000    0.0000
    0.6000    0.4000    0.0000    0.0000    0.0000    0.0000
    0.5500    0.4500    0.0000    0.0000    0.0000    0.0000
    0.5000    0.5000    0.0000    0.0000    0.0000    0.0000
    0.4500    0.5500    0.0000    0.0000    0.0000    0.0000
    0.4000    0.6000    0.0000    0.0000    0.0000    0.0000
    0.2700    0.4400    0.0900    0.0400    0.0800    0.0800
    0.0400    0.1900    0.3600    0.2000    0.1200    0.0900
    0.0000    0.5900    0.0000    0.0800    0.0800    0.2500
    0.0000    0.3900    0.1300    0.0700    0.0300    0.3800
    0.0100    0.5100    0.0000    0.1000    0.0200    0.3600
    0.0100    0.6200    0.0100    0.0300    0.1000    0.2300
    0.0600    0.3000    0.4100    0.0100    0.0100    0.2100
    0.0800    0.3200    0.5000    0.0700    0.0200    0.0100
    0.1500    0.2800    0.2500    0.0100    0.0600    0.2500
    0.0000    0.0000    0.0000    0.0000    0.0000    1.0000
    0.0000    0.0000    0.0000    0.0000    1.0000    0.0000
    0.0200    0.1100    0.0000    0.5000    0.0300    0.3400
    0.0100    0.1900    0.0000    0.0000    0.0000    0.8000
    0.0100    0.3900    0.0000    0.0200    0.0100    0.5700
    0.1800    0.1200    0.0000    0.3600    0.0000    0.3400
    0.0100    0.0000    0.1300    0.2500    0.0000    0.6100
    0.3200    0.0000    0.1200    0.0100    0.0000    0.5500
    0.0100    0.1500    0.1000    0.2100    0.0000    0.5300
    0.0100    0.0000    0.1500    0.2500    0.0000    0.5900
    0.1500    0.4500    0.0400    0.0300    0.0100    0.3200
    0.0500    0.3200    0.0000    0.5700    0.0600    0.0000
    0.3100    0.5200    0.0000    0.0800    0.0200    0.0700
    0.1500    0.0400    0.1300    0.6700    0.0100    0.0000
    0.0000    0.2100    0.2000    0.5800    0.0100    0.0000
    0.0000    0.0100    0.2800    0.6700    0.0100    0.0300
    0.0100    0.2800    0.1100    0.4600    0.1100    0.0300
    0.4900    0.0600    0.0000    0.1400    0.0200    0.2900
    0.1400    0.0000    0.0700    0.0100    0.0100    0.7700
    0.0300    0.5800    0.1800    0.0400    0.1000    0.0700
    0.0000    0.3100    0.0100    0.0200    0.1500    0.5100
    0.2500    0.0100    0.0100    0.0400    0.1300    0.5600
    0.2900    0.4500    0.0600    0.0800    0.1200    0.0000
    0.0200    0.0100    0.1600    0.0100    0.5000    0.3000
    0.0200    0.2400    0.0000    0.0300    0.2600    0.4500
    0.0000    0.0100    0.0000    0.0100    0.2700    0.7100
    0.0900    0.0200    0.0000    0.0600    0.4000    0.4300
    0.0000    0.1600    0.0000    0.0000    0.2500    0.5900
    0.3200    0.0900    0.0200    0.0100    0.0100    0.5500
    0.0000    0.0800    0.1300    0.0000    0.1100    0.6800
    0.3900    0.0100    0.0300    0.0000    0.0000    0.5700
    0.2600    0.1800    0.0200    0.0100    0.0100    0.5200
    0.2000    0.1600    0.0000    0.0000    0.0000    0.6400
    0.5100    0.3100    0.0700    0.0100    0.0100    0.0900
    0.1400    0.1700    0.0200    0.0000    0.0000    0.6700
    0.0000    0.0300    0.0200    0.2100    0.3200    0.4200
    0.5700    0.0000    0.1100    0.0100    0.1000    0.2100
    0.5100    0.2500    0.1000    0.0200    0.1200    0.0000
    0.5100    0.0100    0.0700    0.0200    0.1100    0.2800
    0.0000    0.0000    0.0000    0.0200    0.0000    0.9800
    0.6000    0.0000    0.0300    0.0000    0.0200    0.3500
    0.3400    0.0000    0.1100    0.0100    0.0600    0.4800
    0.4400    0.1100    0.1100    0.0000    0.0600    0.2800
    0.6600    0.0000    0.0800    0.0000    0.0000    0.2600
    0.3700    0.4700    0.1000    0.0000    0.0600    0.0000
    0.4400    0.3000    0.0900    0.0400    0.1300    0.0000
    0.2700    0.6100    0.1200    0.0000    0.0000    0.0000
    0.0100    0.0000    0.0000    0.0200    0.0800    0.8900
    0.2100    0.1100    0.0600    0.0000    0.1400    0.4800
    0.5200    0.0100    0.0100    0.0000    0.0000    0.4600
    0.0000    0.3800    0.0100    0.0000    0.0000    0.6100
    0.0000    0.3100    0.0100    0.0000    0.0000    0.6800
    0.3200    0.3400    0.0200    0.0000    0.0100    0.3100
    0.0100    0.4100    0.0000    0.0000    0.0100    0.5700
    0.0000    0.4100    0.0000    0.1300    0.0000    0.4600
    0.0000    0.1800    0.0000    0.2600    0.0100    0.5500
    0.0400    0.4500    0.0000    0.0700    0.0100    0.4300
    0.0000    0.2500    0.0000    0.2500    0.0000    0.5000
    0.3600    0.2000    0.0200    0.0800    0.0000    0.3400
    0.2100    0.0000    0.0000    0.3300    0.0100    0.4500
    0.2500    0.0000    0.0000    0.3100    0.0100    0.4300
    0.1900    0.0000    0.0000    0.3200    0.0100    0.4800
    0.0000    0.6300    0.1000    0.0000    0.0000    0.2700
    0.0000    0.6600    0.0900    0.0000    0.0000    0.2500
    0.0000    0.3300    0.1100    0.0100    0.0000    0.5500
    0.0000    0.6800    0.0900    0.0000    0.0100    0.2200
    0.3500    0.0000    0.0000    0.0100    0.0000    0.6400
    0.0100    0.0000    0.0000    0.3600    0.0000    0.6300
    0.4800    0.0000    0.0100    0.0000    0.1200    0.3900
    0.3900    0.0000    0.0000    0.0200    0.0100    0.5800
    0.4000    0.1700    0.0000    0.0000    0.1200    0.3100
    0.4400    0.2700    0.0000    0.0000    0.1700    0.1200
    0.3400    0.1400    0.0000    0.0000    0.1300    0.3900
    0.3300    0.1200    0.0000    0.0000    0.1300    0.4200
    0.3900    0.0000    0.0000    0.0000    0.2200    0.3900
    0.3900    0.3100    0.0000    0.0000    0.2200    0.0800
    0.4100    0.0000    0.0000    0.0000    0.2500    0.3400
    0.3500    0.0000    0.0000    0.0000    0.2000    0.4500
    0.3300    0.0000    0.0000    0.0000    0.2100    0.4600
    0.3100    0.0000    0.0000    0.0000    0.2000    0.4900
    0.3500    0.0000    0.0000    0.0000    0.2100    0.4400
    0.2000    0.0000    0.0000    0.0000    0.0100    0.7900
    0.5000    0.0000    0.0000    0.0000    0.3000    0.2000
    0.5300    0.0600    0.0000    0.0000    0.3200    0.0900
    0.5300    0.0000    0.0000    0.0000    0.3300    0.1400
    0.4200    0.0000    0.0000    0.0000    0.2700    0.3100
    0.2800    0.0000    0.0000    0.0000    0.0000    0.7200
    0.2600    0.0000    0.0000    0.0100    0.0000    0.7300
    0.2800    0.0000    0.0000    0.0000    0.0000    0.7200
    0.2900    0.0000    0.0000    0.0000    0.0000    0.7100

 Final output data matrix:
        f1        f2        f3
 -477.3645   -1.2974-78049.1925
 -454.7535   -1.3662-68112.8155
 -279.9044   -2.1133-51731.0693
 -469.5247   -1.7578-77876.9026
 -440.0426   -1.9634-76654.9118
 -365.6047   -1.2303-62118.0243
 -410.9856   -1.1190-66049.6554
 -136.1656   -0.8962-22268.5639
 -369.0088   -1.3142-61644.3643
 -533.9811   -0.8968-68784.7611
 -442.6768   -0.7257-59416.2131
 -507.4257   -0.9822-66650.9629
 -443.6008   -1.1184-65323.0907
 -489.5899   -1.3294-72483.9913
 -359.3333   -1.7335-60280.1487
 -485.2462   -0.8865-66192.4108
 -228.9585   -0.7284-49588.2084
 -435.6576   -1.1748-60782.1527
 -368.0328   -0.0378-29839.9581
 -558.3333   -1.0147-72324.3305
 -545.1107   -1.0090-76481.1353
 -595.9865   -1.0313-80252.0073
 -577.5167   -1.0272-78299.5278
 -603.0115   -1.0486-79494.8772
 -536.4679   -1.3385-83057.1828
 -380.6202   -1.5761-63939.3838
 -487.9964   -1.6929-74452.7693
 -492.2164   -2.0354-77476.1977
 -483.0457   -1.7036-74331.8675
 -461.0062   -1.5331-68683.9650
 -428.6732   -1.9582-73565.0149
 -420.3458   -1.7501-70958.0370
 -185.7397   -1.9998-39188.2443
 -307.5914   -2.9333-68673.8814
 -248.0791   -0.3369-41639.4837
 -330.4220   -1.6093-58954.7196
 -261.1897   -2.5356-54113.5267
 -374.3907   -2.1313-72005.0906
 -442.1932   -1.6426-73645.0393
 -325.5454   -2.2577-65492.6760
 -407.4563   -1.7142-79298.8675
 -280.7768   -2.0890-55835.4428
 -345.4445   -2.2639-66935.4850
 -337.8766   -1.7123-65225.4544
 -380.5099   -0.6146-47362.4095
 -423.7886   -1.3121-68132.9194
 -412.9137   -0.7221-59055.9302
 -389.7163   -1.2975-60315.7332
 -243.9299   -1.5816-43427.1956
 -418.8166   -1.1219-61444.5239
 -463.1094   -1.4660-81856.9346
 -260.4919   -1.9421-59060.6871
 -461.1271   -1.5697-75813.0466
 -434.9195   -1.9723-80545.7853
 -411.2741   -1.7072-85333.3874
 -593.8157   -1.0758-82484.6477
 -331.6431   -1.2261-62332.4475
 -461.8788   -1.5726-80820.6379
 -386.3988   -1.9098-76223.9832
 -458.6168   -1.3865-78606.8274
 -386.1546   -1.7969-73308.3934
 -420.6757   -1.8963-83069.8760
 -256.3444   -2.2542-53258.3199
 -343.7864   -1.8975-72697.8828
 -317.0968   -1.9236-66141.3310
 -405.5608   -1.9380-81223.2023
 -579.2708   -1.0437-87100.5169
 -297.2664   -2.2664-61771.9743
 -230.0024   -1.7750-53153.7094
 -296.3126   -0.8946-60049.3899
 -625.1337   -1.1253-94708.7918
 -559.4404   -1.5604-98460.5528
 -350.2734   -2.6724-74202.1381
 -483.8073   -1.5770-91455.1658
 -333.6048   -1.8340-67470.0844
 -401.3639   -1.5176-75081.6898
 -339.8147   -1.1731-68370.6235
 -619.8270   -1.3159-92324.8900
 -456.6095   -1.0320-73399.8497
 -527.1160   -1.2052-80673.3135
 -182.0132   -2.1459-33836.3245
 -299.4935   -1.9115-62779.5207
 -342.4831   -1.8084-73190.6083
 -292.5484   -2.1003-64376.6034
 -284.1961   -2.0337-60695.8700
 -418.6794   -1.5121-75788.0791
 -272.5130   -1.9527-60034.6655
 -324.9663   -1.9969-65021.8788
 -361.4059   -2.0913-69395.5054
 -310.1195   -1.9192-61302.0228
 -321.0298   -2.0199-62665.9535
 -408.2643   -1.5818-76317.7672
 -398.2560   -1.9114-74552.8783
 -437.9660   -1.8110-79745.2693
 -402.9772   -1.8842-75747.1961
 -367.7646   -1.7661-65605.9795
 -392.9406   -1.8913-69484.2021
 -317.1051   -2.1952-63761.7220
 -355.6015   -1.8014-64450.3268
 -438.2688   -2.1205-87348.6010
 -334.7339   -2.0407-65124.3183
 -514.0293   -1.5443-93643.6527
 -526.1093   -1.9176-98663.7705
 -555.0826   -1.4101-91162.3449
 -653.9760   -1.1215-96005.8355
 -613.3157   -1.3545-102903.8092
 -574.5688   -1.4762-99854.6710
 -596.1996   -1.5851-97568.0584
 -673.8733   -1.3085-96609.9429
 -570.9253   -1.5720-97057.6408
 -453.6160   -1.8559-85374.7271
 -512.3685   -1.7799-93175.9066
 -384.8236   -1.8510-77997.5467
 -536.0149   -1.7113-96497.9814
 -289.9712   -1.9717-66399.4183
 -596.7186   -0.9982-92484.7776
 -390.5278   -0.8869-64360.6166
 -429.9865   -0.7968-68899.7837
 -397.0291   -1.0850-76450.3138
 -355.0380   -2.1668-78924.3522
 -345.7654   -2.1895-77746.2162
 -355.0380   -2.1668-78924.3522
 -361.0570   -2.1453-79648.3294

 Input data matrix of corresponding Pareto front:
        x1        x2        x3        x4        x5        x6
    0.0000    0.3900    0.1300    0.0700    0.0300    0.3800
    0.0000    0.0000    0.0000    0.0000    0.0000    1.0000
    0.0100    0.3900    0.0000    0.0200    0.0100    0.5700
    0.5100    0.0100    0.0700    0.0200    0.1100    0.2800
    0.0000    0.0000    0.0000    0.0200    0.0000    0.9800
    0.3700    0.4700    0.1000    0.0000    0.0600    0.0000
    0.3500    0.0000    0.0000    0.0100    0.0000    0.6400
    0.3900    0.0000    0.0000    0.0200    0.0100    0.5800
    0.3400    0.1400    0.0000    0.0000    0.1300    0.3900
    0.3300    0.1200    0.0000    0.0000    0.1300    0.4200
    0.3900    0.0000    0.0000    0.0000    0.2200    0.3900
    0.3900    0.3100    0.0000    0.0000    0.2200    0.0800
    0.3500    0.0000    0.0000    0.0000    0.2100    0.4400

 Output data matrix of corresponding Pareto front:
        f1        f2        f3
 -492.2164   -2.0354-77476.1977
 -307.5914   -2.9333-68673.8814
 -374.3907   -2.1313-72005.0906
 -559.4404   -1.5604-98460.5528
 -350.2734   -2.6724-74202.1381
 -619.8270   -1.3159-92324.8900
 -438.2688   -2.1205-87348.6010
 -526.1093   -1.9176-98663.7705
 -613.3157   -1.3545-102903.8092
 -574.5688   -1.4762-99854.6710
 -596.1996   -1.5851-97568.0584
 -673.8733   -1.3085-96609.9429
 -536.0149   -1.7113-96497.9814

 Input data matrix of Pareto front of final Gaussian process model:
        x1        x2        x3        x4        x5        x6
    0.0516    0.0000    0.0000    0.0018    0.0001    0.9464
    0.0000    0.0000    0.0000    0.0000    0.0000    1.0000
    0.4136    0.4197    0.0000    0.0006    0.1662    0.0000
    0.4365    0.0665    0.0000    0.0000    0.1413    0.3556
    0.4220    0.4079    0.0000    0.0006    0.1695    0.0000
    0.0000    0.0000    0.0000    0.0000    0.0000    1.0000
    0.2955    0.0058    0.0000    0.0001    0.0000    0.6986
    0.3049    0.0000    0.0000    0.0000    0.0000    0.6950
    0.2568    0.0007    0.0000    0.0000    0.0000    0.7425
    0.2501    0.0000    0.0000    0.0000    0.0001    0.7498
    0.1225    0.0000    0.0000    0.0001    0.0000    0.8774
    0.2609    0.0000    0.0000    0.0002    0.0006    0.7383
    0.3880    0.0000    0.0000    0.0005    0.0000    0.6115
    0.2191    0.0000    0.0000    0.0008    0.0000    0.7800
    0.0869    0.0000    0.0000    0.0000    0.0000    0.9131
    0.3669    0.0000    0.0000    0.0005    0.0000    0.6326
    0.2900    0.0055    0.0000    0.0001    0.0000    0.7044
    0.3098    0.0000    0.0000    0.0018    0.0001    0.6882
    0.2883    0.0000    0.0000    0.0002    0.0000    0.7115
    0.1390    0.0000    0.0000    0.0011    0.0000    0.8599
    0.3733    0.0000    0.0000    0.0004    0.0024    0.6239
    0.4121    0.0176    0.0000    0.0026    0.1380    0.4296
    0.2829    0.0000    0.0000    0.0000    0.0000    0.7171
    0.2241    0.0000    0.0000    0.0006    0.0001    0.7752
    0.1446    0.0000    0.0000    0.0003    0.0000    0.8550
    0.2008    0.0002    0.0000    0.0003    0.0000    0.7987
    0.0973    0.0000    0.0000    0.0000    0.0000    0.9027
    0.3891    0.0004    0.0000    0.0000    0.0805    0.5300
    0.2152    0.0000    0.0000    0.0002    0.0000    0.7845
    0.3903    0.0167    0.0000    0.0011    0.1121    0.4798
    0.2791    0.0014    0.0000    0.0000    0.0000    0.7194
    0.4021    0.0004    0.0000    0.0000    0.0535    0.5440
    0.0289    0.0000    0.0000    0.0000    0.0000    0.9711
    0.3986    0.0000    0.0000    0.0000    0.0002    0.6012
    0.1738    0.0000    0.0000    0.0000    0.0001    0.8260
    0.4007    0.0057    0.0000    0.0009    0.0134    0.5793
    0.3619    0.0000    0.0000    0.0000    0.0000    0.6381
    0.3347    0.0002    0.0000    0.0004    0.0000    0.6647
    0.4151    0.0000    0.0000    0.0000    0.0428    0.5421
    0.4122    0.0000    0.0000    0.0000    0.0916    0.4963
    0.4193    0.0000    0.0000    0.0017    0.0819    0.4971
    0.1042    0.0000    0.0000    0.0000    0.0000    0.8958
    0.0165    0.0000    0.0000    0.0002    0.0000    0.9833
    0.3626    0.3373    0.0000    0.0004    0.1668    0.1330
    0.3813    0.0000    0.0000    0.0000    0.0000    0.6187
    0.4000    0.1990    0.0000    0.0030    0.1306    0.2673
    0.1338    0.0000    0.0000    0.0002    0.0000    0.8660
    0.1870    0.0000    0.0000    0.0055    0.0001    0.8075
    0.4104    0.0277    0.0000    0.0000    0.0986    0.4633
    0.3397    0.3407    0.0000    0.0008    0.1454    0.1734
    0.3411    0.0000    0.0000    0.0002    0.0000    0.6587
    0.3496    0.2242    0.0000    0.0033    0.1100    0.3129
    0.3976    0.1789    0.0000    0.0030    0.1548    0.2657
    0.1146    0.0000    0.0000    0.0000    0.0000    0.8854
    0.3635    0.0338    0.0000    0.0003    0.1125    0.4899
    0.2748    0.0008    0.0000    0.0001    0.0000    0.7243
    0.3977    0.0012    0.0000    0.0000    0.0898    0.5113
    0.0700    0.0000    0.0000    0.0000    0.0000    0.9300
    0.0344    0.0000    0.0000    0.0000    0.0000    0.9656
    0.3932    0.0004    0.0000    0.0000    0.0623    0.5441
    0.4169    0.0000    0.0000    0.0000    0.0026    0.5805
    0.4098    0.3644    0.0000    0.0008    0.1601    0.0650
    0.1771    0.0000    0.0000    0.0000    0.0000    0.8229
    0.3290    0.2795    0.0000    0.0009    0.1207    0.2699
    0.2346    0.0001    0.0000    0.0021    0.0000    0.7632
    0.4117    0.3984    0.0000    0.0006    0.1656    0.0237
    0.4133    0.3984    0.0000    0.0008    0.1577    0.0297
    0.3519    0.2074    0.0000    0.0030    0.1340    0.3037
    0.4287    0.0612    0.0000    0.0004    0.1390    0.3707
    0.4015    0.0356    0.0000    0.0014    0.1415    0.4200
    0.2467    0.0000    0.0000    0.0003    0.0000    0.7530
    0.2435    0.0015    0.0000    0.0003    0.0000    0.7547
    0.2663    0.0000    0.0000    0.0005    0.0000    0.7332
    0.4057    0.3632    0.0000    0.0005    0.1781    0.0525
    0.2066    0.0000    0.0000    0.0000    0.0000    0.7934
    0.3207    0.0000    0.0000    0.0004    0.0000    0.6789
    0.3247    0.0000    0.0000    0.0000    0.0000    0.6753
    0.0097    0.0000    0.0000    0.0000    0.0000    0.9903
    0.4066    0.0006    0.0000    0.0116    0.0401    0.5412
    0.4030    0.0000    0.0000    0.0018    0.0062    0.5890
    0.1492    0.0000    0.0000    0.0006    0.0000    0.8502
    0.1686    0.0009    0.0000    0.0000    0.0000    0.8304
    0.3920    0.2586    0.0000    0.0169    0.1325    0.2000
    0.1092    0.0000    0.0000    0.0000    0.0000    0.8908
    0.3272    0.3281    0.0000    0.0007    0.1400    0.2040
    0.2697    0.0000    0.0000    0.0000    0.0002    0.7300
    0.2404    0.0013    0.0000    0.0000    0.0000    0.7583
    0.3737    0.1195    0.0000    0.0036    0.1336    0.3696
    0.3718    0.3652    0.0000    0.0008    0.1579    0.1042
    0.4081    0.0589    0.0000    0.0004    0.1337    0.3989
    0.4086    0.0638    0.0000    0.0000    0.1336    0.3940
    0.3963    0.0000    0.0000    0.0007    0.0664    0.5366
    0.1849    0.0000    0.0000    0.0000    0.0000    0.8151
    0.3572    0.3423    0.0000    0.0007    0.1422    0.1576
    0.2387    0.0000    0.0000    0.0000    0.0000    0.7613
    0.3148    0.0000    0.0000    0.0006    0.0000    0.6846
    0.0637    0.0000    0.0000    0.0000    0.0000    0.9363
    0.4115    0.3834    0.0000    0.0007    0.1549    0.0495
    0.3967    0.2584    0.0000    0.0000    0.1550    0.1900
    0.3772    0.0944    0.0000    0.0006    0.1203    0.4075
    0.4087    0.4185    0.0000    0.0009    0.1626    0.0093
    0.4073    0.0009    0.0000    0.0000    0.0000    0.5918
    0.3354    0.3729    0.0000    0.0000    0.1311    0.1606
    0.4059    0.0013    0.0000    0.0012    0.0406    0.5510
    0.2326    0.0000    0.0000    0.0000    0.0000    0.7674
    0.3281    0.0002    0.0000    0.0004    0.0000    0.6713
    0.3549    0.2138    0.0000    0.0006    0.1521    0.2786
    0.1920    0.0000    0.0000    0.0000    0.0000    0.8080
    0.3368    0.3020    0.0000    0.0143    0.1353    0.2117
    0.3936    0.2871    0.0000    0.0037    0.1554    0.1601
    0.4589    0.0000    0.0000    0.0004    0.1296    0.4112
    0.3423    0.3501    0.0000    0.0004    0.1234    0.1839
    0.3954    0.3987    0.0000    0.0003    0.1401    0.0654
    0.2263    0.0000    0.0000    0.0029    0.0000    0.7708
    0.4405    0.0952    0.0000    0.0030    0.1485    0.3128
    0.2729    0.0000    0.0000    0.0003    0.0000    0.7268
    0.2120    0.0000    0.0000    0.0000    0.0000    0.7880
    0.0441    0.0000    0.0000    0.0000    0.0000    0.9559
    0.1983    0.0000    0.0000    0.0004    0.0000    0.8013
    0.3748    0.0017    0.0000    0.0242    0.0430    0.5563
    0.4160    0.0735    0.0000    0.0005    0.1253    0.3847
    0.3954    0.4093    0.0000    0.0008    0.1854    0.0091
    0.3817    0.0001    0.0000    0.0020    0.0451    0.5711
    0.3586    0.2133    0.0000    0.0008    0.1409    0.2864
    0.3303    0.3664    0.0000    0.0004    0.1292    0.1737
    0.4395    0.0100    0.0000    0.0065    0.1362    0.4077
    0.3707    0.1782    0.0000    0.0000    0.1091    0.3420
    0.4106    0.1383    0.0000    0.0006    0.1649    0.2857
    0.3314    0.0000    0.0000    0.0006    0.0000    0.6680
    0.3673    0.0017    0.0000    0.0000    0.0441    0.5868
    0.3552    0.0000    0.0000    0.0017    0.0001    0.6430
    0.3440    0.2486    0.0000    0.0000    0.1159    0.2915
    0.3962    0.0137    0.0000    0.0010    0.1266    0.4625
    0.3680    0.3168    0.0000    0.0000    0.1605    0.1547
    0.3937    0.3821    0.0000    0.0039    0.1561    0.0643
    0.3311    0.1882    0.0000    0.0002    0.1598    0.3206
    0.2101    0.0000    0.0000    0.0002    0.0000    0.7897
    0.3990    0.0017    0.0000    0.0000    0.0419    0.5574
    0.3439    0.0000    0.0000    0.0000    0.0000    0.6561
    0.1544    0.0000    0.0000    0.0000    0.0000    0.8456
    0.1154    0.0000    0.0000    0.0015    0.0015    0.8817
    0.3828    0.0004    0.0000    0.0000    0.0938    0.5230
    0.3609    0.3949    0.0000    0.0003    0.1791    0.0648
    0.3173    0.0000    0.0000    0.0000    0.0001    0.6827
    0.3544    0.0000    0.0000    0.0000    0.0000    0.6456
    0.4149    0.0014    0.0000    0.0027    0.1389    0.4422
    0.1307    0.0000    0.0000    0.0000    0.0001    0.8691
    0.4018    0.3742    0.0000    0.0010    0.1429    0.0801
    0.0778    0.0000    0.0000    0.0000    0.0000    0.9222
    0.3938    0.1259    0.0000    0.0038    0.1408    0.3357
    0.4012    0.0599    0.0000    0.0004    0.1328    0.4057
    0.3490    0.0003    0.0000    0.0005    0.0000    0.6503
    0.3315    0.2675    0.0000    0.0005    0.1606    0.2398
    0.1642    0.0000    0.0000    0.0000    0.0000    0.8358
    0.3782    0.3267    0.0000    0.0000    0.1510    0.1441
    0.0565    0.0000    0.0000    0.0000    0.0002    0.9433
    0.3668    0.0584    0.0000    0.0000    0.1302    0.4445
    0.3385    0.2520    0.0000    0.0009    0.1309    0.2777
    0.3394    0.1850    0.0000    0.0022    0.1151    0.3583
    0.3984    0.3443    0.0000    0.0008    0.1545    0.1020
    0.3700    0.0795    0.0000    0.0009    0.1610    0.3887
    0.4026    0.0000    0.0000    0.0001    0.0000    0.5973
    0.1616    0.0010    0.0000    0.0008    0.0000    0.8366
    0.4062    0.2735    0.0000    0.0004    0.1497    0.1702
    0.1519    0.0000    0.0000    0.0000    0.0000    0.8481
    0.3851    0.0000    0.0000    0.0000    0.1246    0.4902
    0.3965    0.0341    0.0000    0.0004    0.1191    0.4499
    0.1569    0.0000    0.0000    0.0020    0.0001    0.8410
    0.4160    0.0004    0.0000    0.0003    0.0524    0.5308
    0.1673    0.0000    0.0000    0.0000    0.0000    0.8327
    0.3938    0.0052    0.0000    0.0014    0.0854    0.5142
    0.3683    0.3185    0.0000    0.0008    0.1245    0.1879
    0.3869    0.2626    0.0000    0.0000    0.1575    0.1930
    0.1807    0.0000    0.0000    0.0000    0.0000    0.8193
    0.3923    0.0987    0.0000    0.0044    0.1453    0.3593
    0.0797    0.0000    0.0000    0.0000    0.0000    0.9203
    0.4296    0.0010    0.0000    0.0017    0.1088    0.4589
    0.3694    0.0017    0.0000    0.0000    0.0440    0.5849
    0.3694    0.0169    0.0000    0.0000    0.0429    0.5707
    0.1594    0.0000    0.0000    0.0000    0.0000    0.8406
    0.1307    0.0000    0.0000    0.0000    0.0001    0.8691
    0.3870    0.3342    0.0000    0.0000    0.1545    0.1244
    0.3741    0.0000    0.0000    0.0136    0.0419    0.5704
    0.3478    0.0002    0.0000    0.0002    0.0000    0.6518
    0.3854    0.1241    0.0000    0.0033    0.1498    0.3374
    0.3768    0.1654    0.0000    0.0242    0.1467    0.2869
    0.4108    0.0333    0.0000    0.0015    0.1160    0.4384
    0.3981    0.0341    0.0000    0.0000    0.1165    0.4512
    0.3685    0.1312    0.0000    0.0040    0.1467    0.3497
    0.1946    0.0000    0.0000    0.0002    0.0000    0.8051
    0.1958    0.0000    0.0000    0.0000    0.0000    0.8042
    0.3980    0.0344    0.0000    0.0000    0.0884    0.4792
    0.3849    0.1231    0.0000    0.0017    0.1377    0.3526
    0.3984    0.2995    0.0000    0.0000    0.1741    0.1280
    0.3147    0.2669    0.0000    0.0005    0.1602    0.2577
    0.2071    0.0000    0.0000    0.0000    0.0000    0.7929
    0.4363    0.1098    0.0000    0.0049    0.1611    0.2879
    0.4262    0.0000    0.0000    0.0004    0.0602    0.5132
    0.3954    0.0015    0.0000    0.0000    0.0416    0.5615
    0.0133    0.0000    0.0000    0.0000    0.0000    0.9867

 Output data matrix of Pareto front of final Gaussian process model:
        f1        f2        f3
 -289.6913   -2.5848-62911.7493
 -287.3921   -2.7454-64112.9598
 -635.8754   -1.0044-90526.0705
 -539.0680   -1.5094-97341.1847
 -635.6587   -0.9962-90568.8936
 -287.3921   -2.7454-64112.9598
 -376.4619   -2.0785-80174.7688
 -380.4220   -2.0725-80774.9158
 -355.2671   -2.1297-76387.7541
 -351.8238   -2.1392-75683.4734
 -302.0978   -2.3895-64849.8820
 -357.5171   -2.1235-76781.9468
 -420.2430   -1.9904-85609.4805
 -336.9589   -2.1850-72533.3102
 -294.4892   -2.4868-63425.0013
 -411.3221   -2.0106-84706.9239
 -373.4716   -2.0849-79698.2447
 -383.3520   -2.0657-81214.3934
 -371.6275   -2.0910-79376.8597
 -306.6593   -2.3460-65802.1625
 -415.3812   -2.0009-85092.8572
 -513.0590   -1.6687-96095.1165
 -368.7904   -2.0974-78891.7792
 -339.2487   -2.1771-73021.4106
 -308.2782   -2.3342-66156.1254
 -328.8302   -2.2170-70719.3393
 -296.4164   -2.4574-63746.9559
 -467.1303   -1.8588-91398.5400
 -335.1134   -2.1923-72119.4651
 -491.8444   -1.7716-94129.4650
 -367.0130   -2.1008-78590.2734
 -456.4966   -1.8906-89683.4104
 -288.0155   -2.6591-63259.6342
 -424.3149   -1.9801-85975.2288
 -318.0911   -2.2698-68301.9398
 -434.1162   -1.9517-86850.6473
 -408.9765   -2.0156-84450.3891
 -395.9343   -2.0415-82916.5813
 -454.7473   -1.8942-89239.7566
 -482.2488   -1.8079-93228.6092
 -479.4789   -1.8150-92706.4335
 -297.8310   -2.4384-64005.7537
 -287.5358   -2.6960-63558.3448
 -614.3968   -1.1980-92902.4897
 -417.4505   -1.9971-85337.2327
 -574.0172   -1.3715-96213.9897
 -305.1236   -2.3607-65482.1484
 -323.6318   -2.2343-69560.6911
 -495.9627   -1.7519-94208.9173
 -597.5877   -1.2860-93333.5817
 -399.0811   -2.0355-83305.3062
 -548.1851   -1.4984-94604.1129
 -577.3366   -1.3419-96334.5177
 -300.1565   -2.4104-64457.4234
 -486.0155   -1.7868-93184.7620
 -364.6253   -2.1065-78161.5770
 -476.3616   -1.8296-92570.3571
 -291.8610   -2.5358-63085.2536
 -288.3249   -2.6426-63157.2638
 -458.1700   -1.8857-90048.1604
 -431.8792   -1.9581-86579.0619
 -627.9893   -1.0924-92060.0032
 -319.2776   -2.2634-68577.5600
 -561.1191   -1.4394-93960.4730
 -344.3975   -2.1592-74166.5889
 -633.6545   -1.0368-91149.6511
 -632.2640   -1.0499-91294.7632
 -559.0361   -1.4559-95677.8221
 -534.6150   -1.5450-97237.7069
