
 TSEMO log file created on 26-Feb-2020 

 This file shows the initial specifications of TSEMO and logs the output.
 ¯¯¯¯¯¯¯¯¯¯¯¯¯¯¯¯¯¯¯¯¯¯¯¯¯¯¯¯¯¯¯¯¯¯¯¯¯¯¯¯¯¯¯¯¯¯¯¯¯¯¯¯¯¯¯¯¯¯¯¯¯¯¯¯¯¯¯¯¯¯¯¯¯¯¯¯¯¯¯¯¯¯¯¯¯¯¯¯¯¯¯¯¯¯¯¯¯¯¯¯¯¯
 License information 

 BSD 2-Clause License 

 Copyright (c) 2017, Eric Bradford, Artur M. Schweidtmann and Alexei Lapkin
 All rights reserved. 

 Redistribution and use in source and binary forms, with or without
 modification, are permitted provided that the following conditions are met: 

 *Redistributions of source code must retain the above copyright notice, this   
  list of conditions and the following disclaimer. 

 *Redistributions in binary form must reproduce the above copyright notice,   
  this list of conditions and the following disclaimer in the documentation   
  and/or other materials provided with the distribution. 

 Modified by Mina Konakovic Lukovic 2019. 

 ¯¯¯¯¯¯¯¯¯¯¯¯¯¯¯¯¯¯¯¯¯¯¯¯¯¯¯¯¯¯¯¯¯¯¯¯¯¯¯¯¯¯¯¯¯¯¯¯¯¯¯¯¯¯¯¯¯¯¯¯¯¯¯¯¯¯¯¯¯¯¯¯¯¯¯¯¯¯¯¯¯¯¯¯¯¯¯¯¯¯¯¯¯¯¯¯¯¯¯¯¯¯
 Problem specifications 

 Function used:   consta 

 Number of inputs:   6
 Number of outputs:  3 

 Lower bounds of decision variables:
      x1      x2      x3      x4      x5      x6
  0.0000  0.0000  0.0000  0.0000  0.0000  0.0000
 
 Upper bounds of decision variables:
      x1      x2      x3      x4      x5      x6
  1.0000  1.0000  0.5000  1.0000  1.0000  1.0000
 ¯¯¯¯¯¯¯¯¯¯¯¯¯¯¯¯¯¯¯¯¯¯¯¯¯¯¯¯¯¯¯¯¯¯¯¯¯¯¯¯¯¯¯¯¯¯¯¯¯¯¯¯¯¯¯¯¯¯¯¯¯¯¯¯¯¯¯¯¯¯¯¯¯¯¯¯¯¯¯¯¯¯¯¯¯¯¯¯¯¯¯¯¯¯¯¯¯¯¯¯¯¯
 Algorithm options 

 Maximum number of function evaluations:  4
 Sample batch size:                       4
 Number of algorithm iterations:          1 

 Genetic algorithm population size:        200
 Genetic algorithm number of generations:  200 

                                               f1      f2      f3
 Number of spectral sampling points:         4000    4000    4000
 Type of matern function:                       5       5       5
 Direct evaluations per input dimension:      200     200     200
 ¯¯¯¯¯¯¯¯¯¯¯¯¯¯¯¯¯¯¯¯¯¯¯¯¯¯¯¯¯¯¯¯¯¯¯¯¯¯¯¯¯¯¯¯¯¯¯¯¯¯¯¯¯¯¯¯¯¯¯¯¯¯¯¯¯¯¯¯¯¯¯¯¯¯¯¯¯¯¯¯¯¯¯¯¯¯¯¯¯¯¯¯¯¯¯¯¯¯¯¯¯¯
 Initial data set 

 Number of initial data points:  119 

 Initial input data matrix:
      x1      x2      x3      x4      x5      x6
  0.3200  0.1300  0.0500  0.2100  0.0400  0.2500
  0.0000  0.1800  0.2100  0.2800  0.2000  0.1300
  0.0000  0.0200  0.3800  0.0400  0.2900  0.2700
  0.1900  0.3000  0.1000  0.0600  0.0700  0.2800
  0.0800  0.1600  0.1400  0.0400  0.1900  0.3900
  0.3400  0.0600  0.2300  0.1600  0.1900  0.0200
  0.1400  0.1000  0.0700  0.2000  0.2700  0.2200
  0.0700  0.0700  0.3200  0.2100  0.0300  0.3000
  0.0200  0.0100  0.2700  0.1300  0.4900  0.0800
  0.0900  0.3200  0.0300  0.1300  0.3700  0.0600
  0.0800  0.2100  0.0200  0.0000  0.6100  0.0800
  0.0900  0.3200  0.0400  0.2100  0.1700  0.1700
  0.1400  0.3000  0.0700  0.1000  0.2500  0.1400
  0.0400  0.1700  0.0700  0.2200  0.2400  0.2600
  0.1700  0.1500  0.2800  0.2900  0.0000  0.1100
  0.1000  0.1400  0.1400  0.2600  0.2700  0.0900
  1.0000  0.0000  0.0000  0.0000  0.0000  0.0000
  0.0000  1.0000  0.0000  0.0000  0.0000  0.0000
  0.0000  0.0000  0.0000  1.0000  0.0000  0.0000
  0.6000  0.4000  0.0000  0.0000  0.0000  0.0000
  0.5500  0.4500  0.0000  0.0000  0.0000  0.0000
  0.5000  0.5000  0.0000  0.0000  0.0000  0.0000
  0.4500  0.5500  0.0000  0.0000  0.0000  0.0000
  0.4000  0.6000  0.0000  0.0000  0.0000  0.0000
  0.2700  0.4400  0.0900  0.0400  0.0800  0.0800
  0.0400  0.1900  0.3600  0.2000  0.1200  0.0900
  0.0000  0.5900  0.0000  0.0800  0.0800  0.2500
  0.0000  0.3900  0.1300  0.0700  0.0300  0.3800
  0.0100  0.5100  0.0000  0.1000  0.0200  0.3600
  0.0100  0.6200  0.0100  0.0300  0.1000  0.2300
  0.0600  0.3000  0.4100  0.0100  0.0100  0.2100
  0.0800  0.3200  0.5000  0.0700  0.0200  0.0100
  0.1500  0.2800  0.2500  0.0100  0.0600  0.2500
  0.0000  0.0000  0.0000  0.0000  0.0000  1.0000
  0.0000  0.0000  0.0000  0.0000  1.0000  0.0000
  0.0200  0.1100  0.0000  0.5000  0.0300  0.3400
  0.0100  0.1900  0.0000  0.0000  0.0000  0.8000
  0.0100  0.3900  0.0000  0.0200  0.0100  0.5700
  0.1800  0.1200  0.0000  0.3600  0.0000  0.3400
  0.0100  0.0000  0.1300  0.2500  0.0000  0.6100
  0.3200  0.0000  0.1200  0.0100  0.0000  0.5500
  0.0100  0.1500  0.1000  0.2100  0.0000  0.5300
  0.0100  0.0000  0.1500  0.2500  0.0000  0.5900
  0.1500  0.4500  0.0400  0.0300  0.0100  0.3200
  0.0500  0.3200  0.0000  0.5700  0.0600  0.0000
  0.3100  0.5200  0.0000  0.0800  0.0200  0.0700
  0.1500  0.0400  0.1300  0.6700  0.0100  0.0000
  0.0000  0.2100  0.2000  0.5800  0.0100  0.0000
  0.0000  0.0100  0.2800  0.6700  0.0100  0.0300
  0.0100  0.2800  0.1100  0.4600  0.1100  0.0300
  0.4900  0.0600  0.0000  0.1400  0.0200  0.2900
  0.1400  0.0000  0.0700  0.0100  0.0100  0.7700
  0.0300  0.5800  0.1800  0.0400  0.1000  0.0700
  0.0000  0.3100  0.0100  0.0200  0.1500  0.5100
  0.2500  0.0100  0.0100  0.0400  0.1300  0.5600
  0.2900  0.4500  0.0600  0.0800  0.1200  0.0000
  0.0200  0.0100  0.1600  0.0100  0.5000  0.3000
  0.0200  0.2400  0.0000  0.0300  0.2600  0.4500
  0.0000  0.0100  0.0000  0.0100  0.2700  0.7100
  0.0900  0.0200  0.0000  0.0600  0.4000  0.4300
  0.0000  0.1600  0.0000  0.0000  0.2500  0.5900
  0.3200  0.0900  0.0200  0.0100  0.0100  0.5500
  0.0000  0.0800  0.1300  0.0000  0.1100  0.6800
  0.3900  0.0100  0.0300  0.0000  0.0000  0.5700
  0.2600  0.1800  0.0200  0.0100  0.0100  0.5200
  0.2000  0.1600  0.0000  0.0000  0.0000  0.6400
  0.5100  0.3100  0.0700  0.0100  0.0100  0.0900
  0.1400  0.1700  0.0200  0.0000  0.0000  0.6700
  0.0000  0.0300  0.0200  0.2100  0.3200  0.4200
  0.5700  0.0000  0.1100  0.0100  0.1000  0.2100
  0.5100  0.2500  0.1000  0.0200  0.1200  0.0000
  0.5100  0.0100  0.0700  0.0200  0.1100  0.2800
  0.0000  0.0000  0.0000  0.0200  0.0000  0.9800
  0.6000  0.0000  0.0300  0.0000  0.0200  0.3500
  0.3400  0.0000  0.1100  0.0100  0.0600  0.4800
  0.4400  0.1100  0.1100  0.0000  0.0600  0.2800
  0.6600  0.0000  0.0800  0.0000  0.0000  0.2600
  0.3700  0.4700  0.1000  0.0000  0.0600  0.0000
  0.4400  0.3000  0.0900  0.0400  0.1300  0.0000
  0.2700  0.6100  0.1200  0.0000  0.0000  0.0000
  0.0100  0.0000  0.0000  0.0200  0.0800  0.8900
  0.2100  0.1100  0.0600  0.0000  0.1400  0.4800
  0.5200  0.0100  0.0100  0.0000  0.0000  0.4600
  0.0000  0.3800  0.0100  0.0000  0.0000  0.6100
  0.0000  0.3100  0.0100  0.0000  0.0000  0.6800
  0.3200  0.3400  0.0200  0.0000  0.0100  0.3100
  0.0100  0.4100  0.0000  0.0000  0.0100  0.5700
  0.0000  0.4100  0.0000  0.1300  0.0000  0.4600
  0.0000  0.1800  0.0000  0.2600  0.0100  0.5500
  0.0400  0.4500  0.0000  0.0700  0.0100  0.4300
  0.0000  0.2500  0.0000  0.2500  0.0000  0.5000
  0.3600  0.2000  0.0200  0.0800  0.0000  0.3400
  0.2100  0.0000  0.0000  0.3300  0.0100  0.4500
  0.2500  0.0000  0.0000  0.3100  0.0100  0.4300
  0.1900  0.0000  0.0000  0.3200  0.0100  0.4800
  0.0000  0.6300  0.1000  0.0000  0.0000  0.2700
  0.0000  0.6600  0.0900  0.0000  0.0000  0.2500
  0.0000  0.3300  0.1100  0.0100  0.0000  0.5500
  0.0000  0.6800  0.0900  0.0000  0.0100  0.2200
  0.3500  0.0000  0.0000  0.0100  0.0000  0.6400
  0.0100  0.0000  0.0000  0.3600  0.0000  0.6300
  0.4800  0.0000  0.0100  0.0000  0.1200  0.3900
  0.3900  0.0000  0.0000  0.0200  0.0100  0.5800
  0.4000  0.1700  0.0000  0.0000  0.1200  0.3100
  0.4400  0.2700  0.0000  0.0000  0.1700  0.1200
  0.3400  0.1400  0.0000  0.0000  0.1300  0.3900
  0.3300  0.1200  0.0000  0.0000  0.1300  0.4200
  0.3900  0.0000  0.0000  0.0000  0.2200  0.3900
  0.3900  0.3100  0.0000  0.0000  0.2200  0.0800
  0.4100  0.0000  0.0000  0.0000  0.2500  0.3400
  0.3500  0.0000  0.0000  0.0000  0.2000  0.4500
  0.3300  0.0000  0.0000  0.0000  0.2100  0.4600
  0.3100  0.0000  0.0000  0.0000  0.2000  0.4900
  0.3500  0.0000  0.0000  0.0000  0.2100  0.4400
  0.2000  0.0000  0.0000  0.0000  0.0100  0.7900
  0.5000  0.0000  0.0000  0.0000  0.3000  0.2000
  0.5300  0.0600  0.0000  0.0000  0.3200  0.0900
  0.5300  0.0000  0.0000  0.0000  0.3300  0.1400
  0.4200  0.0000  0.0000  0.0000  0.2700  0.3100

 Initial output data matrix:
      f1      f2      f3
-477.3645 -1.2974-78049.1925
-454.7535 -1.3662-68112.8155
-279.9044 -2.1133-51731.0693
-469.5247 -1.7578-77876.9026
-440.0426 -1.9634-76654.9118
-365.6047 -1.2303-62118.0243
-410.9856 -1.1190-66049.6554
-136.1656 -0.8962-22268.5639
-369.0088 -1.3142-61644.3643
-533.9811 -0.8968-68784.7611
-442.6768 -0.7257-59416.2131
-507.4257 -0.9822-66650.9629
-443.6008 -1.1184-65323.0907
-489.5899 -1.3294-72483.9913
-359.3333 -1.7335-60280.1487
-485.2462 -0.8865-66192.4108
-228.9585 -0.7284-49588.2084
-435.6576 -1.1748-60782.1527
-368.0328 -0.0378-29839.9581
-558.3333 -1.0147-72324.3305
-545.1107 -1.0090-76481.1353
-595.9865 -1.0313-80252.0073
-577.5167 -1.0272-78299.5278
-603.0115 -1.0486-79494.8772
-536.4679 -1.3385-83057.1828
-380.6202 -1.5761-63939.3838
-487.9964 -1.6929-74452.7693
-492.2164 -2.0354-77476.1977
-483.0457 -1.7036-74331.8675
-461.0062 -1.5331-68683.9650
-428.6732 -1.9582-73565.0149
-420.3458 -1.7501-70958.0370
-185.7397 -1.9998-39188.2443
-307.5914 -2.9333-68673.8814
-248.0791 -0.3369-41639.4837
-330.4220 -1.6093-58954.7196
-261.1897 -2.5356-54113.5267
-374.3907 -2.1313-72005.0906
-442.1932 -1.6426-73645.0393
-325.5454 -2.2577-65492.6760
-407.4563 -1.7142-79298.8675
-280.7768 -2.0890-55835.4428
-345.4445 -2.2639-66935.4850
-337.8766 -1.7123-65225.4544
-380.5099 -0.6146-47362.4095
-423.7886 -1.3121-68132.9194
-412.9137 -0.7221-59055.9302
-389.7163 -1.2975-60315.7332
-243.9299 -1.5816-43427.1956
-418.8166 -1.1219-61444.5239
-463.1094 -1.4660-81856.9346
-260.4919 -1.9421-59060.6871
-461.1271 -1.5697-75813.0466
-434.9195 -1.9723-80545.7853
-411.2741 -1.7072-85333.3874
-593.8157 -1.0758-82484.6477
-331.6431 -1.2261-62332.4475
-461.8788 -1.5726-80820.6379
-386.3988 -1.9098-76223.9832
-458.6168 -1.3865-78606.8274
-386.1546 -1.7969-73308.3934
-420.6757 -1.8963-83069.8760
-256.3444 -2.2542-53258.3199
-343.7864 -1.8975-72697.8828
-317.0968 -1.9236-66141.3310
-405.5608 -1.9380-81223.2023
-579.2708 -1.0437-87100.5169
-297.2664 -2.2664-61771.9743
-230.0024 -1.7750-53153.7094
-296.3126 -0.8946-60049.3899
-625.1337 -1.1253-94708.7918
-559.4404 -1.5604-98460.5528
-350.2734 -2.6724-74202.1381
-483.8073 -1.5770-91455.1658
-333.6048 -1.8340-67470.0844
-401.3639 -1.5176-75081.6898
-339.8147 -1.1731-68370.6235
-619.8270 -1.3159-92324.8900
-456.6095 -1.0320-73399.8497
-527.1160 -1.2052-80673.3135
-182.0132 -2.1459-33836.3245
-299.4935 -1.9115-62779.5207
-342.4831 -1.8084-73190.6083
-292.5484 -2.1003-64376.6034
-284.1961 -2.0337-60695.8700
-418.6794 -1.5121-75788.0791
-272.5130 -1.9527-60034.6655
-324.9663 -1.9969-65021.8788
-361.4059 -2.0913-69395.5054
-310.1195 -1.9192-61302.0228
-321.0298 -2.0199-62665.9535
-408.2643 -1.5818-76317.7672
-398.2560 -1.9114-74552.8783
-437.9660 -1.8110-79745.2693
-402.9772 -1.8842-75747.1961
-367.7646 -1.7661-65605.9795
-392.9406 -1.8913-69484.2021
-317.1051 -2.1952-63761.7220
-355.6015 -1.8014-64450.3268
-438.2688 -2.1205-87348.6010
-334.7339 -2.0407-65124.3183
-514.0293 -1.5443-93643.6527
-526.1093 -1.9176-98663.7705
-555.0826 -1.4101-91162.3449
-653.9760 -1.1215-96005.8355
-613.3157 -1.3545-102903.8092
-574.5688 -1.4762-99854.6710
-596.1996 -1.5851-97568.0584
-673.8733 -1.3085-96609.9429
-570.9253 -1.5720-97057.6408
-453.6160 -1.8559-85374.7271
-512.3685 -1.7799-93175.9066
-384.8236 -1.8510-77997.5467
-536.0149 -1.7113-96497.9814
-289.9712 -1.9717-66399.4183
-596.7186 -0.9982-92484.7776
-390.5278 -0.8869-64360.6166
-429.9865 -0.7968-68899.7837
-397.0291 -1.0850-76450.3138

 ¯¯¯¯¯¯¯¯¯¯¯¯¯¯¯¯¯¯¯¯¯¯¯¯¯¯¯¯¯¯¯¯¯¯¯¯¯¯¯¯¯¯¯¯¯¯¯¯¯¯¯¯¯¯¯¯¯¯¯¯¯¯¯¯¯¯¯¯¯¯¯¯¯¯¯¯¯¯¯¯¯¯¯¯¯¯¯¯¯¯¯¯¯¯¯¯¯¯¯¯¯¯
 Algorithm iteration 1 

 Predicted hypervolume improvement:    0.1037
 Time taken:   40.4991 

 Proposed evaluation point(s): 
      x1      x2      x3      x4      x5      x6
  0.4900  0.0100  0.0000  0.0100  0.1200  0.3700
  0.4800  0.0000  0.0000  0.0600  0.1100  0.3500
  0.4100  0.0100  0.0000  0.0300  0.1600  0.3900
  0.4400  0.0100  0.0000  0.0700  0.1400  0.3400

 Corresponding observation(s): 
      f1      f2      f3
-497.1667 -1.5510-100972.3629
-492.4882 -1.5077-101205.0434
-520.0339 -1.5752-98405.6414
-513.7754 -1.4590-100418.2039

 ¯¯¯¯¯¯¯¯¯¯¯¯¯¯¯¯¯¯¯¯¯¯¯¯¯¯¯¯¯¯¯¯¯¯¯¯¯¯¯¯¯¯¯¯¯¯¯¯¯¯¯¯¯¯¯¯¯¯¯¯¯¯¯¯¯¯¯¯¯¯¯¯¯¯¯¯¯¯¯¯¯¯¯¯¯¯¯¯¯¯¯¯¯¯¯¯¯¯¯¯¯¯
 Final algorithm output 

 Final input data matrix:
        x1        x2        x3        x4        x5        x6
    0.3200    0.1300    0.0500    0.2100    0.0400    0.2500
    0.0000    0.1800    0.2100    0.2800    0.2000    0.1300
    0.0000    0.0200    0.3800    0.0400    0.2900    0.2700
    0.1900    0.3000    0.1000    0.0600    0.0700    0.2800
    0.0800    0.1600    0.1400    0.0400    0.1900    0.3900
    0.3400    0.0600    0.2300    0.1600    0.1900    0.0200
    0.1400    0.1000    0.0700    0.2000    0.2700    0.2200
    0.0700    0.0700    0.3200    0.2100    0.0300    0.3000
    0.0200    0.0100    0.2700    0.1300    0.4900    0.0800
    0.0900    0.3200    0.0300    0.1300    0.3700    0.0600
    0.0800    0.2100    0.0200    0.0000    0.6100    0.0800
    0.0900    0.3200    0.0400    0.2100    0.1700    0.1700
    0.1400    0.3000    0.0700    0.1000    0.2500    0.1400
    0.0400    0.1700    0.0700    0.2200    0.2400    0.2600
    0.1700    0.1500    0.2800    0.2900    0.0000    0.1100
    0.1000    0.1400    0.1400    0.2600    0.2700    0.0900
    1.0000    0.0000    0.0000    0.0000    0.0000    0.0000
    0.0000    1.0000    0.0000    0.0000    0.0000    0.0000
    0.0000    0.0000    0.0000    1.0000    0.0000    0.0000
    0.6000    0.4000    0.0000    0.0000    0.0000    0.0000
    0.5500    0.4500    0.0000    0.0000    0.0000    0.0000
    0.5000    0.5000    0.0000    0.0000    0.0000    0.0000
    0.4500    0.5500    0.0000    0.0000    0.0000    0.0000
    0.4000    0.6000    0.0000    0.0000    0.0000    0.0000
    0.2700    0.4400    0.0900    0.0400    0.0800    0.0800
    0.0400    0.1900    0.3600    0.2000    0.1200    0.0900
    0.0000    0.5900    0.0000    0.0800    0.0800    0.2500
    0.0000    0.3900    0.1300    0.0700    0.0300    0.3800
    0.0100    0.5100    0.0000    0.1000    0.0200    0.3600
    0.0100    0.6200    0.0100    0.0300    0.1000    0.2300
    0.0600    0.3000    0.4100    0.0100    0.0100    0.2100
    0.0800    0.3200    0.5000    0.0700    0.0200    0.0100
    0.1500    0.2800    0.2500    0.0100    0.0600    0.2500
    0.0000    0.0000    0.0000    0.0000    0.0000    1.0000
    0.0000    0.0000    0.0000    0.0000    1.0000    0.0000
    0.0200    0.1100    0.0000    0.5000    0.0300    0.3400
    0.0100    0.1900    0.0000    0.0000    0.0000    0.8000
    0.0100    0.3900    0.0000    0.0200    0.0100    0.5700
    0.1800    0.1200    0.0000    0.3600    0.0000    0.3400
    0.0100    0.0000    0.1300    0.2500    0.0000    0.6100
    0.3200    0.0000    0.1200    0.0100    0.0000    0.5500
    0.0100    0.1500    0.1000    0.2100    0.0000    0.5300
    0.0100    0.0000    0.1500    0.2500    0.0000    0.5900
    0.1500    0.4500    0.0400    0.0300    0.0100    0.3200
    0.0500    0.3200    0.0000    0.5700    0.0600    0.0000
    0.3100    0.5200    0.0000    0.0800    0.0200    0.0700
    0.1500    0.0400    0.1300    0.6700    0.0100    0.0000
    0.0000    0.2100    0.2000    0.5800    0.0100    0.0000
    0.0000    0.0100    0.2800    0.6700    0.0100    0.0300
    0.0100    0.2800    0.1100    0.4600    0.1100    0.0300
    0.4900    0.0600    0.0000    0.1400    0.0200    0.2900
    0.1400    0.0000    0.0700    0.0100    0.0100    0.7700
    0.0300    0.5800    0.1800    0.0400    0.1000    0.0700
    0.0000    0.3100    0.0100    0.0200    0.1500    0.5100
    0.2500    0.0100    0.0100    0.0400    0.1300    0.5600
    0.2900    0.4500    0.0600    0.0800    0.1200    0.0000
    0.0200    0.0100    0.1600    0.0100    0.5000    0.3000
    0.0200    0.2400    0.0000    0.0300    0.2600    0.4500
    0.0000    0.0100    0.0000    0.0100    0.2700    0.7100
    0.0900    0.0200    0.0000    0.0600    0.4000    0.4300
    0.0000    0.1600    0.0000    0.0000    0.2500    0.5900
    0.3200    0.0900    0.0200    0.0100    0.0100    0.5500
    0.0000    0.0800    0.1300    0.0000    0.1100    0.6800
    0.3900    0.0100    0.0300    0.0000    0.0000    0.5700
    0.2600    0.1800    0.0200    0.0100    0.0100    0.5200
    0.2000    0.1600    0.0000    0.0000    0.0000    0.6400
    0.5100    0.3100    0.0700    0.0100    0.0100    0.0900
    0.1400    0.1700    0.0200    0.0000    0.0000    0.6700
    0.0000    0.0300    0.0200    0.2100    0.3200    0.4200
    0.5700    0.0000    0.1100    0.0100    0.1000    0.2100
    0.5100    0.2500    0.1000    0.0200    0.1200    0.0000
    0.5100    0.0100    0.0700    0.0200    0.1100    0.2800
    0.0000    0.0000    0.0000    0.0200    0.0000    0.9800
    0.6000    0.0000    0.0300    0.0000    0.0200    0.3500
    0.3400    0.0000    0.1100    0.0100    0.0600    0.4800
    0.4400    0.1100    0.1100    0.0000    0.0600    0.2800
    0.6600    0.0000    0.0800    0.0000    0.0000    0.2600
    0.3700    0.4700    0.1000    0.0000    0.0600    0.0000
    0.4400    0.3000    0.0900    0.0400    0.1300    0.0000
    0.2700    0.6100    0.1200    0.0000    0.0000    0.0000
    0.0100    0.0000    0.0000    0.0200    0.0800    0.8900
    0.2100    0.1100    0.0600    0.0000    0.1400    0.4800
    0.5200    0.0100    0.0100    0.0000    0.0000    0.4600
    0.0000    0.3800    0.0100    0.0000    0.0000    0.6100
    0.0000    0.3100    0.0100    0.0000    0.0000    0.6800
    0.3200    0.3400    0.0200    0.0000    0.0100    0.3100
    0.0100    0.4100    0.0000    0.0000    0.0100    0.5700
    0.0000    0.4100    0.0000    0.1300    0.0000    0.4600
    0.0000    0.1800    0.0000    0.2600    0.0100    0.5500
    0.0400    0.4500    0.0000    0.0700    0.0100    0.4300
    0.0000    0.2500    0.0000    0.2500    0.0000    0.5000
    0.3600    0.2000    0.0200    0.0800    0.0000    0.3400
    0.2100    0.0000    0.0000    0.3300    0.0100    0.4500
    0.2500    0.0000    0.0000    0.3100    0.0100    0.4300
    0.1900    0.0000    0.0000    0.3200    0.0100    0.4800
    0.0000    0.6300    0.1000    0.0000    0.0000    0.2700
    0.0000    0.6600    0.0900    0.0000    0.0000    0.2500
    0.0000    0.3300    0.1100    0.0100    0.0000    0.5500
    0.0000    0.6800    0.0900    0.0000    0.0100    0.2200
    0.3500    0.0000    0.0000    0.0100    0.0000    0.6400
    0.0100    0.0000    0.0000    0.3600    0.0000    0.6300
    0.4800    0.0000    0.0100    0.0000    0.1200    0.3900
    0.3900    0.0000    0.0000    0.0200    0.0100    0.5800
    0.4000    0.1700    0.0000    0.0000    0.1200    0.3100
    0.4400    0.2700    0.0000    0.0000    0.1700    0.1200
    0.3400    0.1400    0.0000    0.0000    0.1300    0.3900
    0.3300    0.1200    0.0000    0.0000    0.1300    0.4200
    0.3900    0.0000    0.0000    0.0000    0.2200    0.3900
    0.3900    0.3100    0.0000    0.0000    0.2200    0.0800
    0.4100    0.0000    0.0000    0.0000    0.2500    0.3400
    0.3500    0.0000    0.0000    0.0000    0.2000    0.4500
    0.3300    0.0000    0.0000    0.0000    0.2100    0.4600
    0.3100    0.0000    0.0000    0.0000    0.2000    0.4900
    0.3500    0.0000    0.0000    0.0000    0.2100    0.4400
    0.2000    0.0000    0.0000    0.0000    0.0100    0.7900
    0.5000    0.0000    0.0000    0.0000    0.3000    0.2000
    0.5300    0.0600    0.0000    0.0000    0.3200    0.0900
    0.5300    0.0000    0.0000    0.0000    0.3300    0.1400
    0.4200    0.0000    0.0000    0.0000    0.2700    0.3100
    0.4900    0.0100    0.0000    0.0100    0.1200    0.3700
    0.4800    0.0000    0.0000    0.0600    0.1100    0.3500
    0.4100    0.0100    0.0000    0.0300    0.1600    0.3900
    0.4400    0.0100    0.0000    0.0700    0.1400    0.3400

 Final output data matrix:
        f1        f2        f3
 -477.3645   -1.2974-78049.1925
 -454.7535   -1.3662-68112.8155
 -279.9044   -2.1133-51731.0693
 -469.5247   -1.7578-77876.9026
 -440.0426   -1.9634-76654.9118
 -365.6047   -1.2303-62118.0243
 -410.9856   -1.1190-66049.6554
 -136.1656   -0.8962-22268.5639
 -369.0088   -1.3142-61644.3643
 -533.9811   -0.8968-68784.7611
 -442.6768   -0.7257-59416.2131
 -507.4257   -0.9822-66650.9629
 -443.6008   -1.1184-65323.0907
 -489.5899   -1.3294-72483.9913
 -359.3333   -1.7335-60280.1487
 -485.2462   -0.8865-66192.4108
 -228.9585   -0.7284-49588.2084
 -435.6576   -1.1748-60782.1527
 -368.0328   -0.0378-29839.9581
 -558.3333   -1.0147-72324.3305
 -545.1107   -1.0090-76481.1353
 -595.9865   -1.0313-80252.0073
 -577.5167   -1.0272-78299.5278
 -603.0115   -1.0486-79494.8772
 -536.4679   -1.3385-83057.1828
 -380.6202   -1.5761-63939.3838
 -487.9964   -1.6929-74452.7693
 -492.2164   -2.0354-77476.1977
 -483.0457   -1.7036-74331.8675
 -461.0062   -1.5331-68683.9650
 -428.6732   -1.9582-73565.0149
 -420.3458   -1.7501-70958.0370
 -185.7397   -1.9998-39188.2443
 -307.5914   -2.9333-68673.8814
 -248.0791   -0.3369-41639.4837
 -330.4220   -1.6093-58954.7196
 -261.1897   -2.5356-54113.5267
 -374.3907   -2.1313-72005.0906
 -442.1932   -1.6426-73645.0393
 -325.5454   -2.2577-65492.6760
 -407.4563   -1.7142-79298.8675
 -280.7768   -2.0890-55835.4428
 -345.4445   -2.2639-66935.4850
 -337.8766   -1.7123-65225.4544
 -380.5099   -0.6146-47362.4095
 -423.7886   -1.3121-68132.9194
 -412.9137   -0.7221-59055.9302
 -389.7163   -1.2975-60315.7332
 -243.9299   -1.5816-43427.1956
 -418.8166   -1.1219-61444.5239
 -463.1094   -1.4660-81856.9346
 -260.4919   -1.9421-59060.6871
 -461.1271   -1.5697-75813.0466
 -434.9195   -1.9723-80545.7853
 -411.2741   -1.7072-85333.3874
 -593.8157   -1.0758-82484.6477
 -331.6431   -1.2261-62332.4475
 -461.8788   -1.5726-80820.6379
 -386.3988   -1.9098-76223.9832
 -458.6168   -1.3865-78606.8274
 -386.1546   -1.7969-73308.3934
 -420.6757   -1.8963-83069.8760
 -256.3444   -2.2542-53258.3199
 -343.7864   -1.8975-72697.8828
 -317.0968   -1.9236-66141.3310
 -405.5608   -1.9380-81223.2023
 -579.2708   -1.0437-87100.5169
 -297.2664   -2.2664-61771.9743
 -230.0024   -1.7750-53153.7094
 -296.3126   -0.8946-60049.3899
 -625.1337   -1.1253-94708.7918
 -559.4404   -1.5604-98460.5528
 -350.2734   -2.6724-74202.1381
 -483.8073   -1.5770-91455.1658
 -333.6048   -1.8340-67470.0844
 -401.3639   -1.5176-75081.6898
 -339.8147   -1.1731-68370.6235
 -619.8270   -1.3159-92324.8900
 -456.6095   -1.0320-73399.8497
 -527.1160   -1.2052-80673.3135
 -182.0132   -2.1459-33836.3245
 -299.4935   -1.9115-62779.5207
 -342.4831   -1.8084-73190.6083
 -292.5484   -2.1003-64376.6034
 -284.1961   -2.0337-60695.8700
 -418.6794   -1.5121-75788.0791
 -272.5130   -1.9527-60034.6655
 -324.9663   -1.9969-65021.8788
 -361.4059   -2.0913-69395.5054
 -310.1195   -1.9192-61302.0228
 -321.0298   -2.0199-62665.9535
 -408.2643   -1.5818-76317.7672
 -398.2560   -1.9114-74552.8783
 -437.9660   -1.8110-79745.2693
 -402.9772   -1.8842-75747.1961
 -367.7646   -1.7661-65605.9795
 -392.9406   -1.8913-69484.2021
 -317.1051   -2.1952-63761.7220
 -355.6015   -1.8014-64450.3268
 -438.2688   -2.1205-87348.6010
 -334.7339   -2.0407-65124.3183
 -514.0293   -1.5443-93643.6527
 -526.1093   -1.9176-98663.7705
 -555.0826   -1.4101-91162.3449
 -653.9760   -1.1215-96005.8355
 -613.3157   -1.3545-102903.8092
 -574.5688   -1.4762-99854.6710
 -596.1996   -1.5851-97568.0584
 -673.8733   -1.3085-96609.9429
 -570.9253   -1.5720-97057.6408
 -453.6160   -1.8559-85374.7271
 -512.3685   -1.7799-93175.9066
 -384.8236   -1.8510-77997.5467
 -536.0149   -1.7113-96497.9814
 -289.9712   -1.9717-66399.4183
 -596.7186   -0.9982-92484.7776
 -390.5278   -0.8869-64360.6166
 -429.9865   -0.7968-68899.7837
 -397.0291   -1.0850-76450.3138
 -497.1667   -1.5510-100972.3629
 -492.4882   -1.5077-101205.0434
 -520.0339   -1.5752-98405.6414
 -513.7754   -1.4590-100418.2039

 Input data matrix of corresponding Pareto front:
        x1        x2        x3        x4        x5        x6
    0.0000    0.3900    0.1300    0.0700    0.0300    0.3800
    0.0000    0.0000    0.0000    0.0000    0.0000    1.0000
    0.0100    0.3900    0.0000    0.0200    0.0100    0.5700
    0.5100    0.0100    0.0700    0.0200    0.1100    0.2800
    0.0000    0.0000    0.0000    0.0200    0.0000    0.9800
    0.3700    0.4700    0.1000    0.0000    0.0600    0.0000
    0.3500    0.0000    0.0000    0.0100    0.0000    0.6400
    0.3900    0.0000    0.0000    0.0200    0.0100    0.5800
    0.3400    0.1400    0.0000    0.0000    0.1300    0.3900
    0.3300    0.1200    0.0000    0.0000    0.1300    0.4200
    0.3900    0.0000    0.0000    0.0000    0.2200    0.3900
    0.3900    0.3100    0.0000    0.0000    0.2200    0.0800
    0.3500    0.0000    0.0000    0.0000    0.2100    0.4400

 Output data matrix of corresponding Pareto front:
        f1        f2        f3
 -492.2164   -2.0354-77476.1977
 -307.5914   -2.9333-68673.8814
 -374.3907   -2.1313-72005.0906
 -559.4404   -1.5604-98460.5528
 -350.2734   -2.6724-74202.1381
 -619.8270   -1.3159-92324.8900
 -438.2688   -2.1205-87348.6010
 -526.1093   -1.9176-98663.7705
 -613.3157   -1.3545-102903.8092
 -574.5688   -1.4762-99854.6710
 -596.1996   -1.5851-97568.0584
 -673.8733   -1.3085-96609.9429
 -536.0149   -1.7113-96497.9814

 Input data matrix of Pareto front of final Gaussian process model:
        x1        x2        x3        x4        x5        x6
    0.0000    0.0000    0.0000    0.0000    0.0000    1.0000
    0.4138    0.3843    0.0000    0.0036    0.1873    0.0110
    0.0000    0.0244    0.0000    0.0014    0.1014    0.8727
    0.3870    0.4019    0.0000    0.0038    0.1959    0.0115
    0.4522    0.0773    0.0000    0.0000    0.1414    0.3291
    0.0000    0.0000    0.0000    0.0000    0.0000    1.0000
    0.2443    0.0708    0.0000    0.0008    0.0005    0.6836
    0.2433    0.0941    0.0000    0.0017    0.0004    0.6606
    0.0010    0.0017    0.0000    0.0060    0.0156    0.9757
    0.0171    0.0000    0.0000    0.0065    0.0423    0.9342
    0.3248    0.0379    0.0000    0.0066    0.0030    0.6277
    0.2685    0.0879    0.0000    0.0061    0.0003    0.6373
    0.4182    0.3692    0.0000    0.0013    0.1538    0.0575
    0.3692    0.0184    0.0000    0.0008    0.0229    0.5887
    0.2627    0.0656    0.0000    0.0011    0.0005    0.6701
    0.3281    0.2838    0.0000    0.0000    0.1207    0.2674
    0.0000    0.0021    0.0000    0.0014    0.0323    0.9643
    0.2671    0.0681    0.0000    0.0069    0.0005    0.6574
    0.3899    0.3442    0.0000    0.0012    0.1434    0.1212
    0.3869    0.0443    0.0000    0.0004    0.0325    0.5358
    0.3820    0.4167    0.0000    0.0037    0.1844    0.0132
    0.0137    0.0027    0.0000    0.0094    0.0223    0.9520
    0.2395    0.0695    0.0000    0.0005    0.0004    0.6901
    0.2348    0.0264    0.0000    0.0010    0.0005    0.7373
    0.3391    0.0396    0.0000    0.0069    0.0031    0.6112
    0.3999    0.3474    0.0000    0.0017    0.1475    0.1035
    0.2374    0.0649    0.0000    0.0007    0.0005    0.6965
    0.3655    0.3668    0.0000    0.0036    0.1663    0.0978
    0.3737    0.0246    0.0000    0.0017    0.0036    0.5963
    0.0610    0.0031    0.0000    0.0009    0.0400    0.8949
    0.3665    0.0903    0.0000    0.0011    0.1001    0.4421
    0.3527    0.1604    0.0000    0.0008    0.1061    0.3799
    0.3995    0.0378    0.0000    0.0030    0.0213    0.5384
    0.3930    0.4124    0.0000    0.0029    0.1680    0.0236
    0.3779    0.0612    0.0000    0.0117    0.1276    0.4216
    0.3641    0.0170    0.0000    0.0020    0.0723    0.5445
    0.3646    0.0250    0.0000    0.0017    0.0037    0.6051
    0.0000    0.0021    0.0000    0.0243    0.0330    0.9405
    0.1454    0.0010    0.0000    0.0020    0.0068    0.8448
    0.3855    0.3636    0.0000    0.0028    0.0658    0.1823
    0.3958    0.3494    0.0000    0.0012    0.1759    0.0777
    0.0000    0.2038    0.0000    0.0047    0.0983    0.6932
    0.3625    0.0306    0.0000    0.0015    0.1171    0.4883
    0.2338    0.0041    0.0000    0.0006    0.0022    0.7593
    0.3629    0.3041    0.0000    0.0021    0.1336    0.1974
    0.0400    0.0027    0.0000    0.0092    0.0118    0.9363
    0.4011    0.1174    0.0000    0.0096    0.1015    0.3704
    0.2600    0.0530    0.0000    0.0007    0.0014    0.6849
    0.3712    0.0129    0.0000    0.0028    0.0988    0.5143
    0.1570    0.0027    0.0000    0.0007    0.0022    0.8375
    0.2217    0.0448    0.0000    0.0006    0.0006    0.7323
    0.2897    0.0502    0.0000    0.0020    0.0000    0.6581
    0.3030    0.0674    0.0000    0.0011    0.0004    0.6281
    0.3831    0.1021    0.0000    0.0000    0.0888    0.4260
    0.0005    0.0000    0.0000    0.0361    0.0490    0.9144
    0.3581    0.0310    0.0000    0.0084    0.0003    0.6022
    0.0037    0.0277    0.0000    0.0042    0.0442    0.9201
    0.0225    0.0090    0.0000    0.0012    0.0033    0.9640
    0.4012    0.3664    0.0000    0.0081    0.1436    0.0808
    0.0203    0.0040    0.0000    0.0030    0.0169    0.9558
    0.1859    0.1360    0.0000    0.0008    0.0011    0.6761
    0.0010    0.0332    0.0000    0.0060    0.0596    0.9002
    0.1928    0.0904    0.0000    0.0074    0.0003    0.7091
    0.0136    0.0027    0.0000    0.0093    0.0307    0.9438
    0.3591    0.3622    0.0000    0.0057    0.1474    0.1256
    0.1630    0.0021    0.0000    0.0007    0.0018    0.8325
    0.4034    0.0548    0.0000    0.0002    0.0000    0.5416
    0.4025    0.2426    0.0000    0.0032    0.1394    0.2123
    0.3623    0.3170    0.0000    0.0026    0.1468    0.1713
    0.2582    0.0911    0.0000    0.0034    0.0003    0.6470
    0.0203    0.0040    0.0000    0.0371    0.0362    0.9024
    0.2192    0.0362    0.0000    0.0006    0.0005    0.7434
    0.3861    0.2577    0.0000    0.0031    0.1310    0.2222
    0.3681    0.1668    0.0000    0.0009    0.1342    0.3300
    0.1692    0.0069    0.0000    0.0005    0.0016    0.8218
    0.2847    0.0506    0.0000    0.0004    0.0014    0.6629
    0.3764    0.0332    0.0000    0.0001    0.0756    0.5147
    0.3839    0.1113    0.0000    0.0029    0.0585    0.4434
    0.3831    0.0164    0.0000    0.0032    0.0204    0.5768
    0.2879    0.0663    0.0000    0.0020    0.0005    0.6433
    0.3553    0.1122    0.0000    0.0011    0.1513    0.3802
    0.3716    0.1635    0.0000    0.0024    0.1415    0.3211
    0.0089    0.0051    0.0000    0.0000    0.0582    0.9278
    0.2983    0.0624    0.0000    0.0010    0.0006    0.6378
    0.3002    0.0784    0.0000    0.0064    0.0003    0.6147
    0.1537    0.0031    0.0000    0.0028    0.0017    0.8387
    0.0077    0.0044    0.0000    0.0105    0.0766    0.9007
    0.0137    0.0027    0.0000    0.0093    0.0245    0.9498
    0.3637    0.4390    0.0000    0.0008    0.1669    0.0295
    0.3609    0.0180    0.0000    0.0035    0.0224    0.5952
    0.2367    0.0391    0.0000    0.0000    0.0005    0.7236
    0.4241    0.1133    0.0000    0.0000    0.1312    0.3313
    0.3336    0.0083    0.0000    0.0021    0.0705    0.5854
    0.3684    0.3529    0.0000    0.0027    0.1351    0.1409
    0.3718    0.1068    0.0000    0.0004    0.1579    0.3630
    0.3792    0.0788    0.0000    0.0012    0.1035    0.4373
    0.0005    0.0000    0.0000    0.0406    0.0551    0.9038
    0.1830    0.0158    0.0000    0.0005    0.0016    0.7992
    0.1624    0.1268    0.0000    0.0004    0.0014    0.7090
    0.4295    0.0378    0.0000    0.0001    0.0863    0.4462
    0.0911    0.0040    0.0000    0.0006    0.0088    0.8956
    0.2934    0.0598    0.0000    0.0008    0.0015    0.6445
    0.0001    0.0991    0.0000    0.0018    0.0627    0.8364
    0.3648    0.3349    0.0000    0.0026    0.1282    0.1696
    0.3579    0.2282    0.0000    0.0011    0.1415    0.2712
    0.3574    0.0089    0.0000    0.0023    0.1257    0.5057
    0.4079    0.0160    0.0000    0.0023    0.0229    0.5509
    0.3701    0.0161    0.0000    0.0004    0.0807    0.5327
    0.3822    0.0366    0.0000    0.0005    0.0176    0.5630
    0.3791    0.0405    0.0000    0.0039    0.1173    0.4593
    0.3735    0.2311    0.0000    0.0026    0.1374    0.2553
    0.4108    0.1479    0.0000    0.0023    0.1343    0.3048
    0.4027    0.1287    0.0000    0.0018    0.1079    0.3589
    0.1419    0.0010    0.0000    0.0019    0.0000    0.8553
    0.0079    0.0043    0.0000    0.0006    0.0096    0.9776
    0.4001    0.3254    0.0000    0.0000    0.0513    0.2231
    0.3711    0.1682    0.0000    0.0009    0.1268    0.3329
    0.3914    0.3575    0.0000    0.0079    0.1645    0.0788
    0.4236    0.2991    0.0000    0.0028    0.1652    0.1093
    0.3593    0.0299    0.0000    0.0008    0.1322    0.4778
    0.3482    0.2832    0.0000    0.0024    0.1281    0.2380
    0.3722    0.0845    0.0000    0.0000    0.1257    0.4177
    0.1333    0.0002    0.0000    0.0005    0.0026    0.8635
    0.0000    0.0000    0.0000    0.0105    0.0048    0.9848
    0.0203    0.0040    0.0000    0.0132    0.0058    0.9567
    0.4231    0.2612    0.0000    0.0000    0.1293    0.1864
    0.2285    0.0729    0.0000    0.0008    0.0005    0.6973
    0.3465    0.3500    0.0000    0.0020    0.1311    0.1704
    0.3828    0.0660    0.0000    0.0001    0.0807    0.4704
    0.3511    0.0332    0.0000    0.0008    0.0014    0.6134
    0.4274    0.0687    0.0000    0.0000    0.1287    0.3752
    0.1169    0.0010    0.0000    0.0020    0.0000    0.8800
    0.4087    0.1472    0.0000    0.0022    0.1387    0.3032
    0.1696    0.1241    0.0000    0.0008    0.0010    0.7045
    0.3167    0.0440    0.0000    0.0084    0.0003    0.6307
    0.4143    0.0537    0.0000    0.0172    0.1167    0.3982
    0.1638    0.0044    0.0000    0.0007    0.0024    0.8287
    0.3736    0.0478    0.0000    0.0005    0.0000    0.5782
    0.3851    0.0339    0.0000    0.0001    0.0544    0.5265
    0.3886    0.1276    0.0000    0.0009    0.1294    0.3535
    0.1927    0.0022    0.0000    0.0025    0.0000    0.8027
    0.3764    0.4391    0.0000    0.0002    0.1340    0.0503
    0.3783    0.1157    0.0000    0.0011    0.1130    0.3919
    0.1349    0.0027    0.0000    0.0007    0.0023    0.8595
    0.3269    0.0594    0.0000    0.0008    0.0026    0.6103
    0.1105    0.0010    0.0000    0.0019    0.0007    0.8858
    0.3776    0.3308    0.0000    0.0026    0.1561    0.1330
    0.3269    0.0594    0.0000    0.0008    0.0026    0.6103
    0.2134    0.0066    0.0000    0.0066    0.0024    0.7709
    0.2156    0.0884    0.0000    0.0170    0.0017    0.6773
    0.1778    0.1151    0.0000    0.0050    0.0022    0.6999
    0.0010    0.0322    0.0000    0.0058    0.0874    0.8735
    0.3783    0.0131    0.0000    0.0028    0.1007    0.5050
    0.1846    0.0382    0.0000    0.0005    0.0022    0.7745
    0.1774    0.0044    0.0000    0.0006    0.0023    0.8153
    0.3974    0.0457    0.0000    0.0014    0.0637    0.4918
    0.0264    0.0000    0.0000    0.0100    0.0143    0.9493
    0.3736    0.1718    0.0000    0.0009    0.1139    0.3399
    0.1973    0.0020    0.0000    0.0006    0.0010    0.7990
    0.3536    0.3083    0.0000    0.0071    0.1486    0.1823
    0.3421    0.1525    0.0000    0.0022    0.1380    0.3653
    0.3582    0.3250    0.0000    0.0025    0.1541    0.1603
    0.3936    0.2693    0.0000    0.0000    0.1632    0.1738
    0.0995    0.0035    0.0000    0.0006    0.0087    0.8877
    0.0001    0.0000    0.0000    0.0015    0.0688    0.9296
    0.3611    0.1072    0.0000    0.0000    0.1300    0.4016
    0.0000    0.0000    0.0000    0.0047    0.0027    0.9926
    0.3666    0.3262    0.0000    0.0074    0.1531    0.1467
    0.0173    0.0000    0.0000    0.0066    0.0323    0.9439
    0.0000    0.0163    0.0000    0.0237    0.0456    0.9144
    0.1776    0.0333    0.0000    0.0013    0.0006    0.7872
    0.4064    0.1612    0.0000    0.0002    0.1574    0.2749
    0.1930    0.0400    0.0000    0.0005    0.0023    0.7642
    0.3876    0.2724    0.0000    0.0043    0.1179    0.2178
    0.3856    0.0111    0.0000    0.0035    0.1610    0.4387
    0.0000    0.0000    0.0000    0.0119    0.0054    0.9828
    0.3611    0.4358    0.0000    0.0008    0.1729    0.0293
    0.0037    0.0470    0.0000    0.0042    0.0433    0.9019
    0.3674    0.2839    0.0000    0.0020    0.1248    0.2220
    0.1449    0.0025    0.0000    0.0006    0.0020    0.8500
    0.1428    0.0045    0.0000    0.0007    0.0024    0.8496
    0.3905    0.0435    0.0000    0.0022    0.0275    0.5364
    0.3676    0.2841    0.0000    0.0060    0.1202    0.2221
    0.4110    0.0199    0.0000    0.0001    0.0833    0.4857
    0.3843    0.1870    0.0000    0.0011    0.1127    0.3149
    0.3821    0.0481    0.0000    0.0002    0.0570    0.5127
    0.1742    0.0046    0.0000    0.0007    0.0024    0.8181
    0.1830    0.0523    0.0000    0.0023    0.0000    0.7624
    0.1732    0.0026    0.0000    0.0006    0.0022    0.8214
    0.1748    0.1131    0.0000    0.0049    0.0021    0.7050
    0.1773    0.0143    0.0000    0.0005    0.0016    0.8063
    0.1167    0.0096    0.0000    0.0007    0.0080    0.8650
    0.0001    0.1018    0.0000    0.0006    0.0644    0.8331
    0.3456    0.0542    0.0000    0.0018    0.0000    0.5983
    0.3293    0.2555    0.0000    0.0030    0.1042    0.3080
    0.4080    0.0438    0.0000    0.0002    0.0000    0.5480
    0.3684    0.0974    0.0000    0.0000    0.1244    0.4097
    0.4093    0.1767    0.0000    0.0158    0.1256    0.2727
    0.2991    0.0532    0.0000    0.0004    0.0015    0.6458
    0.2075    0.0000    0.0000    0.0009    0.0004    0.7911

 Output data matrix of Pareto front of final Gaussian process model:
        f1        f2        f3
 -280.7749   -2.7679-65065.5111
 -635.8580   -0.9823-89730.9532
 -304.4354   -2.3019-51300.8202
 -636.5735   -0.9915-89170.2958
 -526.4016   -1.4416-99676.2796
 -280.7749   -2.7679-65065.5111
 -368.0503   -2.0301-76572.8698
 -371.3533   -2.0232-77346.9739
 -282.9826   -2.6746-61675.1258
 -288.8477   -2.5062-56704.9228
 -410.1582   -1.9695-82927.0995
 -386.2218   -2.0008-79537.5935
 -624.0965   -1.0806-92125.9669
 -435.1322   -1.9267-86761.1208
 -378.1775   -2.0146-78176.2260
 -551.1072   -1.4270-95577.9370
 -285.3542   -2.6249-58880.4529
 -382.0419   -2.0075-78887.9200
 -608.1129   -1.1929-94505.7537
 -453.3374   -1.8832-88702.9118
 -635.1917   -1.0072-89742.2403
 -284.8946   -2.5842-59886.4045
 -364.8733   -2.0355-76017.0667
 -356.0621   -2.0509-73710.7362
 -417.8733   -1.9597-83924.5819
 -613.2685   -1.1593-93938.4340
 -362.9760   -2.0386-75628.7126
 -615.1062   -1.1551-93020.1536
 -429.3456   -1.9426-85522.7014
 -294.6979   -2.3704-57097.2607
 -494.8123   -1.7139-94665.8068
 -515.3720   -1.5951-95958.9954
 -450.3973   -1.8913-88002.5471
 -632.3761   -1.0319-90628.1147
 -503.2222   -1.6625-96669.1616
 -456.8011   -1.8703-90492.9128
 -425.7759   -1.9481-85098.3685
 -286.9569   -2.5397-57704.4202
 -311.7089   -2.2277-64523.2078
 -568.5593   -1.3523-90076.1429
 -622.5239   -1.1003-92447.2201
 -339.7249   -2.0845-60578.5692
 -480.9837   -1.7830-93829.7177
 -353.4573   -2.0568-72623.3751
 -582.4750   -1.3071-96139.4969
 -285.5935   -2.5293-61260.6732
 -518.2662   -1.5696-97302.2761
 -374.8278   -2.0185-77476.7174
 -470.7114   -1.8261-92788.5926
 -315.1811   -2.2119-65643.2998
 -351.1153   -2.0619-73105.0319
 -391.2413   -1.9961-80141.1701
 -402.2154   -1.9821-81659.8872
 -499.3913   -1.6890-94907.9343
 -291.0659   -2.4381-54898.5368
 -423.6169   -1.9525-84688.9661
 -289.2048   -2.4909-55661.2422
 -282.0609   -2.6431-63197.2289
 -617.0583   -1.1264-92799.8291
 -284.0869   -2.6008-60928.1398
 -344.7023   -2.0635-73300.3314
 -293.4435   -2.4222-53517.9056
 -342.1478   -2.0745-72373.4885
 -286.4276   -2.5503-58421.5616
 -603.9746   -1.2120-93982.2558
 -317.6035   -2.1985-66072.6899
 -445.1732   -1.9053-86037.8422
 -579.0604   -1.2823-97568.2364
