
 TSEMO log file created on 26-Feb-2020 

 This file shows the initial specifications of TSEMO and logs the output.
 ¯¯¯¯¯¯¯¯¯¯¯¯¯¯¯¯¯¯¯¯¯¯¯¯¯¯¯¯¯¯¯¯¯¯¯¯¯¯¯¯¯¯¯¯¯¯¯¯¯¯¯¯¯¯¯¯¯¯¯¯¯¯¯¯¯¯¯¯¯¯¯¯¯¯¯¯¯¯¯¯¯¯¯¯¯¯¯¯¯¯¯¯¯¯¯¯¯¯¯¯¯¯
 License information 

 BSD 2-Clause License 

 Copyright (c) 2017, Eric Bradford, Artur M. Schweidtmann and Alexei Lapkin
 All rights reserved. 

 Redistribution and use in source and binary forms, with or without
 modification, are permitted provided that the following conditions are met: 

 *Redistributions of source code must retain the above copyright notice, this   
  list of conditions and the following disclaimer. 

 *Redistributions in binary form must reproduce the above copyright notice,   
  this list of conditions and the following disclaimer in the documentation   
  and/or other materials provided with the distribution. 

 Modified by Mina Konakovic Lukovic 2019. 

 ¯¯¯¯¯¯¯¯¯¯¯¯¯¯¯¯¯¯¯¯¯¯¯¯¯¯¯¯¯¯¯¯¯¯¯¯¯¯¯¯¯¯¯¯¯¯¯¯¯¯¯¯¯¯¯¯¯¯¯¯¯¯¯¯¯¯¯¯¯¯¯¯¯¯¯¯¯¯¯¯¯¯¯¯¯¯¯¯¯¯¯¯¯¯¯¯¯¯¯¯¯¯
 Problem specifications 

 Function used:   consta 

 Number of inputs:   6
 Number of outputs:  3 

 Lower bounds of decision variables:
      x1      x2      x3      x4      x5      x6
  0.0000  0.0000  0.0000  0.0000  0.0000  0.0000
 
 Upper bounds of decision variables:
      x1      x2      x3      x4      x5      x6
  1.0000  1.0000  0.5000  1.0000  1.0000  1.0000
 ¯¯¯¯¯¯¯¯¯¯¯¯¯¯¯¯¯¯¯¯¯¯¯¯¯¯¯¯¯¯¯¯¯¯¯¯¯¯¯¯¯¯¯¯¯¯¯¯¯¯¯¯¯¯¯¯¯¯¯¯¯¯¯¯¯¯¯¯¯¯¯¯¯¯¯¯¯¯¯¯¯¯¯¯¯¯¯¯¯¯¯¯¯¯¯¯¯¯¯¯¯¯
 Algorithm options 

 Maximum number of function evaluations:  4
 Sample batch size:                       4
 Number of algorithm iterations:          1 

 Genetic algorithm population size:        200
 Genetic algorithm number of generations:  200 

                                               f1      f2      f3
 Number of spectral sampling points:         4000    4000    4000
 Type of matern function:                       5       5       5
 Direct evaluations per input dimension:      200     200     200
 ¯¯¯¯¯¯¯¯¯¯¯¯¯¯¯¯¯¯¯¯¯¯¯¯¯¯¯¯¯¯¯¯¯¯¯¯¯¯¯¯¯¯¯¯¯¯¯¯¯¯¯¯¯¯¯¯¯¯¯¯¯¯¯¯¯¯¯¯¯¯¯¯¯¯¯¯¯¯¯¯¯¯¯¯¯¯¯¯¯¯¯¯¯¯¯¯¯¯¯¯¯¯
 Initial data set 

 Number of initial data points:  119 

 Initial input data matrix:
      x1      x2      x3      x4      x5      x6
  0.3200  0.1300  0.0500  0.2100  0.0400  0.2500
  0.0000  0.1800  0.2100  0.2800  0.2000  0.1300
  0.0000  0.0200  0.3800  0.0400  0.2900  0.2700
  0.1900  0.3000  0.1000  0.0600  0.0700  0.2800
  0.0800  0.1600  0.1400  0.0400  0.1900  0.3900
  0.3400  0.0600  0.2300  0.1600  0.1900  0.0200
  0.1400  0.1000  0.0700  0.2000  0.2700  0.2200
  0.0700  0.0700  0.3200  0.2100  0.0300  0.3000
  0.0200  0.0100  0.2700  0.1300  0.4900  0.0800
  0.0900  0.3200  0.0300  0.1300  0.3700  0.0600
  0.0800  0.2100  0.0200  0.0000  0.6100  0.0800
  0.0900  0.3200  0.0400  0.2100  0.1700  0.1700
  0.1400  0.3000  0.0700  0.1000  0.2500  0.1400
  0.0400  0.1700  0.0700  0.2200  0.2400  0.2600
  0.1700  0.1500  0.2800  0.2900  0.0000  0.1100
  0.1000  0.1400  0.1400  0.2600  0.2700  0.0900
  1.0000  0.0000  0.0000  0.0000  0.0000  0.0000
  0.0000  1.0000  0.0000  0.0000  0.0000  0.0000
  0.0000  0.0000  0.0000  1.0000  0.0000  0.0000
  0.6000  0.4000  0.0000  0.0000  0.0000  0.0000
  0.5500  0.4500  0.0000  0.0000  0.0000  0.0000
  0.5000  0.5000  0.0000  0.0000  0.0000  0.0000
  0.4500  0.5500  0.0000  0.0000  0.0000  0.0000
  0.4000  0.6000  0.0000  0.0000  0.0000  0.0000
  0.2700  0.4400  0.0900  0.0400  0.0800  0.0800
  0.0400  0.1900  0.3600  0.2000  0.1200  0.0900
  0.0000  0.5900  0.0000  0.0800  0.0800  0.2500
  0.0000  0.3900  0.1300  0.0700  0.0300  0.3800
  0.0100  0.5100  0.0000  0.1000  0.0200  0.3600
  0.0100  0.6200  0.0100  0.0300  0.1000  0.2300
  0.0600  0.3000  0.4100  0.0100  0.0100  0.2100
  0.0800  0.3200  0.5000  0.0700  0.0200  0.0100
  0.1500  0.2800  0.2500  0.0100  0.0600  0.2500
  0.0000  0.0000  0.0000  0.0000  0.0000  1.0000
  0.0000  0.0000  0.0000  0.0000  1.0000  0.0000
  0.0200  0.1100  0.0000  0.5000  0.0300  0.3400
  0.0100  0.1900  0.0000  0.0000  0.0000  0.8000
  0.0100  0.3900  0.0000  0.0200  0.0100  0.5700
  0.1800  0.1200  0.0000  0.3600  0.0000  0.3400
  0.0100  0.0000  0.1300  0.2500  0.0000  0.6100
  0.3200  0.0000  0.1200  0.0100  0.0000  0.5500
  0.0100  0.1500  0.1000  0.2100  0.0000  0.5300
  0.0100  0.0000  0.1500  0.2500  0.0000  0.5900
  0.1500  0.4500  0.0400  0.0300  0.0100  0.3200
  0.0500  0.3200  0.0000  0.5700  0.0600  0.0000
  0.3100  0.5200  0.0000  0.0800  0.0200  0.0700
  0.1500  0.0400  0.1300  0.6700  0.0100  0.0000
  0.0000  0.2100  0.2000  0.5800  0.0100  0.0000
  0.0000  0.0100  0.2800  0.6700  0.0100  0.0300
  0.0100  0.2800  0.1100  0.4600  0.1100  0.0300
  0.4900  0.0600  0.0000  0.1400  0.0200  0.2900
  0.1400  0.0000  0.0700  0.0100  0.0100  0.7700
  0.0300  0.5800  0.1800  0.0400  0.1000  0.0700
  0.0000  0.3100  0.0100  0.0200  0.1500  0.5100
  0.2500  0.0100  0.0100  0.0400  0.1300  0.5600
  0.2900  0.4500  0.0600  0.0800  0.1200  0.0000
  0.0200  0.0100  0.1600  0.0100  0.5000  0.3000
  0.0200  0.2400  0.0000  0.0300  0.2600  0.4500
  0.0000  0.0100  0.0000  0.0100  0.2700  0.7100
  0.0900  0.0200  0.0000  0.0600  0.4000  0.4300
  0.0000  0.1600  0.0000  0.0000  0.2500  0.5900
  0.3200  0.0900  0.0200  0.0100  0.0100  0.5500
  0.0000  0.0800  0.1300  0.0000  0.1100  0.6800
  0.3900  0.0100  0.0300  0.0000  0.0000  0.5700
  0.2600  0.1800  0.0200  0.0100  0.0100  0.5200
  0.2000  0.1600  0.0000  0.0000  0.0000  0.6400
  0.5100  0.3100  0.0700  0.0100  0.0100  0.0900
  0.1400  0.1700  0.0200  0.0000  0.0000  0.6700
  0.0000  0.0300  0.0200  0.2100  0.3200  0.4200
  0.5700  0.0000  0.1100  0.0100  0.1000  0.2100
  0.5100  0.2500  0.1000  0.0200  0.1200  0.0000
  0.5100  0.0100  0.0700  0.0200  0.1100  0.2800
  0.0000  0.0000  0.0000  0.0200  0.0000  0.9800
  0.6000  0.0000  0.0300  0.0000  0.0200  0.3500
  0.3400  0.0000  0.1100  0.0100  0.0600  0.4800
  0.4400  0.1100  0.1100  0.0000  0.0600  0.2800
  0.6600  0.0000  0.0800  0.0000  0.0000  0.2600
  0.3700  0.4700  0.1000  0.0000  0.0600  0.0000
  0.4400  0.3000  0.0900  0.0400  0.1300  0.0000
  0.2700  0.6100  0.1200  0.0000  0.0000  0.0000
  0.0100  0.0000  0.0000  0.0200  0.0800  0.8900
  0.2100  0.1100  0.0600  0.0000  0.1400  0.4800
  0.5200  0.0100  0.0100  0.0000  0.0000  0.4600
  0.0000  0.3800  0.0100  0.0000  0.0000  0.6100
  0.0000  0.3100  0.0100  0.0000  0.0000  0.6800
  0.3200  0.3400  0.0200  0.0000  0.0100  0.3100
  0.0100  0.4100  0.0000  0.0000  0.0100  0.5700
  0.0000  0.4100  0.0000  0.1300  0.0000  0.4600
  0.0000  0.1800  0.0000  0.2600  0.0100  0.5500
  0.0400  0.4500  0.0000  0.0700  0.0100  0.4300
  0.0000  0.2500  0.0000  0.2500  0.0000  0.5000
  0.3600  0.2000  0.0200  0.0800  0.0000  0.3400
  0.2100  0.0000  0.0000  0.3300  0.0100  0.4500
  0.2500  0.0000  0.0000  0.3100  0.0100  0.4300
  0.1900  0.0000  0.0000  0.3200  0.0100  0.4800
  0.0000  0.6300  0.1000  0.0000  0.0000  0.2700
  0.0000  0.6600  0.0900  0.0000  0.0000  0.2500
  0.0000  0.3300  0.1100  0.0100  0.0000  0.5500
  0.0000  0.6800  0.0900  0.0000  0.0100  0.2200
  0.3500  0.0000  0.0000  0.0100  0.0000  0.6400
  0.0100  0.0000  0.0000  0.3600  0.0000  0.6300
  0.4800  0.0000  0.0100  0.0000  0.1200  0.3900
  0.3900  0.0000  0.0000  0.0200  0.0100  0.5800
  0.4000  0.1700  0.0000  0.0000  0.1200  0.3100
  0.4400  0.2700  0.0000  0.0000  0.1700  0.1200
  0.3400  0.1400  0.0000  0.0000  0.1300  0.3900
  0.3300  0.1200  0.0000  0.0000  0.1300  0.4200
  0.3900  0.0000  0.0000  0.0000  0.2200  0.3900
  0.3900  0.3100  0.0000  0.0000  0.2200  0.0800
  0.4100  0.0000  0.0000  0.0000  0.2500  0.3400
  0.3500  0.0000  0.0000  0.0000  0.2000  0.4500
  0.3300  0.0000  0.0000  0.0000  0.2100  0.4600
  0.3100  0.0000  0.0000  0.0000  0.2000  0.4900
  0.3500  0.0000  0.0000  0.0000  0.2100  0.4400
  0.2000  0.0000  0.0000  0.0000  0.0100  0.7900
  0.5000  0.0000  0.0000  0.0000  0.3000  0.2000
  0.5300  0.0600  0.0000  0.0000  0.3200  0.0900
  0.5300  0.0000  0.0000  0.0000  0.3300  0.1400
  0.4200  0.0000  0.0000  0.0000  0.2700  0.3100

 Initial output data matrix:
      f1      f2      f3
-477.3645 -1.2974-78049.1925
-454.7535 -1.3662-68112.8155
-279.9044 -2.1133-51731.0693
-469.5247 -1.7578-77876.9026
-440.0426 -1.9634-76654.9118
-365.6047 -1.2303-62118.0243
-410.9856 -1.1190-66049.6554
-136.1656 -0.8962-22268.5639
-369.0088 -1.3142-61644.3643
-533.9811 -0.8968-68784.7611
-442.6768 -0.7257-59416.2131
-507.4257 -0.9822-66650.9629
-443.6008 -1.1184-65323.0907
-489.5899 -1.3294-72483.9913
-359.3333 -1.7335-60280.1487
-485.2462 -0.8865-66192.4108
-228.9585 -0.7284-49588.2084
-435.6576 -1.1748-60782.1527
-368.0328 -0.0378-29839.9581
-558.3333 -1.0147-72324.3305
-545.1107 -1.0090-76481.1353
-595.9865 -1.0313-80252.0073
-577.5167 -1.0272-78299.5278
-603.0115 -1.0486-79494.8772
-536.4679 -1.3385-83057.1828
-380.6202 -1.5761-63939.3838
-487.9964 -1.6929-74452.7693
-492.2164 -2.0354-77476.1977
-483.0457 -1.7036-74331.8675
-461.0062 -1.5331-68683.9650
-428.6732 -1.9582-73565.0149
-420.3458 -1.7501-70958.0370
-185.7397 -1.9998-39188.2443
-307.5914 -2.9333-68673.8814
-248.0791 -0.3369-41639.4837
-330.4220 -1.6093-58954.7196
-261.1897 -2.5356-54113.5267
-374.3907 -2.1313-72005.0906
-442.1932 -1.6426-73645.0393
-325.5454 -2.2577-65492.6760
-407.4563 -1.7142-79298.8675
-280.7768 -2.0890-55835.4428
-345.4445 -2.2639-66935.4850
-337.8766 -1.7123-65225.4544
-380.5099 -0.6146-47362.4095
-423.7886 -1.3121-68132.9194
-412.9137 -0.7221-59055.9302
-389.7163 -1.2975-60315.7332
-243.9299 -1.5816-43427.1956
-418.8166 -1.1219-61444.5239
-463.1094 -1.4660-81856.9346
-260.4919 -1.9421-59060.6871
-461.1271 -1.5697-75813.0466
-434.9195 -1.9723-80545.7853
-411.2741 -1.7072-85333.3874
-593.8157 -1.0758-82484.6477
-331.6431 -1.2261-62332.4475
-461.8788 -1.5726-80820.6379
-386.3988 -1.9098-76223.9832
-458.6168 -1.3865-78606.8274
-386.1546 -1.7969-73308.3934
-420.6757 -1.8963-83069.8760
-256.3444 -2.2542-53258.3199
-343.7864 -1.8975-72697.8828
-317.0968 -1.9236-66141.3310
-405.5608 -1.9380-81223.2023
-579.2708 -1.0437-87100.5169
-297.2664 -2.2664-61771.9743
-230.0024 -1.7750-53153.7094
-296.3126 -0.8946-60049.3899
-625.1337 -1.1253-94708.7918
-559.4404 -1.5604-98460.5528
-350.2734 -2.6724-74202.1381
-483.8073 -1.5770-91455.1658
-333.6048 -1.8340-67470.0844
-401.3639 -1.5176-75081.6898
-339.8147 -1.1731-68370.6235
-619.8270 -1.3159-92324.8900
-456.6095 -1.0320-73399.8497
-527.1160 -1.2052-80673.3135
-182.0132 -2.1459-33836.3245
-299.4935 -1.9115-62779.5207
-342.4831 -1.8084-73190.6083
-292.5484 -2.1003-64376.6034
-284.1961 -2.0337-60695.8700
-418.6794 -1.5121-75788.0791
-272.5130 -1.9527-60034.6655
-324.9663 -1.9969-65021.8788
-361.4059 -2.0913-69395.5054
-310.1195 -1.9192-61302.0228
-321.0298 -2.0199-62665.9535
-408.2643 -1.5818-76317.7672
-398.2560 -1.9114-74552.8783
-437.9660 -1.8110-79745.2693
-402.9772 -1.8842-75747.1961
-367.7646 -1.7661-65605.9795
-392.9406 -1.8913-69484.2021
-317.1051 -2.1952-63761.7220
-355.6015 -1.8014-64450.3268
-438.2688 -2.1205-87348.6010
-334.7339 -2.0407-65124.3183
-514.0293 -1.5443-93643.6527
-526.1093 -1.9176-98663.7705
-555.0826 -1.4101-91162.3449
-653.9760 -1.1215-96005.8355
-613.3157 -1.3545-102903.8092
-574.5688 -1.4762-99854.6710
-596.1996 -1.5851-97568.0584
-673.8733 -1.3085-96609.9429
-570.9253 -1.5720-97057.6408
-453.6160 -1.8559-85374.7271
-512.3685 -1.7799-93175.9066
-384.8236 -1.8510-77997.5467
-536.0149 -1.7113-96497.9814
-289.9712 -1.9717-66399.4183
-596.7186 -0.9982-92484.7776
-390.5278 -0.8869-64360.6166
-429.9865 -0.7968-68899.7837
-397.0291 -1.0850-76450.3138

 ¯¯¯¯¯¯¯¯¯¯¯¯¯¯¯¯¯¯¯¯¯¯¯¯¯¯¯¯¯¯¯¯¯¯¯¯¯¯¯¯¯¯¯¯¯¯¯¯¯¯¯¯¯¯¯¯¯¯¯¯¯¯¯¯¯¯¯¯¯¯¯¯¯¯¯¯¯¯¯¯¯¯¯¯¯¯¯¯¯¯¯¯¯¯¯¯¯¯¯¯¯¯
 Algorithm iteration 1 

 Predicted hypervolume improvement:    0.0656
 Time taken:   42.4931 

 Proposed evaluation point(s): 
      x1      x2      x3      x4      x5      x6
  0.4100  0.0000  0.0000  0.0000  0.0100  0.5800
  0.4900  0.0000  0.0000  0.0000  0.1100  0.4000
  0.2300  0.0000  0.0000  0.0000  0.0000  0.7700
  0.4800  0.0000  0.0000  0.0000  0.1500  0.3700

 Corresponding observation(s): 
      f1      f2      f3
-450.1516 -1.9690-89227.0331
-478.0783 -1.6151-99247.1670
-367.4706 -2.1735-71214.0388
-491.2417 -1.5198-99876.6089

 ¯¯¯¯¯¯¯¯¯¯¯¯¯¯¯¯¯¯¯¯¯¯¯¯¯¯¯¯¯¯¯¯¯¯¯¯¯¯¯¯¯¯¯¯¯¯¯¯¯¯¯¯¯¯¯¯¯¯¯¯¯¯¯¯¯¯¯¯¯¯¯¯¯¯¯¯¯¯¯¯¯¯¯¯¯¯¯¯¯¯¯¯¯¯¯¯¯¯¯¯¯¯
 Final algorithm output 

 Final input data matrix:
        x1        x2        x3        x4        x5        x6
    0.3200    0.1300    0.0500    0.2100    0.0400    0.2500
    0.0000    0.1800    0.2100    0.2800    0.2000    0.1300
    0.0000    0.0200    0.3800    0.0400    0.2900    0.2700
    0.1900    0.3000    0.1000    0.0600    0.0700    0.2800
    0.0800    0.1600    0.1400    0.0400    0.1900    0.3900
    0.3400    0.0600    0.2300    0.1600    0.1900    0.0200
    0.1400    0.1000    0.0700    0.2000    0.2700    0.2200
    0.0700    0.0700    0.3200    0.2100    0.0300    0.3000
    0.0200    0.0100    0.2700    0.1300    0.4900    0.0800
    0.0900    0.3200    0.0300    0.1300    0.3700    0.0600
    0.0800    0.2100    0.0200    0.0000    0.6100    0.0800
    0.0900    0.3200    0.0400    0.2100    0.1700    0.1700
    0.1400    0.3000    0.0700    0.1000    0.2500    0.1400
    0.0400    0.1700    0.0700    0.2200    0.2400    0.2600
    0.1700    0.1500    0.2800    0.2900    0.0000    0.1100
    0.1000    0.1400    0.1400    0.2600    0.2700    0.0900
    1.0000    0.0000    0.0000    0.0000    0.0000    0.0000
    0.0000    1.0000    0.0000    0.0000    0.0000    0.0000
    0.0000    0.0000    0.0000    1.0000    0.0000    0.0000
    0.6000    0.4000    0.0000    0.0000    0.0000    0.0000
    0.5500    0.4500    0.0000    0.0000    0.0000    0.0000
    0.5000    0.5000    0.0000    0.0000    0.0000    0.0000
    0.4500    0.5500    0.0000    0.0000    0.0000    0.0000
    0.4000    0.6000    0.0000    0.0000    0.0000    0.0000
    0.2700    0.4400    0.0900    0.0400    0.0800    0.0800
    0.0400    0.1900    0.3600    0.2000    0.1200    0.0900
    0.0000    0.5900    0.0000    0.0800    0.0800    0.2500
    0.0000    0.3900    0.1300    0.0700    0.0300    0.3800
    0.0100    0.5100    0.0000    0.1000    0.0200    0.3600
    0.0100    0.6200    0.0100    0.0300    0.1000    0.2300
    0.0600    0.3000    0.4100    0.0100    0.0100    0.2100
    0.0800    0.3200    0.5000    0.0700    0.0200    0.0100
    0.1500    0.2800    0.2500    0.0100    0.0600    0.2500
    0.0000    0.0000    0.0000    0.0000    0.0000    1.0000
    0.0000    0.0000    0.0000    0.0000    1.0000    0.0000
    0.0200    0.1100    0.0000    0.5000    0.0300    0.3400
    0.0100    0.1900    0.0000    0.0000    0.0000    0.8000
    0.0100    0.3900    0.0000    0.0200    0.0100    0.5700
    0.1800    0.1200    0.0000    0.3600    0.0000    0.3400
    0.0100    0.0000    0.1300    0.2500    0.0000    0.6100
    0.3200    0.0000    0.1200    0.0100    0.0000    0.5500
    0.0100    0.1500    0.1000    0.2100    0.0000    0.5300
    0.0100    0.0000    0.1500    0.2500    0.0000    0.5900
    0.1500    0.4500    0.0400    0.0300    0.0100    0.3200
    0.0500    0.3200    0.0000    0.5700    0.0600    0.0000
    0.3100    0.5200    0.0000    0.0800    0.0200    0.0700
    0.1500    0.0400    0.1300    0.6700    0.0100    0.0000
    0.0000    0.2100    0.2000    0.5800    0.0100    0.0000
    0.0000    0.0100    0.2800    0.6700    0.0100    0.0300
    0.0100    0.2800    0.1100    0.4600    0.1100    0.0300
    0.4900    0.0600    0.0000    0.1400    0.0200    0.2900
    0.1400    0.0000    0.0700    0.0100    0.0100    0.7700
    0.0300    0.5800    0.1800    0.0400    0.1000    0.0700
    0.0000    0.3100    0.0100    0.0200    0.1500    0.5100
    0.2500    0.0100    0.0100    0.0400    0.1300    0.5600
    0.2900    0.4500    0.0600    0.0800    0.1200    0.0000
    0.0200    0.0100    0.1600    0.0100    0.5000    0.3000
    0.0200    0.2400    0.0000    0.0300    0.2600    0.4500
    0.0000    0.0100    0.0000    0.0100    0.2700    0.7100
    0.0900    0.0200    0.0000    0.0600    0.4000    0.4300
    0.0000    0.1600    0.0000    0.0000    0.2500    0.5900
    0.3200    0.0900    0.0200    0.0100    0.0100    0.5500
    0.0000    0.0800    0.1300    0.0000    0.1100    0.6800
    0.3900    0.0100    0.0300    0.0000    0.0000    0.5700
    0.2600    0.1800    0.0200    0.0100    0.0100    0.5200
    0.2000    0.1600    0.0000    0.0000    0.0000    0.6400
    0.5100    0.3100    0.0700    0.0100    0.0100    0.0900
    0.1400    0.1700    0.0200    0.0000    0.0000    0.6700
    0.0000    0.0300    0.0200    0.2100    0.3200    0.4200
    0.5700    0.0000    0.1100    0.0100    0.1000    0.2100
    0.5100    0.2500    0.1000    0.0200    0.1200    0.0000
    0.5100    0.0100    0.0700    0.0200    0.1100    0.2800
    0.0000    0.0000    0.0000    0.0200    0.0000    0.9800
    0.6000    0.0000    0.0300    0.0000    0.0200    0.3500
    0.3400    0.0000    0.1100    0.0100    0.0600    0.4800
    0.4400    0.1100    0.1100    0.0000    0.0600    0.2800
    0.6600    0.0000    0.0800    0.0000    0.0000    0.2600
    0.3700    0.4700    0.1000    0.0000    0.0600    0.0000
    0.4400    0.3000    0.0900    0.0400    0.1300    0.0000
    0.2700    0.6100    0.1200    0.0000    0.0000    0.0000
    0.0100    0.0000    0.0000    0.0200    0.0800    0.8900
    0.2100    0.1100    0.0600    0.0000    0.1400    0.4800
    0.5200    0.0100    0.0100    0.0000    0.0000    0.4600
    0.0000    0.3800    0.0100    0.0000    0.0000    0.6100
    0.0000    0.3100    0.0100    0.0000    0.0000    0.6800
    0.3200    0.3400    0.0200    0.0000    0.0100    0.3100
    0.0100    0.4100    0.0000    0.0000    0.0100    0.5700
    0.0000    0.4100    0.0000    0.1300    0.0000    0.4600
    0.0000    0.1800    0.0000    0.2600    0.0100    0.5500
    0.0400    0.4500    0.0000    0.0700    0.0100    0.4300
    0.0000    0.2500    0.0000    0.2500    0.0000    0.5000
    0.3600    0.2000    0.0200    0.0800    0.0000    0.3400
    0.2100    0.0000    0.0000    0.3300    0.0100    0.4500
    0.2500    0.0000    0.0000    0.3100    0.0100    0.4300
    0.1900    0.0000    0.0000    0.3200    0.0100    0.4800
    0.0000    0.6300    0.1000    0.0000    0.0000    0.2700
    0.0000    0.6600    0.0900    0.0000    0.0000    0.2500
    0.0000    0.3300    0.1100    0.0100    0.0000    0.5500
    0.0000    0.6800    0.0900    0.0000    0.0100    0.2200
    0.3500    0.0000    0.0000    0.0100    0.0000    0.6400
    0.0100    0.0000    0.0000    0.3600    0.0000    0.6300
    0.4800    0.0000    0.0100    0.0000    0.1200    0.3900
    0.3900    0.0000    0.0000    0.0200    0.0100    0.5800
    0.4000    0.1700    0.0000    0.0000    0.1200    0.3100
    0.4400    0.2700    0.0000    0.0000    0.1700    0.1200
    0.3400    0.1400    0.0000    0.0000    0.1300    0.3900
    0.3300    0.1200    0.0000    0.0000    0.1300    0.4200
    0.3900    0.0000    0.0000    0.0000    0.2200    0.3900
    0.3900    0.3100    0.0000    0.0000    0.2200    0.0800
    0.4100    0.0000    0.0000    0.0000    0.2500    0.3400
    0.3500    0.0000    0.0000    0.0000    0.2000    0.4500
    0.3300    0.0000    0.0000    0.0000    0.2100    0.4600
    0.3100    0.0000    0.0000    0.0000    0.2000    0.4900
    0.3500    0.0000    0.0000    0.0000    0.2100    0.4400
    0.2000    0.0000    0.0000    0.0000    0.0100    0.7900
    0.5000    0.0000    0.0000    0.0000    0.3000    0.2000
    0.5300    0.0600    0.0000    0.0000    0.3200    0.0900
    0.5300    0.0000    0.0000    0.0000    0.3300    0.1400
    0.4200    0.0000    0.0000    0.0000    0.2700    0.3100
    0.4100    0.0000    0.0000    0.0000    0.0100    0.5800
    0.4900    0.0000    0.0000    0.0000    0.1100    0.4000
    0.2300    0.0000    0.0000    0.0000    0.0000    0.7700
    0.4800    0.0000    0.0000    0.0000    0.1500    0.3700

 Final output data matrix:
        f1        f2        f3
 -477.3645   -1.2974-78049.1925
 -454.7535   -1.3662-68112.8155
 -279.9044   -2.1133-51731.0693
 -469.5247   -1.7578-77876.9026
 -440.0426   -1.9634-76654.9118
 -365.6047   -1.2303-62118.0243
 -410.9856   -1.1190-66049.6554
 -136.1656   -0.8962-22268.5639
 -369.0088   -1.3142-61644.3643
 -533.9811   -0.8968-68784.7611
 -442.6768   -0.7257-59416.2131
 -507.4257   -0.9822-66650.9629
 -443.6008   -1.1184-65323.0907
 -489.5899   -1.3294-72483.9913
 -359.3333   -1.7335-60280.1487
 -485.2462   -0.8865-66192.4108
 -228.9585   -0.7284-49588.2084
 -435.6576   -1.1748-60782.1527
 -368.0328   -0.0378-29839.9581
 -558.3333   -1.0147-72324.3305
 -545.1107   -1.0090-76481.1353
 -595.9865   -1.0313-80252.0073
 -577.5167   -1.0272-78299.5278
 -603.0115   -1.0486-79494.8772
 -536.4679   -1.3385-83057.1828
 -380.6202   -1.5761-63939.3838
 -487.9964   -1.6929-74452.7693
 -492.2164   -2.0354-77476.1977
 -483.0457   -1.7036-74331.8675
 -461.0062   -1.5331-68683.9650
 -428.6732   -1.9582-73565.0149
 -420.3458   -1.7501-70958.0370
 -185.7397   -1.9998-39188.2443
 -307.5914   -2.9333-68673.8814
 -248.0791   -0.3369-41639.4837
 -330.4220   -1.6093-58954.7196
 -261.1897   -2.5356-54113.5267
 -374.3907   -2.1313-72005.0906
 -442.1932   -1.6426-73645.0393
 -325.5454   -2.2577-65492.6760
 -407.4563   -1.7142-79298.8675
 -280.7768   -2.0890-55835.4428
 -345.4445   -2.2639-66935.4850
 -337.8766   -1.7123-65225.4544
 -380.5099   -0.6146-47362.4095
 -423.7886   -1.3121-68132.9194
 -412.9137   -0.7221-59055.9302
 -389.7163   -1.2975-60315.7332
 -243.9299   -1.5816-43427.1956
 -418.8166   -1.1219-61444.5239
 -463.1094   -1.4660-81856.9346
 -260.4919   -1.9421-59060.6871
 -461.1271   -1.5697-75813.0466
 -434.9195   -1.9723-80545.7853
 -411.2741   -1.7072-85333.3874
 -593.8157   -1.0758-82484.6477
 -331.6431   -1.2261-62332.4475
 -461.8788   -1.5726-80820.6379
 -386.3988   -1.9098-76223.9832
 -458.6168   -1.3865-78606.8274
 -386.1546   -1.7969-73308.3934
 -420.6757   -1.8963-83069.8760
 -256.3444   -2.2542-53258.3199
 -343.7864   -1.8975-72697.8828
 -317.0968   -1.9236-66141.3310
 -405.5608   -1.9380-81223.2023
 -579.2708   -1.0437-87100.5169
 -297.2664   -2.2664-61771.9743
 -230.0024   -1.7750-53153.7094
 -296.3126   -0.8946-60049.3899
 -625.1337   -1.1253-94708.7918
 -559.4404   -1.5604-98460.5528
 -350.2734   -2.6724-74202.1381
 -483.8073   -1.5770-91455.1658
 -333.6048   -1.8340-67470.0844
 -401.3639   -1.5176-75081.6898
 -339.8147   -1.1731-68370.6235
 -619.8270   -1.3159-92324.8900
 -456.6095   -1.0320-73399.8497
 -527.1160   -1.2052-80673.3135
 -182.0132   -2.1459-33836.3245
 -299.4935   -1.9115-62779.5207
 -342.4831   -1.8084-73190.6083
 -292.5484   -2.1003-64376.6034
 -284.1961   -2.0337-60695.8700
 -418.6794   -1.5121-75788.0791
 -272.5130   -1.9527-60034.6655
 -324.9663   -1.9969-65021.8788
 -361.4059   -2.0913-69395.5054
 -310.1195   -1.9192-61302.0228
 -321.0298   -2.0199-62665.9535
 -408.2643   -1.5818-76317.7672
 -398.2560   -1.9114-74552.8783
 -437.9660   -1.8110-79745.2693
 -402.9772   -1.8842-75747.1961
 -367.7646   -1.7661-65605.9795
 -392.9406   -1.8913-69484.2021
 -317.1051   -2.1952-63761.7220
 -355.6015   -1.8014-64450.3268
 -438.2688   -2.1205-87348.6010
 -334.7339   -2.0407-65124.3183
 -514.0293   -1.5443-93643.6527
 -526.1093   -1.9176-98663.7705
 -555.0826   -1.4101-91162.3449
 -653.9760   -1.1215-96005.8355
 -613.3157   -1.3545-102903.8092
 -574.5688   -1.4762-99854.6710
 -596.1996   -1.5851-97568.0584
 -673.8733   -1.3085-96609.9429
 -570.9253   -1.5720-97057.6408
 -453.6160   -1.8559-85374.7271
 -512.3685   -1.7799-93175.9066
 -384.8236   -1.8510-77997.5467
 -536.0149   -1.7113-96497.9814
 -289.9712   -1.9717-66399.4183
 -596.7186   -0.9982-92484.7776
 -390.5278   -0.8869-64360.6166
 -429.9865   -0.7968-68899.7837
 -397.0291   -1.0850-76450.3138
 -450.1516   -1.9690-89227.0331
 -478.0783   -1.6151-99247.1670
 -367.4706   -2.1735-71214.0388
 -491.2417   -1.5198-99876.6089

 Input data matrix of corresponding Pareto front:
        x1        x2        x3        x4        x5        x6
    0.0000    0.3900    0.1300    0.0700    0.0300    0.3800
    0.0000    0.0000    0.0000    0.0000    0.0000    1.0000
    0.0100    0.3900    0.0000    0.0200    0.0100    0.5700
    0.5100    0.0100    0.0700    0.0200    0.1100    0.2800
    0.0000    0.0000    0.0000    0.0200    0.0000    0.9800
    0.3700    0.4700    0.1000    0.0000    0.0600    0.0000
    0.3500    0.0000    0.0000    0.0100    0.0000    0.6400
    0.3900    0.0000    0.0000    0.0200    0.0100    0.5800
    0.3400    0.1400    0.0000    0.0000    0.1300    0.3900
    0.3300    0.1200    0.0000    0.0000    0.1300    0.4200
    0.3900    0.0000    0.0000    0.0000    0.2200    0.3900
    0.3900    0.3100    0.0000    0.0000    0.2200    0.0800
    0.3500    0.0000    0.0000    0.0000    0.2100    0.4400

 Output data matrix of corresponding Pareto front:
        f1        f2        f3
 -492.2164   -2.0354-77476.1977
 -307.5914   -2.9333-68673.8814
 -374.3907   -2.1313-72005.0906
 -559.4404   -1.5604-98460.5528
 -350.2734   -2.6724-74202.1381
 -619.8270   -1.3159-92324.8900
 -438.2688   -2.1205-87348.6010
 -526.1093   -1.9176-98663.7705
 -613.3157   -1.3545-102903.8092
 -574.5688   -1.4762-99854.6710
 -596.1996   -1.5851-97568.0584
 -673.8733   -1.3085-96609.9429
 -536.0149   -1.7113-96497.9814

 Input data matrix of Pareto front of final Gaussian process model:
        x1        x2        x3        x4        x5        x6
    0.0567    0.0000    0.0000    0.0010    0.0041    0.9382
    0.0000    0.0000    0.0000    0.0000    0.0000    1.0000
    0.4098    0.3960    0.0000    0.0000    0.1941    0.0000
    0.4027    0.4036    0.0000    0.0241    0.1697    0.0000
    0.4566    0.0930    0.0000    0.0000    0.1421    0.3082
    0.0000    0.0000    0.0000    0.0000    0.0000    1.0000
    0.0649    0.0000    0.0000    0.0004    0.0022    0.9324
    0.0829    0.0000    0.0000    0.0000    0.0000    0.9171
    0.2996    0.0108    0.0000    0.0001    0.0000    0.6895
    0.2181    0.0000    0.0000    0.0016    0.0002    0.7801
    0.1004    0.0000    0.0000    0.0000    0.0000    0.8996
    0.2109    0.0076    0.0000    0.0001    0.0000    0.7814
    0.3293    0.0000    0.0000    0.0016    0.0002    0.6689
    0.3061    0.0083    0.0000    0.0004    0.0030    0.6822
    0.1590    0.0001    0.0000    0.0000    0.0000    0.8409
    0.3408    0.0007    0.0000    0.0003    0.0000    0.6582
    0.1924    0.0000    0.0000    0.0000    0.0000    0.8076
    0.3345    0.0080    0.0000    0.0004    0.0000    0.6570
    0.3473    0.0000    0.0000    0.0436    0.0000    0.6091
    0.3999    0.4119    0.0000    0.0001    0.1514    0.0368
    0.0540    0.0008    0.0000    0.0004    0.0000    0.9448
    0.1653    0.0000    0.0000    0.0013    0.0000    0.8333
    0.3426    0.3982    0.0000    0.0009    0.1777    0.0806
    0.1245    0.0025    0.0000    0.0007    0.0000    0.8723
    0.2914    0.0098    0.0000    0.0107    0.0000    0.6881
    0.1865    0.0003    0.0000    0.0003    0.0000    0.8128
    0.0331    0.0019    0.0000    0.0001    0.0000    0.9650
    0.2486    0.0000    0.0000    0.0007    0.0002    0.7505
    0.3049    0.0396    0.0000    0.0015    0.0000    0.6540
    0.3720    0.3879    0.0000    0.0001    0.1063    0.1337
    0.3396    0.3015    0.0000    0.0060    0.0997    0.2532
    0.1470    0.0016    0.0000    0.0003    0.0000    0.8511
    0.0074    0.0005    0.0000    0.0000    0.0000    0.9921
    0.3432    0.1024    0.0000    0.0000    0.1406    0.4138
    0.2567    0.0000    0.0000    0.0006    0.0001    0.7426
    0.3665    0.1441    0.0000    0.0018    0.1485    0.3391
    0.3972    0.0183    0.0000    0.0009    0.0616    0.5219
    0.3759    0.3530    0.0000    0.0000    0.1394    0.1317
    0.2435    0.0003    0.0000    0.0005    0.0000    0.7558
    0.0266    0.0005    0.0000    0.0000    0.0000    0.9729
    0.2914    0.0014    0.0000    0.0004    0.0000    0.7068
    0.3830    0.4356    0.0000    0.0001    0.1453    0.0360
    0.2655    0.0000    0.0000    0.0007    0.0000    0.7338
    0.3440    0.1667    0.0000    0.0010    0.1459    0.3424
    0.1302    0.0000    0.0000    0.0007    0.0000    0.8691
    0.2740    0.0008    0.0000    0.0005    0.0001    0.7246
    0.3809    0.0064    0.0000    0.0232    0.0323    0.5571
    0.4049    0.0096    0.0000    0.0000    0.0139    0.5715
    0.3823    0.1569    0.0000    0.0010    0.1374    0.3224
    0.1186    0.0000    0.0000    0.0000    0.0000    0.8814
    0.3752    0.0119    0.0000    0.0027    0.1140    0.4962
    0.1530    0.0000    0.0000    0.0000    0.0000    0.8470
    0.3787    0.4386    0.0000    0.0001    0.1825    0.0000
    0.4027    0.0000    0.0000    0.0005    0.0922    0.5046
    0.3306    0.3005    0.0000    0.0011    0.0971    0.2707
    0.3819    0.3981    0.0000    0.0001    0.1282    0.0917
    0.3111    0.0088    0.0000    0.0010    0.0000    0.6792
    0.2231    0.0015    0.0000    0.0002    0.0000    0.7752
    0.4064    0.0089    0.0000    0.0000    0.1382    0.4464
    0.4061    0.4227    0.0000    0.0001    0.1514    0.0197
    0.2846    0.0025    0.0000    0.0000    0.0000    0.7129
    0.0411    0.0000    0.0000    0.0039    0.0000    0.9550
    0.4014    0.0538    0.0000    0.0002    0.1575    0.3871
    0.1977    0.0000    0.0000    0.0006    0.0002    0.8015
    0.4020    0.0000    0.0000    0.0085    0.0353    0.5542
    0.4000    0.0100    0.0000    0.0150    0.0880    0.4870
    0.3171    0.0207    0.0000    0.0009    0.0000    0.6614
    0.3898    0.0000    0.0000    0.0028    0.0830    0.5244
    0.3606    0.2041    0.0000    0.0004    0.1319    0.3031
    0.3500    0.1046    0.0000    0.0002    0.1555    0.3896
    0.1771    0.0001    0.0000    0.0000    0.0000    0.8228
    0.3477    0.4134    0.0000    0.0009    0.1543    0.0837
    0.3572    0.0000    0.0000    0.0086    0.0356    0.5986
    0.3683    0.0000    0.0000    0.0036    0.0000    0.6281
    0.3799    0.0141    0.0000    0.0000    0.0215    0.5846
    0.3545    0.0687    0.0000    0.0000    0.1179    0.4588
    0.3848    0.0423    0.0000    0.0015    0.0703    0.5011
    0.2942    0.0005    0.0000    0.0002    0.0000    0.7052
    0.3981    0.0090    0.0000    0.0000    0.1504    0.4425
    0.1138    0.0000    0.0000    0.0000    0.0000    0.8862
    0.3942    0.1768    0.0000    0.0004    0.1256    0.3030
    0.3844    0.0206    0.0000    0.0021    0.1623    0.4306
    0.3482    0.2471    0.0000    0.0059    0.1505    0.2483
    0.3888    0.0124    0.0000    0.0028    0.0818    0.5143
    0.4491    0.3488    0.0000    0.0099    0.1459    0.0463
    0.2676    0.0558    0.0000    0.0000    0.0000    0.6766
    0.2537    0.0000    0.0000    0.0000    0.0000    0.7463
    0.1415    0.0000    0.0000    0.0000    0.0001    0.8584
    0.3763    0.0994    0.0000    0.0000    0.1536    0.3706
    0.3452    0.2748    0.0000    0.0000    0.1437    0.2363
    0.0900    0.0000    0.0000    0.0012    0.0000    0.9089
    0.4117    0.0000    0.0000    0.0087    0.0163    0.5633
    0.4186    0.3684    0.0000    0.0105    0.1542    0.0483
    0.3462    0.3093    0.0000    0.0014    0.1386    0.2046
    0.2010    0.0018    0.0000    0.0016    0.0000    0.7957
    0.3511    0.2589    0.0000    0.0062    0.1240    0.2598
    0.4233    0.0114    0.0000    0.0026    0.0430    0.5198
    0.2299    0.0004    0.0000    0.0002    0.0000    0.7695
    0.3659    0.0107    0.0000    0.0002    0.0006    0.6226
    0.3855    0.0447    0.0000    0.0000    0.0000    0.5698
    0.1958    0.0000    0.0000    0.0001    0.0000    0.8041
    0.3620    0.0288    0.0000    0.0014    0.1280    0.4797
    0.3958    0.0098    0.0000    0.0004    0.0150    0.5790
    0.3810    0.1006    0.0000    0.0000    0.1555    0.3629
    0.3185    0.3555    0.0000    0.0011    0.1346    0.1903
    0.3893    0.0101    0.0000    0.0004    0.0055    0.5947
    0.1707    0.0001    0.0000    0.0000    0.0000    0.8292
    0.0415    0.0000    0.0000    0.0004    0.0016    0.9566
    0.3779    0.0008    0.0000    0.0025    0.0000    0.6188
    0.3623    0.2437    0.0000    0.0025    0.1325    0.2590
    0.2280    0.0004    0.0000    0.0000    0.0000    0.7716
    0.1805    0.0004    0.0000    0.0005    0.0000    0.8186
    0.4336    0.2563    0.0000    0.0008    0.1362    0.1731
    0.3931    0.3076    0.0000    0.0014    0.0944    0.2035
    0.3672    0.0292    0.0000    0.0014    0.1157    0.4865
    0.3861    0.4127    0.0000    0.0068    0.1779    0.0165
    0.3236    0.0004    0.0000    0.0005    0.0000    0.6755
    0.3926    0.4196    0.0000    0.0069    0.1809    0.0000
    0.4611    0.1246    0.0000    0.0005    0.1297    0.2842
    0.2384    0.0000    0.0000    0.0021    0.0002    0.7593
    0.3422    0.0169    0.0000    0.0003    0.0019    0.6387
    0.3552    0.0000    0.0000    0.0016    0.0002    0.6430
    0.0087    0.0000    0.0000    0.0073    0.0000    0.9841
    0.4339    0.1539    0.0000    0.0004    0.1444    0.2674
    0.4077    0.1087    0.0000    0.0000    0.1147    0.3689
    0.1440    0.0003    0.0000    0.0000    0.0000    0.8556
    0.3632    0.0975    0.0000    0.0033    0.1583    0.3777
    0.3404    0.3467    0.0000    0.0024    0.1594    0.1511
    0.2068    0.0004    0.0000    0.0004    0.0000    0.7925
    0.2033    0.0004    0.0000    0.0004    0.0000    0.7960
    0.4452    0.0826    0.0000    0.0065    0.1338    0.3319
    0.3378    0.1115    0.0000    0.0004    0.1432    0.4070
    0.4077    0.0000    0.0000    0.0024    0.0534    0.5364
    0.3608    0.0118    0.0000    0.0010    0.1368    0.4895
    0.4191    0.1220    0.0000    0.0072    0.1534    0.2984
    0.2515    0.0000    0.0000    0.0001    0.0000    0.7485
    0.0191    0.0000    0.0000    0.0003    0.0000    0.9806
    0.0585    0.0001    0.0000    0.0039    0.0000    0.9375
    0.1073    0.0016    0.0000    0.0005    0.0000    0.8906
    0.3797    0.3916    0.0000    0.0008    0.0867    0.1412
    0.3982    0.3773    0.0000    0.0039    0.1160    0.1046
    0.4387    0.0170    0.0000    0.0001    0.1448    0.3994
    0.4057    0.0089    0.0000    0.0003    0.1336    0.4515
    0.3559    0.1092    0.0000    0.0000    0.1104    0.4245
    0.4249    0.3357    0.0000    0.0042    0.1237    0.1116
    0.4213    0.2557    0.0000    0.0058    0.1737    0.1436
    0.4105    0.0680    0.0000    0.0000    0.1286    0.3930
    0.4103    0.3487    0.0000    0.0040    0.1287    0.1082
    0.4040    0.0000    0.0000    0.0049    0.0500    0.5411
    0.3881    0.4257    0.0000    0.0001    0.1290    0.0572
    0.2418    0.0004    0.0000    0.0004    0.0000    0.7574
    0.2249    0.0000    0.0000    0.0000    0.0001    0.7750
    0.3558    0.0702    0.0000    0.0000    0.1205    0.4535
    0.1679    0.0004    0.0000    0.0001    0.0000    0.8316
    0.2608    0.0005    0.0000    0.0002    0.0000    0.7386
    0.1359    0.0000    0.0000    0.0006    0.0000    0.8635
    0.4112    0.4265    0.0000    0.0001    0.1198    0.0424
    0.3270    0.1210    0.0000    0.0002    0.1564    0.3953
    0.0567    0.0000    0.0000    0.0010    0.0041    0.9382
    0.2656    0.0080    0.0000    0.0015    0.0000    0.7248
    0.3233    0.3051    0.0000    0.0003    0.1228    0.2485
    0.3607    0.4298    0.0000    0.0000    0.1571    0.0524
    0.1373    0.0001    0.0000    0.0000    0.0000    0.8626
    0.2329    0.0015    0.0000    0.0005    0.0000    0.7652
    0.2566    0.0406    0.0000    0.0001    0.0000    0.7027
    0.4265    0.4262    0.0000    0.0048    0.1425    0.0000
    0.4034    0.0000    0.0000    0.0024    0.0471    0.5470
    0.0901    0.0000    0.0000    0.0000    0.0000    0.9099
    0.3574    0.4008    0.0000    0.0008    0.1066    0.1345
    0.3394    0.2322    0.0000    0.0000    0.1654    0.2630
    0.3438    0.0139    0.0000    0.0034    0.0000    0.6390
    0.3596    0.3708    0.0000    0.0008    0.1351    0.1337
    0.3527    0.0004    0.0000    0.0024    0.0000    0.6446
    0.3308    0.3197    0.0000    0.0000    0.1567    0.1929
    0.4022    0.0323    0.0000    0.0016    0.1432    0.4208
    0.3667    0.1153    0.0000    0.0097    0.1137    0.3946
    0.4087    0.0000    0.0000    0.0086    0.0359    0.5467
    0.2778    0.0000    0.0000    0.0007    0.0002    0.7214
    0.4237    0.1673    0.0000    0.0003    0.1595    0.2491
    0.3300    0.2560    0.0000    0.0026    0.1392    0.2721
    0.2612    0.0000    0.0000    0.0005    0.0002    0.7382
    0.1841    0.0000    0.0000    0.0000    0.0000    0.8159
    0.2699    0.0000    0.0000    0.0006    0.0002    0.7293
    0.4258    0.2517    0.0000    0.0008    0.1338    0.1879
    0.4063    0.3136    0.0000    0.0022    0.1157    0.1622
    0.2791    0.0000    0.0000    0.0005    0.0000    0.7203
    0.3832    0.0008    0.0000    0.0117    0.0000    0.6043
    0.4089    0.3156    0.0000    0.0022    0.1100    0.1632
    0.3878    0.0128    0.0000    0.0014    0.1259    0.4721
    0.3666    0.4090    0.0000    0.0014    0.1672    0.0558
    0.3986    0.4046    0.0000    0.0047    0.1921    0.0000
    0.4154    0.0082    0.0000    0.0000    0.0482    0.5282
    0.3923    0.0127    0.0000    0.0014    0.1250    0.4686
    0.3730    0.1192    0.0000    0.0000    0.1523    0.3554
    0.4212    0.0006    0.0000    0.0004    0.1460    0.4318
    0.2366    0.0000    0.0000    0.0012    0.0002    0.7620
    0.3982    0.0124    0.0000    0.0003    0.0022    0.5870
    0.1734    0.0008    0.0000    0.0005    0.0001    0.8251
    0.3818    0.0091    0.0000    0.0005    0.0000    0.6086
    0.3305    0.3492    0.0000    0.0011    0.1322    0.1869

 Output data matrix of Pareto front of final Gaussian process model:
        f1        f2        f3
 -291.4523   -2.5536-62896.5097
 -282.6863   -2.7489-64959.7182
 -640.6472   -0.9928-88610.2078
 -637.0799   -0.9912-89595.3099
 -528.6970   -1.3989-98718.0335
 -282.6863   -2.7489-64959.7182
 -292.9805   -2.5354-63209.1122
 -297.0043   -2.4865-63630.1548
 -392.7644   -2.0133-79863.5587
 -349.2928   -2.1261-71312.2880
 -301.7651   -2.4312-63855.6806
 -345.8093   -2.1343-70806.7698
 -406.5337   -1.9917-82278.3448
 -396.8614   -2.0043-80542.5189
 -322.1320   -2.2614-66419.8597
 -411.6533   -1.9843-83182.6753
 -336.6651   -2.1812-68972.8420
 -409.7389   -1.9868-82910.9439
 -419.1038   -1.9711-84683.5377
 -629.9809   -1.0842-91926.7178
 -290.4391   -2.5769-63651.5256
 -324.8420   -2.2423-66861.4383
 -617.0508   -1.1519-91106.4595
 -309.3360   -2.3511-64522.5950
 -389.5213   -2.0154-79398.8708
 -333.9973   -2.1933-68491.6406
 -286.6671   -2.6427-63942.2957
 -364.9711   -2.0768-74289.4414
 -398.9832   -1.9990-81354.1397
 -592.8995   -1.2579-93224.0820
 -548.9746   -1.4043-93491.0009
 -317.4434   -2.2901-65665.1933
 -283.3699   -2.7259-64691.3216
 -504.8605   -1.6385-95009.1641
 -369.1956   -2.0655-75106.8124
 -533.4188   -1.4800-96994.2979
 -460.6509   -1.8552-91315.4158
 -603.5407   -1.2157-94693.7016
 -362.1917   -2.0849-73768.5235
 -285.7402   -2.6665-64155.3201
 -387.6246   -2.0242-78721.7407
 -627.2816   -1.1008-91624.8303
 -373.8634   -2.0540-76020.3593
 -530.9506   -1.4947-96094.7449
 -311.3241   -2.3394-64797.8894
 -378.4260   -2.0432-76919.8311
 -442.7536   -1.9123-88390.0771
 -440.6060   -1.9246-87861.1921
 -538.7785   -1.4521-97581.4193
 -307.3572   -2.3755-64345.7787
 -476.3595   -1.7958-94063.0702
 -319.7405   -2.2774-66032.0130
 -639.0444   -1.0247-88948.9171
 -470.8797   -1.8179-93804.1084
 -541.0072   -1.4372-93064.9100
 -611.4619   -1.1839-93418.5963
 -398.5401   -2.0038-80920.5831
 -351.6893   -2.1180-71794.2109
 -492.6601   -1.7037-96465.4651
 -633.4829   -1.0581-91407.8420
 -384.0951   -2.0311-78054.8353
 -288.2643   -2.6099-63704.4394
 -513.4060   -1.5706-97312.7635
 -339.2437   -2.1682-69431.4197
 -447.1275   -1.9020-89273.8496
 -472.8095   -1.8020-93708.1180
 -402.9356   -1.9957-81849.6974
 -463.7576   -1.8464-92471.6777
 -544.9583   -1.4316-96725.6587
