
 TSEMO log file created on 26-Feb-2020 

 This file shows the initial specifications of TSEMO and logs the output.
 ¯¯¯¯¯¯¯¯¯¯¯¯¯¯¯¯¯¯¯¯¯¯¯¯¯¯¯¯¯¯¯¯¯¯¯¯¯¯¯¯¯¯¯¯¯¯¯¯¯¯¯¯¯¯¯¯¯¯¯¯¯¯¯¯¯¯¯¯¯¯¯¯¯¯¯¯¯¯¯¯¯¯¯¯¯¯¯¯¯¯¯¯¯¯¯¯¯¯¯¯¯¯
 License information 

 BSD 2-Clause License 

 Copyright (c) 2017, Eric Bradford, Artur M. Schweidtmann and Alexei Lapkin
 All rights reserved. 

 Redistribution and use in source and binary forms, with or without
 modification, are permitted provided that the following conditions are met: 

 *Redistributions of source code must retain the above copyright notice, this   
  list of conditions and the following disclaimer. 

 *Redistributions in binary form must reproduce the above copyright notice,   
  this list of conditions and the following disclaimer in the documentation   
  and/or other materials provided with the distribution. 

 Modified by Mina Konakovic Lukovic 2019. 

 ¯¯¯¯¯¯¯¯¯¯¯¯¯¯¯¯¯¯¯¯¯¯¯¯¯¯¯¯¯¯¯¯¯¯¯¯¯¯¯¯¯¯¯¯¯¯¯¯¯¯¯¯¯¯¯¯¯¯¯¯¯¯¯¯¯¯¯¯¯¯¯¯¯¯¯¯¯¯¯¯¯¯¯¯¯¯¯¯¯¯¯¯¯¯¯¯¯¯¯¯¯¯
 Problem specifications 

 Function used:   consta 

 Number of inputs:   6
 Number of outputs:  3 

 Lower bounds of decision variables:
      x1      x2      x3      x4      x5      x6
  0.0000  0.0000  0.0000  0.0000  0.0000  0.0000
 
 Upper bounds of decision variables:
      x1      x2      x3      x4      x5      x6
  1.0000  1.0000  0.5000  1.0000  1.0000  1.0000
 ¯¯¯¯¯¯¯¯¯¯¯¯¯¯¯¯¯¯¯¯¯¯¯¯¯¯¯¯¯¯¯¯¯¯¯¯¯¯¯¯¯¯¯¯¯¯¯¯¯¯¯¯¯¯¯¯¯¯¯¯¯¯¯¯¯¯¯¯¯¯¯¯¯¯¯¯¯¯¯¯¯¯¯¯¯¯¯¯¯¯¯¯¯¯¯¯¯¯¯¯¯¯
 Algorithm options 

 Maximum number of function evaluations:  4
 Sample batch size:                       4
 Number of algorithm iterations:          1 

 Genetic algorithm population size:        200
 Genetic algorithm number of generations:  200 

                                               f1      f2      f3
 Number of spectral sampling points:         4000    4000    4000
 Type of matern function:                       5       5       5
 Direct evaluations per input dimension:      200     200     200
 ¯¯¯¯¯¯¯¯¯¯¯¯¯¯¯¯¯¯¯¯¯¯¯¯¯¯¯¯¯¯¯¯¯¯¯¯¯¯¯¯¯¯¯¯¯¯¯¯¯¯¯¯¯¯¯¯¯¯¯¯¯¯¯¯¯¯¯¯¯¯¯¯¯¯¯¯¯¯¯¯¯¯¯¯¯¯¯¯¯¯¯¯¯¯¯¯¯¯¯¯¯¯
 Initial data set 

 Number of initial data points:  119 

 Initial input data matrix:
      x1      x2      x3      x4      x5      x6
  0.3200  0.1300  0.0500  0.2100  0.0400  0.2500
  0.0000  0.1800  0.2100  0.2800  0.2000  0.1300
  0.0000  0.0200  0.3800  0.0400  0.2900  0.2700
  0.1900  0.3000  0.1000  0.0600  0.0700  0.2800
  0.0800  0.1600  0.1400  0.0400  0.1900  0.3900
  0.3400  0.0600  0.2300  0.1600  0.1900  0.0200
  0.1400  0.1000  0.0700  0.2000  0.2700  0.2200
  0.0700  0.0700  0.3200  0.2100  0.0300  0.3000
  0.0200  0.0100  0.2700  0.1300  0.4900  0.0800
  0.0900  0.3200  0.0300  0.1300  0.3700  0.0600
  0.0800  0.2100  0.0200  0.0000  0.6100  0.0800
  0.0900  0.3200  0.0400  0.2100  0.1700  0.1700
  0.1400  0.3000  0.0700  0.1000  0.2500  0.1400
  0.0400  0.1700  0.0700  0.2200  0.2400  0.2600
  0.1700  0.1500  0.2800  0.2900  0.0000  0.1100
  0.1000  0.1400  0.1400  0.2600  0.2700  0.0900
  1.0000  0.0000  0.0000  0.0000  0.0000  0.0000
  0.0000  1.0000  0.0000  0.0000  0.0000  0.0000
  0.0000  0.0000  0.0000  1.0000  0.0000  0.0000
  0.6000  0.4000  0.0000  0.0000  0.0000  0.0000
  0.5500  0.4500  0.0000  0.0000  0.0000  0.0000
  0.5000  0.5000  0.0000  0.0000  0.0000  0.0000
  0.4500  0.5500  0.0000  0.0000  0.0000  0.0000
  0.4000  0.6000  0.0000  0.0000  0.0000  0.0000
  0.2700  0.4400  0.0900  0.0400  0.0800  0.0800
  0.0400  0.1900  0.3600  0.2000  0.1200  0.0900
  0.0000  0.5900  0.0000  0.0800  0.0800  0.2500
  0.0000  0.3900  0.1300  0.0700  0.0300  0.3800
  0.0100  0.5100  0.0000  0.1000  0.0200  0.3600
  0.0100  0.6200  0.0100  0.0300  0.1000  0.2300
  0.0600  0.3000  0.4100  0.0100  0.0100  0.2100
  0.0800  0.3200  0.5000  0.0700  0.0200  0.0100
  0.1500  0.2800  0.2500  0.0100  0.0600  0.2500
  0.0000  0.0000  0.0000  0.0000  0.0000  1.0000
  0.0000  0.0000  0.0000  0.0000  1.0000  0.0000
  0.0200  0.1100  0.0000  0.5000  0.0300  0.3400
  0.0100  0.1900  0.0000  0.0000  0.0000  0.8000
  0.0100  0.3900  0.0000  0.0200  0.0100  0.5700
  0.1800  0.1200  0.0000  0.3600  0.0000  0.3400
  0.0100  0.0000  0.1300  0.2500  0.0000  0.6100
  0.3200  0.0000  0.1200  0.0100  0.0000  0.5500
  0.0100  0.1500  0.1000  0.2100  0.0000  0.5300
  0.0100  0.0000  0.1500  0.2500  0.0000  0.5900
  0.1500  0.4500  0.0400  0.0300  0.0100  0.3200
  0.0500  0.3200  0.0000  0.5700  0.0600  0.0000
  0.3100  0.5200  0.0000  0.0800  0.0200  0.0700
  0.1500  0.0400  0.1300  0.6700  0.0100  0.0000
  0.0000  0.2100  0.2000  0.5800  0.0100  0.0000
  0.0000  0.0100  0.2800  0.6700  0.0100  0.0300
  0.0100  0.2800  0.1100  0.4600  0.1100  0.0300
  0.4900  0.0600  0.0000  0.1400  0.0200  0.2900
  0.1400  0.0000  0.0700  0.0100  0.0100  0.7700
  0.0300  0.5800  0.1800  0.0400  0.1000  0.0700
  0.0000  0.3100  0.0100  0.0200  0.1500  0.5100
  0.2500  0.0100  0.0100  0.0400  0.1300  0.5600
  0.2900  0.4500  0.0600  0.0800  0.1200  0.0000
  0.0200  0.0100  0.1600  0.0100  0.5000  0.3000
  0.0200  0.2400  0.0000  0.0300  0.2600  0.4500
  0.0000  0.0100  0.0000  0.0100  0.2700  0.7100
  0.0900  0.0200  0.0000  0.0600  0.4000  0.4300
  0.0000  0.1600  0.0000  0.0000  0.2500  0.5900
  0.3200  0.0900  0.0200  0.0100  0.0100  0.5500
  0.0000  0.0800  0.1300  0.0000  0.1100  0.6800
  0.3900  0.0100  0.0300  0.0000  0.0000  0.5700
  0.2600  0.1800  0.0200  0.0100  0.0100  0.5200
  0.2000  0.1600  0.0000  0.0000  0.0000  0.6400
  0.5100  0.3100  0.0700  0.0100  0.0100  0.0900
  0.1400  0.1700  0.0200  0.0000  0.0000  0.6700
  0.0000  0.0300  0.0200  0.2100  0.3200  0.4200
  0.5700  0.0000  0.1100  0.0100  0.1000  0.2100
  0.5100  0.2500  0.1000  0.0200  0.1200  0.0000
  0.5100  0.0100  0.0700  0.0200  0.1100  0.2800
  0.0000  0.0000  0.0000  0.0200  0.0000  0.9800
  0.6000  0.0000  0.0300  0.0000  0.0200  0.3500
  0.3400  0.0000  0.1100  0.0100  0.0600  0.4800
  0.4400  0.1100  0.1100  0.0000  0.0600  0.2800
  0.6600  0.0000  0.0800  0.0000  0.0000  0.2600
  0.3700  0.4700  0.1000  0.0000  0.0600  0.0000
  0.4400  0.3000  0.0900  0.0400  0.1300  0.0000
  0.2700  0.6100  0.1200  0.0000  0.0000  0.0000
  0.0100  0.0000  0.0000  0.0200  0.0800  0.8900
  0.2100  0.1100  0.0600  0.0000  0.1400  0.4800
  0.5200  0.0100  0.0100  0.0000  0.0000  0.4600
  0.0000  0.3800  0.0100  0.0000  0.0000  0.6100
  0.0000  0.3100  0.0100  0.0000  0.0000  0.6800
  0.3200  0.3400  0.0200  0.0000  0.0100  0.3100
  0.0100  0.4100  0.0000  0.0000  0.0100  0.5700
  0.0000  0.4100  0.0000  0.1300  0.0000  0.4600
  0.0000  0.1800  0.0000  0.2600  0.0100  0.5500
  0.0400  0.4500  0.0000  0.0700  0.0100  0.4300
  0.0000  0.2500  0.0000  0.2500  0.0000  0.5000
  0.3600  0.2000  0.0200  0.0800  0.0000  0.3400
  0.2100  0.0000  0.0000  0.3300  0.0100  0.4500
  0.2500  0.0000  0.0000  0.3100  0.0100  0.4300
  0.1900  0.0000  0.0000  0.3200  0.0100  0.4800
  0.0000  0.6300  0.1000  0.0000  0.0000  0.2700
  0.0000  0.6600  0.0900  0.0000  0.0000  0.2500
  0.0000  0.3300  0.1100  0.0100  0.0000  0.5500
  0.0000  0.6800  0.0900  0.0000  0.0100  0.2200
  0.3500  0.0000  0.0000  0.0100  0.0000  0.6400
  0.0100  0.0000  0.0000  0.3600  0.0000  0.6300
  0.4800  0.0000  0.0100  0.0000  0.1200  0.3900
  0.3900  0.0000  0.0000  0.0200  0.0100  0.5800
  0.4000  0.1700  0.0000  0.0000  0.1200  0.3100
  0.4400  0.2700  0.0000  0.0000  0.1700  0.1200
  0.3400  0.1400  0.0000  0.0000  0.1300  0.3900
  0.3300  0.1200  0.0000  0.0000  0.1300  0.4200
  0.3900  0.0000  0.0000  0.0000  0.2200  0.3900
  0.3900  0.3100  0.0000  0.0000  0.2200  0.0800
  0.4100  0.0000  0.0000  0.0000  0.2500  0.3400
  0.3500  0.0000  0.0000  0.0000  0.2000  0.4500
  0.3300  0.0000  0.0000  0.0000  0.2100  0.4600
  0.3100  0.0000  0.0000  0.0000  0.2000  0.4900
  0.3500  0.0000  0.0000  0.0000  0.2100  0.4400
  0.2000  0.0000  0.0000  0.0000  0.0100  0.7900
  0.5000  0.0000  0.0000  0.0000  0.3000  0.2000
  0.5300  0.0600  0.0000  0.0000  0.3200  0.0900
  0.5300  0.0000  0.0000  0.0000  0.3300  0.1400
  0.4200  0.0000  0.0000  0.0000  0.2700  0.3100

 Initial output data matrix:
      f1      f2      f3
-477.3645 -1.2974-78049.1925
-454.7535 -1.3662-68112.8155
-279.9044 -2.1133-51731.0693
-469.5247 -1.7578-77876.9026
-440.0426 -1.9634-76654.9118
-365.6047 -1.2303-62118.0243
-410.9856 -1.1190-66049.6554
-136.1656 -0.8962-22268.5639
-369.0088 -1.3142-61644.3643
-533.9811 -0.8968-68784.7611
-442.6768 -0.7257-59416.2131
-507.4257 -0.9822-66650.9629
-443.6008 -1.1184-65323.0907
-489.5899 -1.3294-72483.9913
-359.3333 -1.7335-60280.1487
-485.2462 -0.8865-66192.4108
-228.9585 -0.7284-49588.2084
-435.6576 -1.1748-60782.1527
-368.0328 -0.0378-29839.9581
-558.3333 -1.0147-72324.3305
-545.1107 -1.0090-76481.1353
-595.9865 -1.0313-80252.0073
-577.5167 -1.0272-78299.5278
-603.0115 -1.0486-79494.8772
-536.4679 -1.3385-83057.1828
-380.6202 -1.5761-63939.3838
-487.9964 -1.6929-74452.7693
-492.2164 -2.0354-77476.1977
-483.0457 -1.7036-74331.8675
-461.0062 -1.5331-68683.9650
-428.6732 -1.9582-73565.0149
-420.3458 -1.7501-70958.0370
-185.7397 -1.9998-39188.2443
-307.5914 -2.9333-68673.8814
-248.0791 -0.3369-41639.4837
-330.4220 -1.6093-58954.7196
-261.1897 -2.5356-54113.5267
-374.3907 -2.1313-72005.0906
-442.1932 -1.6426-73645.0393
-325.5454 -2.2577-65492.6760
-407.4563 -1.7142-79298.8675
-280.7768 -2.0890-55835.4428
-345.4445 -2.2639-66935.4850
-337.8766 -1.7123-65225.4544
-380.5099 -0.6146-47362.4095
-423.7886 -1.3121-68132.9194
-412.9137 -0.7221-59055.9302
-389.7163 -1.2975-60315.7332
-243.9299 -1.5816-43427.1956
-418.8166 -1.1219-61444.5239
-463.1094 -1.4660-81856.9346
-260.4919 -1.9421-59060.6871
-461.1271 -1.5697-75813.0466
-434.9195 -1.9723-80545.7853
-411.2741 -1.7072-85333.3874
-593.8157 -1.0758-82484.6477
-331.6431 -1.2261-62332.4475
-461.8788 -1.5726-80820.6379
-386.3988 -1.9098-76223.9832
-458.6168 -1.3865-78606.8274
-386.1546 -1.7969-73308.3934
-420.6757 -1.8963-83069.8760
-256.3444 -2.2542-53258.3199
-343.7864 -1.8975-72697.8828
-317.0968 -1.9236-66141.3310
-405.5608 -1.9380-81223.2023
-579.2708 -1.0437-87100.5169
-297.2664 -2.2664-61771.9743
-230.0024 -1.7750-53153.7094
-296.3126 -0.8946-60049.3899
-625.1337 -1.1253-94708.7918
-559.4404 -1.5604-98460.5528
-350.2734 -2.6724-74202.1381
-483.8073 -1.5770-91455.1658
-333.6048 -1.8340-67470.0844
-401.3639 -1.5176-75081.6898
-339.8147 -1.1731-68370.6235
-619.8270 -1.3159-92324.8900
-456.6095 -1.0320-73399.8497
-527.1160 -1.2052-80673.3135
-182.0132 -2.1459-33836.3245
-299.4935 -1.9115-62779.5207
-342.4831 -1.8084-73190.6083
-292.5484 -2.1003-64376.6034
-284.1961 -2.0337-60695.8700
-418.6794 -1.5121-75788.0791
-272.5130 -1.9527-60034.6655
-324.9663 -1.9969-65021.8788
-361.4059 -2.0913-69395.5054
-310.1195 -1.9192-61302.0228
-321.0298 -2.0199-62665.9535
-408.2643 -1.5818-76317.7672
-398.2560 -1.9114-74552.8783
-437.9660 -1.8110-79745.2693
-402.9772 -1.8842-75747.1961
-367.7646 -1.7661-65605.9795
-392.9406 -1.8913-69484.2021
-317.1051 -2.1952-63761.7220
-355.6015 -1.8014-64450.3268
-438.2688 -2.1205-87348.6010
-334.7339 -2.0407-65124.3183
-514.0293 -1.5443-93643.6527
-526.1093 -1.9176-98663.7705
-555.0826 -1.4101-91162.3449
-653.9760 -1.1215-96005.8355
-613.3157 -1.3545-102903.8092
-574.5688 -1.4762-99854.6710
-596.1996 -1.5851-97568.0584
-673.8733 -1.3085-96609.9429
-570.9253 -1.5720-97057.6408
-453.6160 -1.8559-85374.7271
-512.3685 -1.7799-93175.9066
-384.8236 -1.8510-77997.5467
-536.0149 -1.7113-96497.9814
-289.9712 -1.9717-66399.4183
-596.7186 -0.9982-92484.7776
-390.5278 -0.8869-64360.6166
-429.9865 -0.7968-68899.7837
-397.0291 -1.0850-76450.3138

 ¯¯¯¯¯¯¯¯¯¯¯¯¯¯¯¯¯¯¯¯¯¯¯¯¯¯¯¯¯¯¯¯¯¯¯¯¯¯¯¯¯¯¯¯¯¯¯¯¯¯¯¯¯¯¯¯¯¯¯¯¯¯¯¯¯¯¯¯¯¯¯¯¯¯¯¯¯¯¯¯¯¯¯¯¯¯¯¯¯¯¯¯¯¯¯¯¯¯¯¯¯¯
 Algorithm iteration 1 

 Predicted hypervolume improvement:    0.0829
 Time taken:   47.0503 

 Proposed evaluation point(s): 
      x1      x2      x3      x4      x5      x6
  0.4000  0.0500  0.0000  0.0100  0.1700  0.3700
  0.3900  0.0000  0.0000  0.0300  0.1600  0.4200
  0.3400  0.4500  0.0000  0.0000  0.2000  0.0100
  0.4000  0.0300  0.0000  0.0600  0.1700  0.3400

 Corresponding observation(s): 
      f1      f2      f3
-510.7809 -1.4934-100257.4090
-492.1532 -1.6440-98756.4423
-683.0284 -1.0246-88213.3099
-509.7121 -1.4246-100797.3377

 ¯¯¯¯¯¯¯¯¯¯¯¯¯¯¯¯¯¯¯¯¯¯¯¯¯¯¯¯¯¯¯¯¯¯¯¯¯¯¯¯¯¯¯¯¯¯¯¯¯¯¯¯¯¯¯¯¯¯¯¯¯¯¯¯¯¯¯¯¯¯¯¯¯¯¯¯¯¯¯¯¯¯¯¯¯¯¯¯¯¯¯¯¯¯¯¯¯¯¯¯¯¯
 Final algorithm output 

 Final input data matrix:
        x1        x2        x3        x4        x5        x6
    0.3200    0.1300    0.0500    0.2100    0.0400    0.2500
    0.0000    0.1800    0.2100    0.2800    0.2000    0.1300
    0.0000    0.0200    0.3800    0.0400    0.2900    0.2700
    0.1900    0.3000    0.1000    0.0600    0.0700    0.2800
    0.0800    0.1600    0.1400    0.0400    0.1900    0.3900
    0.3400    0.0600    0.2300    0.1600    0.1900    0.0200
    0.1400    0.1000    0.0700    0.2000    0.2700    0.2200
    0.0700    0.0700    0.3200    0.2100    0.0300    0.3000
    0.0200    0.0100    0.2700    0.1300    0.4900    0.0800
    0.0900    0.3200    0.0300    0.1300    0.3700    0.0600
    0.0800    0.2100    0.0200    0.0000    0.6100    0.0800
    0.0900    0.3200    0.0400    0.2100    0.1700    0.1700
    0.1400    0.3000    0.0700    0.1000    0.2500    0.1400
    0.0400    0.1700    0.0700    0.2200    0.2400    0.2600
    0.1700    0.1500    0.2800    0.2900    0.0000    0.1100
    0.1000    0.1400    0.1400    0.2600    0.2700    0.0900
    1.0000    0.0000    0.0000    0.0000    0.0000    0.0000
    0.0000    1.0000    0.0000    0.0000    0.0000    0.0000
    0.0000    0.0000    0.0000    1.0000    0.0000    0.0000
    0.6000    0.4000    0.0000    0.0000    0.0000    0.0000
    0.5500    0.4500    0.0000    0.0000    0.0000    0.0000
    0.5000    0.5000    0.0000    0.0000    0.0000    0.0000
    0.4500    0.5500    0.0000    0.0000    0.0000    0.0000
    0.4000    0.6000    0.0000    0.0000    0.0000    0.0000
    0.2700    0.4400    0.0900    0.0400    0.0800    0.0800
    0.0400    0.1900    0.3600    0.2000    0.1200    0.0900
    0.0000    0.5900    0.0000    0.0800    0.0800    0.2500
    0.0000    0.3900    0.1300    0.0700    0.0300    0.3800
    0.0100    0.5100    0.0000    0.1000    0.0200    0.3600
    0.0100    0.6200    0.0100    0.0300    0.1000    0.2300
    0.0600    0.3000    0.4100    0.0100    0.0100    0.2100
    0.0800    0.3200    0.5000    0.0700    0.0200    0.0100
    0.1500    0.2800    0.2500    0.0100    0.0600    0.2500
    0.0000    0.0000    0.0000    0.0000    0.0000    1.0000
    0.0000    0.0000    0.0000    0.0000    1.0000    0.0000
    0.0200    0.1100    0.0000    0.5000    0.0300    0.3400
    0.0100    0.1900    0.0000    0.0000    0.0000    0.8000
    0.0100    0.3900    0.0000    0.0200    0.0100    0.5700
    0.1800    0.1200    0.0000    0.3600    0.0000    0.3400
    0.0100    0.0000    0.1300    0.2500    0.0000    0.6100
    0.3200    0.0000    0.1200    0.0100    0.0000    0.5500
    0.0100    0.1500    0.1000    0.2100    0.0000    0.5300
    0.0100    0.0000    0.1500    0.2500    0.0000    0.5900
    0.1500    0.4500    0.0400    0.0300    0.0100    0.3200
    0.0500    0.3200    0.0000    0.5700    0.0600    0.0000
    0.3100    0.5200    0.0000    0.0800    0.0200    0.0700
    0.1500    0.0400    0.1300    0.6700    0.0100    0.0000
    0.0000    0.2100    0.2000    0.5800    0.0100    0.0000
    0.0000    0.0100    0.2800    0.6700    0.0100    0.0300
    0.0100    0.2800    0.1100    0.4600    0.1100    0.0300
    0.4900    0.0600    0.0000    0.1400    0.0200    0.2900
    0.1400    0.0000    0.0700    0.0100    0.0100    0.7700
    0.0300    0.5800    0.1800    0.0400    0.1000    0.0700
    0.0000    0.3100    0.0100    0.0200    0.1500    0.5100
    0.2500    0.0100    0.0100    0.0400    0.1300    0.5600
    0.2900    0.4500    0.0600    0.0800    0.1200    0.0000
    0.0200    0.0100    0.1600    0.0100    0.5000    0.3000
    0.0200    0.2400    0.0000    0.0300    0.2600    0.4500
    0.0000    0.0100    0.0000    0.0100    0.2700    0.7100
    0.0900    0.0200    0.0000    0.0600    0.4000    0.4300
    0.0000    0.1600    0.0000    0.0000    0.2500    0.5900
    0.3200    0.0900    0.0200    0.0100    0.0100    0.5500
    0.0000    0.0800    0.1300    0.0000    0.1100    0.6800
    0.3900    0.0100    0.0300    0.0000    0.0000    0.5700
    0.2600    0.1800    0.0200    0.0100    0.0100    0.5200
    0.2000    0.1600    0.0000    0.0000    0.0000    0.6400
    0.5100    0.3100    0.0700    0.0100    0.0100    0.0900
    0.1400    0.1700    0.0200    0.0000    0.0000    0.6700
    0.0000    0.0300    0.0200    0.2100    0.3200    0.4200
    0.5700    0.0000    0.1100    0.0100    0.1000    0.2100
    0.5100    0.2500    0.1000    0.0200    0.1200    0.0000
    0.5100    0.0100    0.0700    0.0200    0.1100    0.2800
    0.0000    0.0000    0.0000    0.0200    0.0000    0.9800
    0.6000    0.0000    0.0300    0.0000    0.0200    0.3500
    0.3400    0.0000    0.1100    0.0100    0.0600    0.4800
    0.4400    0.1100    0.1100    0.0000    0.0600    0.2800
    0.6600    0.0000    0.0800    0.0000    0.0000    0.2600
    0.3700    0.4700    0.1000    0.0000    0.0600    0.0000
    0.4400    0.3000    0.0900    0.0400    0.1300    0.0000
    0.2700    0.6100    0.1200    0.0000    0.0000    0.0000
    0.0100    0.0000    0.0000    0.0200    0.0800    0.8900
    0.2100    0.1100    0.0600    0.0000    0.1400    0.4800
    0.5200    0.0100    0.0100    0.0000    0.0000    0.4600
    0.0000    0.3800    0.0100    0.0000    0.0000    0.6100
    0.0000    0.3100    0.0100    0.0000    0.0000    0.6800
    0.3200    0.3400    0.0200    0.0000    0.0100    0.3100
    0.0100    0.4100    0.0000    0.0000    0.0100    0.5700
    0.0000    0.4100    0.0000    0.1300    0.0000    0.4600
    0.0000    0.1800    0.0000    0.2600    0.0100    0.5500
    0.0400    0.4500    0.0000    0.0700    0.0100    0.4300
    0.0000    0.2500    0.0000    0.2500    0.0000    0.5000
    0.3600    0.2000    0.0200    0.0800    0.0000    0.3400
    0.2100    0.0000    0.0000    0.3300    0.0100    0.4500
    0.2500    0.0000    0.0000    0.3100    0.0100    0.4300
    0.1900    0.0000    0.0000    0.3200    0.0100    0.4800
    0.0000    0.6300    0.1000    0.0000    0.0000    0.2700
    0.0000    0.6600    0.0900    0.0000    0.0000    0.2500
    0.0000    0.3300    0.1100    0.0100    0.0000    0.5500
    0.0000    0.6800    0.0900    0.0000    0.0100    0.2200
    0.3500    0.0000    0.0000    0.0100    0.0000    0.6400
    0.0100    0.0000    0.0000    0.3600    0.0000    0.6300
    0.4800    0.0000    0.0100    0.0000    0.1200    0.3900
    0.3900    0.0000    0.0000    0.0200    0.0100    0.5800
    0.4000    0.1700    0.0000    0.0000    0.1200    0.3100
    0.4400    0.2700    0.0000    0.0000    0.1700    0.1200
    0.3400    0.1400    0.0000    0.0000    0.1300    0.3900
    0.3300    0.1200    0.0000    0.0000    0.1300    0.4200
    0.3900    0.0000    0.0000    0.0000    0.2200    0.3900
    0.3900    0.3100    0.0000    0.0000    0.2200    0.0800
    0.4100    0.0000    0.0000    0.0000    0.2500    0.3400
    0.3500    0.0000    0.0000    0.0000    0.2000    0.4500
    0.3300    0.0000    0.0000    0.0000    0.2100    0.4600
    0.3100    0.0000    0.0000    0.0000    0.2000    0.4900
    0.3500    0.0000    0.0000    0.0000    0.2100    0.4400
    0.2000    0.0000    0.0000    0.0000    0.0100    0.7900
    0.5000    0.0000    0.0000    0.0000    0.3000    0.2000
    0.5300    0.0600    0.0000    0.0000    0.3200    0.0900
    0.5300    0.0000    0.0000    0.0000    0.3300    0.1400
    0.4200    0.0000    0.0000    0.0000    0.2700    0.3100
    0.4000    0.0500    0.0000    0.0100    0.1700    0.3700
    0.3900    0.0000    0.0000    0.0300    0.1600    0.4200
    0.3400    0.4500    0.0000    0.0000    0.2000    0.0100
    0.4000    0.0300    0.0000    0.0600    0.1700    0.3400

 Final output data matrix:
        f1        f2        f3
 -477.3645   -1.2974-78049.1925
 -454.7535   -1.3662-68112.8155
 -279.9044   -2.1133-51731.0693
 -469.5247   -1.7578-77876.9026
 -440.0426   -1.9634-76654.9118
 -365.6047   -1.2303-62118.0243
 -410.9856   -1.1190-66049.6554
 -136.1656   -0.8962-22268.5639
 -369.0088   -1.3142-61644.3643
 -533.9811   -0.8968-68784.7611
 -442.6768   -0.7257-59416.2131
 -507.4257   -0.9822-66650.9629
 -443.6008   -1.1184-65323.0907
 -489.5899   -1.3294-72483.9913
 -359.3333   -1.7335-60280.1487
 -485.2462   -0.8865-66192.4108
 -228.9585   -0.7284-49588.2084
 -435.6576   -1.1748-60782.1527
 -368.0328   -0.0378-29839.9581
 -558.3333   -1.0147-72324.3305
 -545.1107   -1.0090-76481.1353
 -595.9865   -1.0313-80252.0073
 -577.5167   -1.0272-78299.5278
 -603.0115   -1.0486-79494.8772
 -536.4679   -1.3385-83057.1828
 -380.6202   -1.5761-63939.3838
 -487.9964   -1.6929-74452.7693
 -492.2164   -2.0354-77476.1977
 -483.0457   -1.7036-74331.8675
 -461.0062   -1.5331-68683.9650
 -428.6732   -1.9582-73565.0149
 -420.3458   -1.7501-70958.0370
 -185.7397   -1.9998-39188.2443
 -307.5914   -2.9333-68673.8814
 -248.0791   -0.3369-41639.4837
 -330.4220   -1.6093-58954.7196
 -261.1897   -2.5356-54113.5267
 -374.3907   -2.1313-72005.0906
 -442.1932   -1.6426-73645.0393
 -325.5454   -2.2577-65492.6760
 -407.4563   -1.7142-79298.8675
 -280.7768   -2.0890-55835.4428
 -345.4445   -2.2639-66935.4850
 -337.8766   -1.7123-65225.4544
 -380.5099   -0.6146-47362.4095
 -423.7886   -1.3121-68132.9194
 -412.9137   -0.7221-59055.9302
 -389.7163   -1.2975-60315.7332
 -243.9299   -1.5816-43427.1956
 -418.8166   -1.1219-61444.5239
 -463.1094   -1.4660-81856.9346
 -260.4919   -1.9421-59060.6871
 -461.1271   -1.5697-75813.0466
 -434.9195   -1.9723-80545.7853
 -411.2741   -1.7072-85333.3874
 -593.8157   -1.0758-82484.6477
 -331.6431   -1.2261-62332.4475
 -461.8788   -1.5726-80820.6379
 -386.3988   -1.9098-76223.9832
 -458.6168   -1.3865-78606.8274
 -386.1546   -1.7969-73308.3934
 -420.6757   -1.8963-83069.8760
 -256.3444   -2.2542-53258.3199
 -343.7864   -1.8975-72697.8828
 -317.0968   -1.9236-66141.3310
 -405.5608   -1.9380-81223.2023
 -579.2708   -1.0437-87100.5169
 -297.2664   -2.2664-61771.9743
 -230.0024   -1.7750-53153.7094
 -296.3126   -0.8946-60049.3899
 -625.1337   -1.1253-94708.7918
 -559.4404   -1.5604-98460.5528
 -350.2734   -2.6724-74202.1381
 -483.8073   -1.5770-91455.1658
 -333.6048   -1.8340-67470.0844
 -401.3639   -1.5176-75081.6898
 -339.8147   -1.1731-68370.6235
 -619.8270   -1.3159-92324.8900
 -456.6095   -1.0320-73399.8497
 -527.1160   -1.2052-80673.3135
 -182.0132   -2.1459-33836.3245
 -299.4935   -1.9115-62779.5207
 -342.4831   -1.8084-73190.6083
 -292.5484   -2.1003-64376.6034
 -284.1961   -2.0337-60695.8700
 -418.6794   -1.5121-75788.0791
 -272.5130   -1.9527-60034.6655
 -324.9663   -1.9969-65021.8788
 -361.4059   -2.0913-69395.5054
 -310.1195   -1.9192-61302.0228
 -321.0298   -2.0199-62665.9535
 -408.2643   -1.5818-76317.7672
 -398.2560   -1.9114-74552.8783
 -437.9660   -1.8110-79745.2693
 -402.9772   -1.8842-75747.1961
 -367.7646   -1.7661-65605.9795
 -392.9406   -1.8913-69484.2021
 -317.1051   -2.1952-63761.7220
 -355.6015   -1.8014-64450.3268
 -438.2688   -2.1205-87348.6010
 -334.7339   -2.0407-65124.3183
 -514.0293   -1.5443-93643.6527
 -526.1093   -1.9176-98663.7705
 -555.0826   -1.4101-91162.3449
 -653.9760   -1.1215-96005.8355
 -613.3157   -1.3545-102903.8092
 -574.5688   -1.4762-99854.6710
 -596.1996   -1.5851-97568.0584
 -673.8733   -1.3085-96609.9429
 -570.9253   -1.5720-97057.6408
 -453.6160   -1.8559-85374.7271
 -512.3685   -1.7799-93175.9066
 -384.8236   -1.8510-77997.5467
 -536.0149   -1.7113-96497.9814
 -289.9712   -1.9717-66399.4183
 -596.7186   -0.9982-92484.7776
 -390.5278   -0.8869-64360.6166
 -429.9865   -0.7968-68899.7837
 -397.0291   -1.0850-76450.3138
 -510.7809   -1.4934-100257.4090
 -492.1532   -1.6440-98756.4423
 -683.0284   -1.0246-88213.3099
 -509.7121   -1.4246-100797.3377

 Input data matrix of corresponding Pareto front:
        x1        x2        x3        x4        x5        x6
    0.0000    0.3900    0.1300    0.0700    0.0300    0.3800
    0.0000    0.0000    0.0000    0.0000    0.0000    1.0000
    0.0100    0.3900    0.0000    0.0200    0.0100    0.5700
    0.5100    0.0100    0.0700    0.0200    0.1100    0.2800
    0.0000    0.0000    0.0000    0.0200    0.0000    0.9800
    0.3700    0.4700    0.1000    0.0000    0.0600    0.0000
    0.3500    0.0000    0.0000    0.0100    0.0000    0.6400
    0.3900    0.0000    0.0000    0.0200    0.0100    0.5800
    0.3400    0.1400    0.0000    0.0000    0.1300    0.3900
    0.3300    0.1200    0.0000    0.0000    0.1300    0.4200
    0.3900    0.0000    0.0000    0.0000    0.2200    0.3900
    0.3900    0.3100    0.0000    0.0000    0.2200    0.0800
    0.3500    0.0000    0.0000    0.0000    0.2100    0.4400

 Output data matrix of corresponding Pareto front:
        f1        f2        f3
 -492.2164   -2.0354-77476.1977
 -307.5914   -2.9333-68673.8814
 -374.3907   -2.1313-72005.0906
 -559.4404   -1.5604-98460.5528
 -350.2734   -2.6724-74202.1381
 -619.8270   -1.3159-92324.8900
 -438.2688   -2.1205-87348.6010
 -526.1093   -1.9176-98663.7705
 -613.3157   -1.3545-102903.8092
 -574.5688   -1.4762-99854.6710
 -596.1996   -1.5851-97568.0584
 -673.8733   -1.3085-96609.9429
 -536.0149   -1.7113-96497.9814

 Input data matrix of Pareto front of final Gaussian process model:
        x1        x2        x3        x4        x5        x6
    0.0000    0.0000    0.0000    0.0000    0.0000    1.0000
    0.3696    0.4246    0.0000    0.0066    0.1992    0.0000
    0.4421    0.0447    0.0000    0.0078    0.1553    0.3500
    0.0000    0.0000    0.0000    1.0000    0.0000    0.0000
    0.0000    0.0000    0.0000    0.0000    0.0000    1.0000
    0.0439    0.1966    0.0000    0.7034    0.0543    0.0019
    0.0393    0.0026    0.0000    0.0404    0.0398    0.8778
    0.1316    0.0696    0.0000    0.0233    0.0264    0.7491
    0.3238    0.0954    0.0000    0.0011    0.2262    0.3534
    0.0001    0.0080    0.0000    0.0000    0.0042    0.9878
    0.0000    0.1845    0.0000    0.8088    0.0034    0.0034
    0.0286    0.1154    0.0000    0.2693    0.0749    0.5118
    0.2699    0.4151    0.0000    0.0534    0.2095    0.0522
    0.0076    0.0952    0.0000    0.2837    0.0789    0.5346
    0.0335    0.1156    0.0000    0.7866    0.0498    0.0145
    0.3003    0.0683    0.0000    0.0031    0.1928    0.4355
    0.0000    0.0275    0.0000    0.0000    0.0981    0.8743
    0.0237    0.0347    0.0000    0.7983    0.1433    0.0000
    0.0281    0.1309    0.0000    0.6872    0.0870    0.0667
    0.0364    0.1442    0.0000    0.7803    0.0233    0.0157
    0.0757    0.0008    0.0000    0.0053    0.1643    0.7538
    0.1627    0.0000    0.0000    0.0000    0.0237    0.8136
    0.1241    0.0400    0.0000    0.0709    0.0634    0.7016
    0.3831    0.2045    0.0000    0.0329    0.1238    0.2557
    0.0277    0.0000    0.0000    0.0081    0.0682    0.8961
    0.0000    0.2252    0.0000    0.0028    0.0445    0.7274
    0.0093    0.0148    0.0000    0.3495    0.1376    0.4888
    0.0499    0.1733    0.0000    0.7405    0.0088    0.0275
    0.0038    0.0042    0.0000    0.0000    0.0451    0.9469
    0.0000    0.0000    0.0000    0.0267    0.0653    0.9079
    0.4061    0.1123    0.0000    0.0384    0.1446    0.2986
    0.0375    0.0025    0.0000    0.0445    0.0640    0.8516
    0.0084    0.0846    0.0000    0.0799    0.0023    0.8248
    0.0000    0.0749    0.0000    0.7938    0.0502    0.0811
    0.4094    0.2439    0.0000    0.0268    0.0700    0.2499
    0.0000    0.0409    0.0000    0.9418    0.0046    0.0127
    0.3393    0.2551    0.0000    0.0120    0.2309    0.1627
    0.0268    0.0605    0.0000    0.0111    0.1279    0.7737
    0.0015    0.0710    0.0000    0.0130    0.0076    0.9070
    0.0000    0.0590    0.0000    0.6249    0.1707    0.1455
    0.3235    0.2783    0.0000    0.0781    0.3201    0.0000
    0.1562    0.0214    0.0000    0.8022    0.0202    0.0000
    0.3452    0.3966    0.0000    0.0061    0.2256    0.0265
    0.0271    0.0300    0.0000    0.0531    0.0582    0.8316
    0.0370    0.2775    0.0000    0.5814    0.0942    0.0099
    0.0438    0.1301    0.0000    0.1322    0.0023    0.6916
    0.0411    0.1972    0.0000    0.6460    0.1047    0.0109
    0.1783    0.2530    0.0000    0.4627    0.1009    0.0050
    0.4281    0.2819    0.0000    0.0181    0.2720    0.0000
    0.3702    0.2392    0.0000    0.0113    0.2269    0.1525
    0.3887    0.0000    0.0000    0.0642    0.1084    0.4388
    0.0874    0.0000    0.0000    0.9098    0.0028    0.0000
    0.0548    0.0000    0.0000    0.9452    0.0000    0.0000
    0.0001    0.0210    0.0000    0.0000    0.0112    0.9677
    0.0701    0.1581    0.0000    0.1113    0.1127    0.5478
    0.0048    0.0043    0.0000    0.2526    0.0400    0.6983
    0.0550    0.0817    0.0000    0.8633    0.0000    0.0000
    0.3720    0.2814    0.0000    0.0075    0.2329    0.1062
    0.0500    0.1063    0.0000    0.8191    0.0238    0.0008
    0.0001    0.0036    0.0000    0.0000    0.0114    0.9849
    0.0269    0.0000    0.0000    0.0360    0.0662    0.8710
    0.3072    0.1537    0.0000    0.1758    0.0000    0.3634
    0.0660    0.1502    0.0000    0.5255    0.1794    0.0789
    0.0949    0.0505    0.0000    0.2641    0.0928    0.4977
    0.0164    0.3889    0.0000    0.0263    0.2287    0.3397
    0.0239    0.1131    0.0000    0.0371    0.0506    0.7753
    0.3825    0.0727    0.0000    0.0164    0.1740    0.3544
    0.3615    0.1847    0.0000    0.1688    0.0000    0.2850
    0.0279    0.0000    0.0000    0.0000    0.0687    0.9034
    0.5053    0.0358    0.0000    0.0048    0.1021    0.3520
    0.4894    0.0221    0.0000    0.0046    0.4839    0.0000
    0.4286    0.1462    0.0000    0.0130    0.1833    0.2289
    0.0082    0.1597    0.0000    0.1848    0.1829    0.4644
    0.0084    0.0000    0.0000    0.0872    0.1694    0.7349
    0.1305    0.1851    0.0000    0.6495    0.0312    0.0037
    0.3291    0.4414    0.0000    0.0068    0.2227    0.0000
    0.2993    0.2506    0.0000    0.1485    0.3016    0.0000
    0.0148    0.0109    0.0000    0.0058    0.0316    0.9369
    0.3085    0.3134    0.0000    0.1440    0.0639    0.1702
    0.3435    0.3761    0.0000    0.0071    0.2053    0.0680
    0.3366    0.1248    0.0000    0.0654    0.1142    0.3590
    0.2962    0.2537    0.0000    0.4285    0.0216    0.0000
    0.0204    0.3349    0.0000    0.1620    0.1473    0.3355
    0.2716    0.1577    0.0000    0.0909    0.2251    0.2547
    0.1100    0.1959    0.0000    0.0492    0.0221    0.6228
    0.1046    0.0238    0.0000    0.0160    0.7370    0.1186
    0.2132    0.0204    0.0000    0.7621    0.0043    0.0000
    0.3541    0.1825    0.0000    0.0546    0.1917    0.2171
    0.4010    0.3282    0.0000    0.0169    0.2539    0.0000
    0.1227    0.1854    0.0000    0.3113    0.3064    0.0742
    0.3040    0.2302    0.0000    0.1509    0.3149    0.0000
    0.0549    0.0065    0.0000    0.8919    0.0097    0.0370
    0.2696    0.4079    0.0000    0.0077    0.2817    0.0331
    0.0144    0.0578    0.0000    0.0056    0.0186    0.9037
    0.0000    0.0160    0.0000    0.9840    0.0000    0.0000
    0.0000    0.1379    0.0000    0.7237    0.0917    0.0467
    0.3293    0.0447    0.0000    0.0682    0.1339    0.4238
    0.1079    0.2530    0.0000    0.0173    0.0264    0.5954
    0.0169    0.0000    0.0000    0.0000    0.0168    0.9663
    0.1216    0.0137    0.0000    0.0042    0.0244    0.8361
    0.2990    0.2483    0.0000    0.0462    0.0902    0.3162
    0.4149    0.0719    0.0000    0.0415    0.0342    0.4375
    0.0170    0.0051    0.0000    0.0201    0.1347    0.8231
    0.1658    0.2955    0.0000    0.0302    0.1383    0.3701
    0.0248    0.0325    0.0000    0.6811    0.0037    0.2580
    0.4116    0.2935    0.0000    0.0184    0.2765    0.0000
    0.0318    0.0021    0.0000    0.0328    0.1119    0.8213
    0.3982    0.2765    0.0000    0.0276    0.0722    0.2254
    0.3734    0.3088    0.0000    0.0198    0.2980    0.0000
    0.3034    0.3502    0.0000    0.0602    0.2648    0.0213
    0.0568    0.1006    0.0000    0.4273    0.0734    0.3419
    0.3344    0.2425    0.0000    0.1143    0.0741    0.2347
    0.0251    0.1096    0.0000    0.3925    0.0310    0.4418
    0.2997    0.0979    0.0000    0.0982    0.0454    0.4588
    0.0518    0.2227    0.0000    0.6546    0.0183    0.0527
    0.2003    0.2550    0.0000    0.0645    0.4802    0.0000
    0.3905    0.3688    0.0000    0.0071    0.2336    0.0000
    0.0064    0.1481    0.0000    0.3311    0.1012    0.4132
    0.1626    0.2350    0.0000    0.1459    0.0170    0.4396
    0.0353    0.0166    0.0000    0.7780    0.0233    0.1468
    0.2806    0.2533    0.0000    0.0505    0.1299    0.2857
    0.0978    0.0034    0.0000    0.7807    0.0605    0.0576
    0.3237    0.0789    0.0000    0.1615    0.0311    0.4049
    0.0766    0.0105    0.0000    0.0252    0.8223    0.0655
    0.3928    0.1936    0.0000    0.0490    0.3646    0.0000
    0.0168    0.0000    0.0000    0.0000    0.0278    0.9554
    0.0025    0.2421    0.0000    0.1658    0.3281    0.2615
    0.1892    0.0121    0.0000    0.2860    0.1126    0.4001
    0.3215    0.0325    0.0000    0.0388    0.1130    0.4941
    0.0961    0.3613    0.0000    0.0988    0.0972    0.3466
    0.1046    0.1475    0.0000    0.5957    0.1007    0.0516
    0.1536    0.0090    0.0000    0.1194    0.0093    0.7087
    0.1557    0.1897    0.0000    0.6082    0.0462    0.0001
    0.3533    0.2162    0.0000    0.1669    0.0819    0.1817
    0.4277    0.2641    0.0000    0.0374    0.1911    0.0797
    0.1546    0.3287    0.0000    0.0144    0.1323    0.3700
    0.2840    0.3169    0.0000    0.1384    0.2607    0.0000
    0.3647    0.3309    0.0000    0.0176    0.2540    0.0328
    0.3623    0.2072    0.0000    0.0328    0.1720    0.2257
    0.3403    0.3639    0.0000    0.0209    0.2534    0.0215
    0.1979    0.2317    0.0000    0.4636    0.1067    0.0000
    0.1747    0.1210    0.0000    0.0073    0.1808    0.5161
    0.3182    0.2112    0.0000    0.2943    0.1762    0.0000
    0.0114    0.0000    0.0000    0.0000    0.0280    0.9607
    0.0100    0.0000    0.0000    0.0084    0.0460    0.9356
    0.0892    0.2831    0.0000    0.5011    0.0803    0.0462
    0.1360    0.2479    0.0000    0.6057    0.0072    0.0032
    0.4123    0.2836    0.0000    0.0481    0.2170    0.0391
    0.1108    0.0768    0.0000    0.6222    0.1328    0.0574
    0.0000    0.0842    0.0000    0.8966    0.0072    0.0120
    0.3049    0.0000    0.0000    0.0032    0.2497    0.4422
    0.3375    0.1517    0.0000    0.0136    0.2039    0.2933
    0.3638    0.2578    0.0000    0.0121    0.2019    0.1644
    0.0867    0.0036    0.0000    0.8116    0.0982    0.0000
    0.4205    0.3144    0.0000    0.0028    0.2623    0.0000
    0.2977    0.2417    0.0000    0.1685    0.2922    0.0000
    0.2686    0.1769    0.0000    0.3838    0.1707    0.0000
    0.4616    0.1734    0.0000    0.0382    0.2364    0.0904
    0.1773    0.1733    0.0000    0.6115    0.0378    0.0002
    0.3835    0.2423    0.0000    0.0089    0.2801    0.0852
    0.3433    0.2952    0.0000    0.0428    0.3187    0.0000
    0.0223    0.0292    0.0000    0.6730    0.0033    0.2721
    0.3351    0.0000    0.0000    0.0037    0.2447    0.4165
    0.3251    0.2526    0.0000    0.0878    0.1576    0.1768
    0.0062    0.0057    0.0000    0.0222    0.0524    0.9136
    0.0109    0.0000    0.0000    0.0460    0.0241    0.9190
    0.1484    0.0339    0.0000    0.0904    0.1631    0.5641
    0.3815    0.2618    0.0000    0.0716    0.0692    0.2159
    0.3166    0.0825    0.0000    0.0651    0.1675    0.3683
    0.2843    0.2058    0.0000    0.0010    0.1986    0.3103
    0.4319    0.1194    0.0000    0.0409    0.1538    0.2540
    0.2655    0.1629    0.0000    0.1863    0.0000    0.3853
    0.3391    0.4134    0.0000    0.0356    0.2119    0.0000
    0.0760    0.1595    0.0000    0.1360    0.1172    0.5113
    0.0597    0.2100    0.0000    0.6461    0.0412    0.0429
    0.0627    0.0000    0.0000    0.0594    0.1331    0.7449
    0.0915    0.0854    0.0000    0.2544    0.0894    0.4794
    0.0115    0.0000    0.0000    0.0000    0.0169    0.9716
    0.3685    0.1668    0.0000    0.0124    0.1855    0.2668
    0.3228    0.1975    0.0000    0.0789    0.2018    0.1990
    0.3951    0.0685    0.0000    0.1835    0.0000    0.3529
    0.0346    0.0736    0.0000    0.7199    0.0280    0.1439
    0.2091    0.1442    0.0000    0.0284    0.2206    0.3977
    0.0535    0.0311    0.0000    0.8698    0.0094    0.0361
    0.0917    0.2181    0.0000    0.2939    0.2081    0.1883
    0.0247    0.0328    0.0000    0.7640    0.0297    0.1488
    0.0121    0.0374    0.0000    0.8615    0.0890    0.0000
    0.0475    0.0700    0.0000    0.0198    0.0301    0.8327
    0.5198    0.3264    0.0000    0.0649    0.0889    0.0000
    0.1091    0.0351    0.0000    0.0623    0.1771    0.6165
    0.1670    0.1890    0.0000    0.3968    0.0912    0.1560
    0.3265    0.0175    0.0000    0.0675    0.1326    0.4558
    0.0000    0.0560    0.0000    0.4539    0.0969    0.3932
    0.0348    0.0023    0.0000    0.0358    0.1500    0.7771
    0.0325    0.0088    0.0000    0.8973    0.0260    0.0355
    0.5330    0.1059    0.0000    0.0225    0.3386    0.0000
    0.2843    0.1492    0.0000    0.0388    0.2772    0.2505
    0.0062    0.0056    0.0000    0.0225    0.0523    0.9132
    0.0972    0.0034    0.0000    0.7758    0.0664    0.0572
    0.3742    0.2832    0.0000    0.0067    0.3072    0.0288

 Output data matrix of Pareto front of final Gaussian process model:
        f1        f2        f3
 -281.3360   -2.7580-64568.6526
 -650.3850   -0.9876-88137.8903
 -517.6606   -1.4711-98934.8275
 -382.1766   -0.1213-36387.1848
 -281.3360   -2.7580-64568.6526
 -423.0159   -0.4241-44523.6828
 -294.0488   -2.3412-56550.6199
 -319.3603   -2.1123-65897.8550
 -522.2594   -1.4449-92586.0397
 -281.8838   -2.7277-63416.1944
 -397.8020   -0.3730-38473.8800
 -347.4807   -1.9430-68643.9404
 -610.2929   -1.0961-85709.4368
 -341.5349   -1.9609-67371.1273
 -407.1689   -0.3419-42225.3189
 -491.7200   -1.6600-92276.3584
 -302.6740   -2.3296-51153.6628
 -419.7323   -0.1964-49528.8385
 -414.6612   -0.5652-48923.6625
 -402.1360   -0.3843-40847.8282
 -338.9214   -2.0000-62955.5345
 -322.6610   -2.1469-65661.9230
 -332.5121   -2.0373-66685.6098
 -556.8718   -1.3408-96423.8251
 -296.3680   -2.3849-53331.3874
 -317.7906   -2.1912-59274.2708
 -353.0586   -1.8929-71850.1287
 -400.2716   -0.4797-41730.4962
 -288.5174   -2.5741-56182.3894
 -293.6243   -2.4319-53080.8454
 -538.8194   -1.3773-98537.7312
 -300.0298   -2.2496-54479.0249
 -290.6847   -2.2924-60154.3528
 -390.9708   -0.5180-42940.1449
 -544.4245   -1.3790-91138.1486
 -384.5875   -0.2128-36964.9607
 -595.5252   -1.1355-90889.3975
 -324.3874   -2.0949-57269.3050
 -285.2986   -2.5280-59798.6024
 -411.4983   -0.7428-60676.8993
 -604.9343   -0.7891-76435.9025
 -418.1428   -0.2233-45972.1483
 -641.6554   -1.0312-87227.0686
 -300.3334   -2.2269-55038.1575
 -450.3035   -0.6026-50925.9390
 -304.9592   -2.1331-64778.0050
 -441.6458   -0.4750-50401.0978
 -495.7606   -0.6208-62687.4475
 -623.8746   -0.8347-81670.1222
 -599.5235   -1.1025-91570.1631
 -484.6916   -1.7352-95151.5185
 -392.8553   -0.1622-39772.8637
 -387.0120   -0.1462-38051.7003
 -283.1171   -2.6764-61513.5525
 -367.2826   -1.9021-73183.0615
 -308.7074   -2.0858-61605.0180
 -392.6176   -0.2373-38946.4817
 -616.0965   -1.0682-89614.5844
 -401.5025   -0.2765-40363.1887
 -282.8495   -2.7107-62285.5521
 -297.9231   -2.3057-53635.5970
 -446.2622   -1.6362-79603.3829
 -456.2980   -0.6703-63159.7357
 -359.9306   -1.9080-73633.5832
 -477.4470   -1.5534-80994.6217
 -306.9119   -2.1837-57471.5779
 -526.0072   -1.4758-97964.8738
 -481.3133   -1.4553-79928.5501
 -295.9354   -2.4087-53306.6476
